-20 2.94781e+19 1.017e-11 -1.017e-11 1.017e-11 1.21293e-06 4.97365e-06 1.41458e-31 0.591094 0.4089 3.94761e-15 2.50718e+35 
-19.9499 3.09926e+19 9.67303e-12 -9.67299e-12 9.67299e-12 1.27524e-06 5.22918e-06 1.72847e-31 0.591093 0.4089 4.36366e-15 2.38466e+35 
-19.8998 3.25849e+19 9.20035e-12 -9.20032e-12 9.20032e-12 1.34076e-06 5.49783e-06 2.112e-31 0.591093 0.4089 4.82355e-15 2.26813e+35 
-19.8497 3.4259e+19 8.75077e-12 -8.75073e-12 8.75073e-12 1.40964e-06 5.78029e-06 2.58063e-31 0.591093 0.4089 5.33192e-15 2.1573e+35 
-19.7996 3.60191e+19 8.32315e-12 -8.32312e-12 8.32312e-12 1.48206e-06 6.07725e-06 3.15326e-31 0.591093 0.4089 5.89386e-15 2.05188e+35 
-19.7495 3.78697e+19 7.91644e-12 -7.9164e-12 7.9164e-12 1.5582e-06 6.38948e-06 3.85294e-31 0.591093 0.408899 6.51502e-15 1.95161e+35 
-19.6994 3.98153e+19 7.52959e-12 -7.52956e-12 7.52956e-12 1.63826e-06 6.71775e-06 4.70787e-31 0.591092 0.408899 7.20165e-15 1.85624e+35 
-19.6493 4.18608e+19 7.16166e-12 -7.16162e-12 7.16162e-12 1.72243e-06 7.06288e-06 5.75251e-31 0.591092 0.408899 7.96065e-15 1.76554e+35 
-19.5992 4.40115e+19 6.8117e-12 -6.81166e-12 6.81166e-12 1.81092e-06 7.42574e-06 7.02895e-31 0.591092 0.408899 8.79964e-15 1.67926e+35 
-19.5491 4.62726e+19 6.47884e-12 -6.47881e-12 6.47881e-12 1.90395e-06 7.80724e-06 8.58862e-31 0.591092 0.408899 9.72705e-15 1.5972e+35 
-19.499 4.86499e+19 6.16225e-12 -6.16221e-12 6.16221e-12 2.00177e-06 8.20835e-06 1.04944e-30 0.591091 0.408899 1.07522e-14 1.51916e+35 
-19.4489 5.11494e+19 5.86112e-12 -5.86109e-12 5.86109e-12 2.10462e-06 8.63006e-06 1.2823e-30 0.591091 0.408898 1.18854e-14 1.44492e+35 
-19.3988 5.37773e+19 5.57472e-12 -5.57468e-12 5.57468e-12 2.21274e-06 9.07344e-06 1.56683e-30 0.591091 0.408898 1.3138e-14 1.37431e+35 
-19.3487 5.65402e+19 5.3023e-12 -5.30227e-12 5.30227e-12 2.32642e-06 9.53959e-06 1.91449e-30 0.59109 0.408898 1.45227e-14 1.30716e+35 
-19.2986 5.9445e+19 5.0432e-12 -5.04317e-12 5.04317e-12 2.44594e-06 1.00297e-05 2.3393e-30 0.59109 0.408898 1.60532e-14 1.24328e+35 
-19.2485 6.2499e+19 4.79676e-12 -4.79673e-12 4.79673e-12 2.57161e-06 1.0545e-05 2.85838e-30 0.59109 0.408897 1.77451e-14 1.18253e+35 
-19.1984 6.571e+19 4.56237e-12 -4.56234e-12 4.56234e-12 2.70373e-06 1.10867e-05 3.49263e-30 0.591089 0.408897 1.96153e-14 1.12474e+35 
-19.1483 6.90859e+19 4.33943e-12 -4.33939e-12 4.33939e-12 2.84263e-06 1.16563e-05 4.26761e-30 0.591089 0.408897 2.16826e-14 1.06978e+35 
-19.0982 7.26353e+19 4.12738e-12 -4.12735e-12 4.12735e-12 2.98867e-06 1.22552e-05 5.21456e-30 0.591088 0.408896 2.39677e-14 1.0175e+35 
-19.0481 7.63671e+19 3.92569e-12 -3.92566e-12 3.92566e-12 3.14222e-06 1.28848e-05 6.37162e-30 0.591088 0.408896 2.64937e-14 9.67783e+34 
-18.998 8.02905e+19 3.73386e-12 -3.73383e-12 3.73383e-12 3.30365e-06 1.35468e-05 7.78543e-30 0.591087 0.408896 2.92859e-14 9.20492e+34 
-18.9479 8.44155e+19 3.5514e-12 -3.55137e-12 3.55137e-12 3.47338e-06 1.42427e-05 9.51295e-30 0.591087 0.408895 3.23724e-14 8.75511e+34 
-18.8978 8.87525e+19 3.37786e-12 -3.37783e-12 3.37783e-12 3.65182e-06 1.49745e-05 1.16238e-29 0.591086 0.408895 3.57842e-14 8.32728e+34 
-18.8477 9.33123e+19 3.2128e-12 -3.21277e-12 3.21277e-12 3.83944e-06 1.57438e-05 1.4203e-29 0.591086 0.408895 3.95556e-14 7.92036e+34 
-18.7976 9.81063e+19 3.05581e-12 -3.05578e-12 3.05578e-12 4.03669e-06 1.65526e-05 1.73545e-29 0.591085 0.408894 4.37244e-14 7.53333e+34 
-18.7475 1.03147e+20 2.90648e-12 -2.90645e-12 2.90645e-12 4.24408e-06 1.7403e-05 2.12053e-29 0.591084 0.408894 4.83325e-14 7.1652e+34 
-18.6974 1.08446e+20 2.76446e-12 -2.76443e-12 2.76443e-12 4.46212e-06 1.82971e-05 2.59106e-29 0.591084 0.408893 5.34264e-14 6.81507e+34 
-18.6473 1.14017e+20 2.62937e-12 -2.62934e-12 2.62934e-12 4.69136e-06 1.92371e-05 3.166e-29 0.591083 0.408893 5.9057e-14 6.48205e+34 
-18.5972 1.19875e+20 2.50089e-12 -2.50085e-12 2.50085e-12 4.93238e-06 2.02254e-05 3.8685e-29 0.591082 0.408892 6.52811e-14 6.16529e+34 
-18.5471 1.26034e+20 2.37868e-12 -2.37865e-12 2.37865e-12 5.18578e-06 2.12645e-05 4.72689e-29 0.591082 0.408892 7.21611e-14 5.86402e+34 
-18.497 1.32509e+20 2.26244e-12 -2.26241e-12 2.26241e-12 5.4522e-06 2.2357e-05 5.77574e-29 0.591081 0.408891 7.97663e-14 5.57747e+34 
-18.4469 1.39317e+20 2.15189e-12 -2.15186e-12 2.15186e-12 5.73231e-06 2.35056e-05 7.05732e-29 0.59108 0.408891 8.81729e-14 5.30492e+34 
-18.3968 1.46474e+20 2.04674e-12 -2.04671e-12 2.04671e-12 6.0268e-06 2.47132e-05 8.62327e-29 0.591079 0.40889 9.74655e-14 5.04569e+34 
-18.3467 1.54e+20 1.94672e-12 -1.94669e-12 1.94669e-12 6.33643e-06 2.59828e-05 1.05367e-28 0.591078 0.408889 1.07737e-13 4.79913e+34 
-18.2966 1.61912e+20 1.8516e-12 -1.85157e-12 1.85157e-12 6.66196e-06 2.73176e-05 1.28747e-28 0.591077 0.408889 1.19092e-13 4.56462e+34 
-18.2465 1.7023e+20 1.76112e-12 -1.76109e-12 1.76109e-12 7.00422e-06 2.87211e-05 1.57315e-28 0.591076 0.408888 1.31643e-13 4.34156e+34 
-18.1964 1.78976e+20 1.67506e-12 -1.67503e-12 1.67503e-12 7.36406e-06 3.01966e-05 1.92221e-28 0.591075 0.408887 1.45517e-13 4.12941e+34 
-18.1463 1.88171e+20 1.59321e-12 -1.59318e-12 1.59318e-12 7.74238e-06 3.17479e-05 2.34873e-28 0.591074 0.408887 1.60853e-13 3.92762e+34 
-18.0962 1.97838e+20 1.51536e-12 -1.51533e-12 1.51533e-12 8.14014e-06 3.3379e-05 2.86989e-28 0.591073 0.408886 1.77805e-13 3.73569e+34 
-18.0461 2.08002e+20 1.44131e-12 -1.44128e-12 1.44128e-12 8.55833e-06 3.50938e-05 3.50669e-28 0.591071 0.408885 1.96544e-13 3.55315e+34 
-17.996 2.18689e+20 1.37088e-12 -1.37085e-12 1.37085e-12 8.99801e-06 3.68967e-05 4.28479e-28 0.59107 0.408884 2.17258e-13 3.37952e+34 
-17.9459 2.29924e+20 1.30389e-12 -1.30386e-12 1.30386e-12 9.46027e-06 3.87922e-05 5.23554e-28 0.591069 0.408883 2.40155e-13 3.21438e+34 
-17.8958 2.41736e+20 1.24018e-12 -1.24015e-12 1.24015e-12 9.94628e-06 4.07851e-05 6.39725e-28 0.591067 0.408882 2.65465e-13 3.0573e+34 
-17.8457 2.54156e+20 1.17958e-12 -1.17955e-12 1.17955e-12 1.04573e-05 4.28804e-05 7.81673e-28 0.591066 0.408881 2.93442e-13 2.9079e+34 
-17.7956 2.67213e+20 1.12194e-12 -1.12191e-12 1.12191e-12 1.09945e-05 4.50833e-05 9.55117e-28 0.591064 0.40888 3.24368e-13 2.76581e+34 
-17.7455 2.80941e+20 1.06711e-12 -1.06708e-12 1.06708e-12 1.15593e-05 4.73994e-05 1.16705e-27 0.591062 0.408879 3.58553e-13 2.63065e+34 
-17.6954 2.95375e+20 1.01497e-12 -1.01494e-12 1.01494e-12 1.21532e-05 4.98345e-05 1.426e-27 0.591061 0.408877 3.9634e-13 2.5021e+34 
-17.6453 3.1055e+20 9.65375e-13 -9.65344e-13 9.65344e-13 1.27775e-05 5.23946e-05 1.74242e-27 0.591059 0.408876 4.3811e-13 2.37984e+34 
-17.5952 3.26505e+20 9.18203e-13 -9.18171e-13 9.18171e-13 1.34339e-05 5.50863e-05 2.12904e-27 0.591057 0.408875 4.84282e-13 2.26354e+34 
-17.5451 3.43279e+20 8.73335e-13 -8.73304e-13 8.73304e-13 1.4124e-05 5.79162e-05 2.60144e-27 0.591055 0.408873 5.3532e-13 2.15293e+34 
-17.495 3.60915e+20 8.30661e-13 -8.30629e-13 8.30629e-13 1.48496e-05 6.08915e-05 3.17867e-27 0.591053 0.408872 5.91736e-13 2.04773e+34 
-17.4449 3.79457e+20 7.90071e-13 -7.9004e-13 7.9004e-13 1.56125e-05 6.40197e-05 3.88398e-27 0.59105 0.40887 6.54098e-13 1.94766e+34 
-17.3948 3.98952e+20 7.51465e-13 -7.51434e-13 7.51434e-13 1.64145e-05 6.73085e-05 4.74579e-27 0.591048 0.408868 7.23032e-13 1.85249e+34 
-17.3447 4.19449e+20 7.14746e-13 -7.14714e-13 7.14714e-13 1.72578e-05 7.07663e-05 5.79882e-27 0.591045 0.408867 7.99231e-13 1.76197e+34 
-17.2946 4.40998e+20 6.79821e-13 -6.79789e-13 6.79789e-13 1.81444e-05 7.44017e-05 7.0855e-27 0.591043 0.408865 8.8346e-13 1.67587e+34 
-17.2445 4.63654e+20 6.46602e-13 -6.46571e-13 6.46571e-13 1.90765e-05 7.82238e-05 8.65768e-27 0.59104 0.408863 9.76565e-13 1.59397e+34 
-17.1944 4.87474e+20 6.15007e-13 -6.14975e-13 6.14975e-13 2.00564e-05 8.22422e-05 1.05787e-26 0.591037 0.408861 1.07948e-12 1.51608e+34 
-17.1443 5.12518e+20 5.84956e-13 -5.84924e-13 5.84924e-13 2.10868e-05 8.64671e-05 1.2926e-26 0.591034 0.408859 1.19325e-12 1.442e+34 
-17.0942 5.38849e+20 5.56373e-13 -5.56341e-13 5.56341e-13 2.217e-05 9.09089e-05 1.5794e-26 0.59103 0.408856 1.319e-12 1.37153e+34 
-17.0441 5.66532e+20 5.29187e-13 -5.29155e-13 5.29155e-13 2.33089e-05 9.5579e-05 1.92985e-26 0.591027 0.408854 1.458e-12 1.30451e+34 
-16.994 5.95638e+20 5.03329e-13 -5.03297e-13 5.03297e-13 2.45063e-05 0.000100489 2.35806e-26 0.591023 0.408852 1.61165e-12 1.24077e+34 
-16.9439 6.26239e+20 4.78735e-13 -4.78703e-13 4.78703e-13 2.57651e-05 0.000105651 2.88127e-26 0.59102 0.408849 1.7815e-12 1.18013e+34 
-16.8938 6.58411e+20 4.55343e-13 -4.55311e-13 4.55311e-13 2.70887e-05 0.000111078 3.52058e-26 0.591016 0.408846 1.96924e-12 1.12247e+34 
-16.8437 6.92237e+20 4.33093e-13 -4.33062e-13 4.33062e-13 2.84802e-05 0.000116784 4.30174e-26 0.591011 0.408843 2.17677e-12 1.06762e+34 
-16.7936 7.278e+20 4.11931e-13 -4.119e-13 4.119e-13 2.99432e-05 0.000122783 5.25623e-26 0.591007 0.40884 2.40616e-12 1.01545e+34 
-16.7435 7.65191e+20 3.91804e-13 -3.91772e-13 3.91772e-13 3.14813e-05 0.00012909 6.42249e-26 0.591002 0.408837 2.65974e-12 9.65824e+33 
-16.6934 8.04502e+20 3.72659e-13 -3.72628e-13 3.72628e-13 3.30984e-05 0.000135721 7.84753e-26 0.590997 0.408834 2.94003e-12 9.18628e+33 
-16.6433 8.45832e+20 3.54451e-13 -3.54419e-13 3.54419e-13 3.47986e-05 0.000142693 9.58875e-26 0.590992 0.40883 3.24986e-12 8.73739e+33 
-16.5932 8.89286e+20 3.37132e-13 -3.371e-13 3.371e-13 3.65861e-05 0.000150023 1.17163e-25 0.590987 0.408826 3.59233e-12 8.31043e+33 
-16.5431 9.34972e+20 3.20659e-13 -3.20627e-13 3.20627e-13 3.84654e-05 0.000157729 1.43159e-25 0.590981 0.408822 3.9709e-12 7.90433e+33 
-16.493 9.83005e+20 3.04991e-13 -3.0496e-13 3.0496e-13 4.04412e-05 0.000165831 1.74924e-25 0.590975 0.408818 4.38936e-12 7.51808e+33 
-16.4429 1.03351e+21 2.90089e-13 -2.90058e-13 2.90058e-13 4.25185e-05 0.000174349 2.13736e-25 0.590969 0.408814 4.85191e-12 7.1507e+33 
-16.3928 1.0866e+21 2.75915e-13 -2.75884e-13 2.75884e-13 4.47024e-05 0.000183304 2.61159e-25 0.590963 0.408809 5.36321e-12 6.80127e+33 
-16.3427 1.14242e+21 2.62434e-13 -2.62402e-13 2.62402e-13 4.69985e-05 0.000192719 3.19104e-25 0.590956 0.408805 5.92838e-12 6.46892e+33 
-16.2926 1.20111e+21 2.49611e-13 -2.4958e-13 2.4958e-13 4.94125e-05 0.000202618 3.89906e-25 0.590948 0.4088 6.5531e-12 6.15281e+33 
-16.2425 1.26282e+21 2.37415e-13 -2.37384e-13 2.37384e-13 5.19505e-05 0.000213025 4.76418e-25 0.590941 0.408794 7.24366e-12 5.85215e+33 
-16.1924 1.32769e+21 2.25815e-13 -2.25784e-13 2.25784e-13 5.46188e-05 0.000223966 5.82123e-25 0.590933 0.408789 8.00698e-12 5.56617e+33 
-16.1423 1.3959e+21 2.14782e-13 -2.14751e-13 2.14751e-13 5.74241e-05 0.00023547 7.11282e-25 0.590924 0.408783 8.85072e-12 5.29418e+33 
-16.0922 1.46761e+21 2.04288e-13 -2.04257e-13 2.04257e-13 6.03734e-05 0.000247564 8.69097e-25 0.590915 0.408777 9.78337e-12 5.03547e+33 
-16.0421 1.54301e+21 1.94307e-13 -1.94276e-13 1.94276e-13 6.34742e-05 0.000260278 1.06193e-24 0.590906 0.40877 1.08143e-11 4.78941e+33 
-15.992 1.62227e+21 1.84814e-13 -1.84782e-13 1.84782e-13 6.67341e-05 0.000273646 1.29754e-24 0.590896 0.408764 1.19538e-11 4.55537e+33 
-15.9419 1.70561e+21 1.75784e-13 -1.75753e-13 1.75753e-13 7.01615e-05 0.0002877 1.58542e-24 0.590886 0.408756 1.32135e-11 4.33276e+33 
-15.8918 1.79323e+21 1.67196e-13 -1.67164e-13 1.67164e-13 7.37648e-05 0.000302475 1.93718e-24 0.590875 0.408749 1.46058e-11 4.12104e+33 
-15.8417 1.88535e+21 1.59027e-13 -1.58996e-13 1.58996e-13 7.7553e-05 0.000318009 2.36698e-24 0.590863 0.408741 1.61448e-11 3.91966e+33 
-15.7916 1.9822e+21 1.51258e-13 -1.51226e-13 1.51226e-13 8.15358e-05 0.000334341 2.89214e-24 0.590851 0.408733 1.7846e-11 3.72812e+33 
-15.7415 2.08403e+21 1.43868e-13 -1.43836e-13 1.43836e-13 8.5723e-05 0.00035151 3.5338e-24 0.590839 0.408724 1.97264e-11 3.54594e+33 
-15.6914 2.19109e+21 1.36839e-13 -1.36808e-13 1.36808e-13 9.01251e-05 0.000369562 4.31783e-24 0.590826 0.408715 2.18049e-11 3.37267e+33 
-15.6413 2.30365e+21 1.30154e-13 -1.30122e-13 1.30122e-13 9.47532e-05 0.000388539 5.2758e-24 0.590812 0.408705 2.41024e-11 3.20786e+33 
-15.5912 2.42199e+21 1.23795e-13 -1.23764e-13 1.23764e-13 9.96188e-05 0.000408491 6.4463e-24 0.590797 0.408695 2.6642e-11 3.0511e+33 
-15.5411 2.5464e+21 1.17748e-13 -1.17716e-13 1.17716e-13 0.000104734 0.000429466 7.87648e-24 0.590782 0.408684 2.94491e-11 2.902e+33 
-15.491 2.67721e+21 1.11995e-13 -1.11964e-13 1.11964e-13 0.000110112 0.000451518 9.62395e-24 0.590765 0.408673 3.25519e-11 2.76019e+33 
-15.4409 2.81473e+21 1.06524e-13 -1.06493e-13 1.06493e-13 0.000115766 0.000474702 1.17591e-23 0.590748 0.408661 3.59816e-11 2.62531e+33 
-15.3908 2.95932e+21 1.0132e-13 -1.01289e-13 1.01289e-13 0.00012171 0.000499075 1.43679e-23 0.59073 0.408649 3.97726e-11 2.49703e+33 
-15.3407 3.11134e+21 9.63706e-14 -9.63392e-14 9.63391e-14 0.000127959 0.000524699 1.75555e-23 0.590712 0.408636 4.39629e-11 2.375e+33 
-15.2906 3.27116e+21 9.16629e-14 -9.16315e-14 9.16315e-14 0.000134528 0.000551638 2.14502e-23 0.590692 0.408622 4.85946e-11 2.25895e+33 
-15.2405 3.43919e+21 8.71853e-14 -8.71538e-14 8.71538e-14 0.000141435 0.000579959 2.62089e-23 0.590671 0.408608 5.37142e-11 2.14856e+33 
-15.1904 3.61585e+21 8.29264e-14 -8.2895e-14 8.28949e-14 0.000148696 0.000609733 3.20233e-23 0.590649 0.408593 5.93731e-11 2.04357e+33 
-15.1403 3.80158e+21 7.88757e-14 -7.88442e-14 7.88442e-14 0.000156329 0.000641033 3.91275e-23 0.590626 0.408577 6.5628e-11 1.94371e+33 
-15.0902 3.99685e+21 7.50229e-14 -7.49914e-14 7.49914e-14 0.000164354 0.00067394 4.78076e-23 0.590602 0.40856 7.25417e-11 1.84872e+33 
-15.0401 4.20215e+21 7.13584e-14 -7.13269e-14 7.13269e-14 0.00017279 0.000708534 5.84132e-23 0.590576 0.408542 8.01836e-11 1.75838e+33 
-14.99 4.41799e+21 6.78729e-14 -6.78415e-14 6.78414e-14 0.00018166 0.000744902 7.13714e-23 0.59055 0.408524 8.86303e-11 1.67246e+33 
-14.9399 4.64492e+21 6.45578e-14 -6.45263e-14 6.45263e-14 0.000190983 0.000783135 8.7204e-23 0.590521 0.408504 9.79666e-11 1.59073e+33 
-14.8898 4.8835e+21 6.14046e-14 -6.13732e-14 6.13732e-14 0.000200785 0.000823329 1.06549e-22 0.590492 0.408484 1.08286e-10 1.513e+33 
-14.8397 5.13432e+21 5.84056e-14 -5.83741e-14 5.83741e-14 0.00021109 0.000865583 1.30184e-22 0.590461 0.408462 1.19692e-10 1.43906e+33 
-14.7896 5.39803e+21 5.55531e-14 -5.55216e-14 5.55216e-14 0.000221923 0.000910003 1.59062e-22 0.590428 0.40844 1.323e-10 1.36874e+33 
-14.7395 5.67528e+21 5.284e-14 -5.28085e-14 5.28085e-14 0.000233311 0.0009567 1.94346e-22 0.590394 0.408416 1.46235e-10 1.30185e+33 
-14.6894 5.96677e+21 5.02594e-14 -5.0228e-14 5.0228e-14 0.000245282 0.00100579 2.37455e-22 0.590358 0.408391 1.61637e-10 1.23824e+33 
-14.6393 6.27322e+21 4.7805e-14 -4.77736e-14 4.77735e-14 0.000257868 0.0010574 2.90126e-22 0.59032 0.408365 1.78661e-10 1.17773e+33 
-14.5892 6.5954e+21 4.54705e-14 -4.54391e-14 4.5439e-14 0.000271098 0.00111165 3.54478e-22 0.59028 0.408337 1.97477e-10 1.12018e+33 
-14.5391 6.93413e+21 4.32501e-14 -4.32186e-14 4.32186e-14 0.000285005 0.00116868 4.33104e-22 0.590238 0.408308 2.18274e-10 1.06544e+33 
-14.489 7.29024e+21 4.11382e-14 -4.11067e-14 4.11067e-14 0.000299626 0.00122863 5.29167e-22 0.590194 0.408278 2.4126e-10 1.01337e+33 
-14.4389 7.66464e+21 3.91294e-14 -3.9098e-14 3.9098e-14 0.000314995 0.00129165 6.46534e-22 0.590148 0.408246 2.66666e-10 9.63852e+32 
-14.3888 8.05825e+21 3.72189e-14 -3.71875e-14 3.71874e-14 0.000331151 0.0013579 7.89929e-22 0.590099 0.408212 2.94746e-10 9.16752e+32 
-14.3387 8.47207e+21 3.54017e-14 -3.53703e-14 3.53702e-14 0.000348134 0.00142754 9.65125e-22 0.590048 0.408177 3.25782e-10 8.71953e+32 
-14.2886 8.90713e+21 3.36733e-14 -3.36419e-14 3.36418e-14 0.000365986 0.00150074 1.17917e-21 0.589994 0.408139 3.60084e-10 8.29343e+32 
-14.2385 9.36453e+21 3.20293e-14 -3.19979e-14 3.19979e-14 0.000384752 0.00157769 1.44068e-21 0.589937 0.4081 3.97996e-10 7.88815e+32 
-14.1884 9.84539e+21 3.04657e-14 -3.04343e-14 3.04343e-14 0.000404479 0.00165858 1.76018e-21 0.589878 0.408059 4.39898e-10 7.50268e+32 
-14.1383 1.03509e+22 2.89785e-14 -2.89471e-14 2.89471e-14 0.000425214 0.00174361 2.15052e-21 0.589815 0.408016 4.86208e-10 7.13605e+32 
-14.0882 1.08824e+22 2.7564e-14 -2.75326e-14 2.75326e-14 0.000447011 0.00183298 2.62742e-21 0.58975 0.40797 5.37391e-10 6.78733e+32 
-14.0381 1.14412e+22 2.62186e-14 -2.61872e-14 2.61872e-14 0.000469921 0.00192693 3.21004e-21 0.589681 0.407923 5.93958e-10 6.45565e+32 
-13.988 1.20286e+22 2.49389e-14 -2.49075e-14 2.49075e-14 0.000494003 0.00202568 3.92185e-21 0.589608 0.407872 6.56476e-10 6.14018e+32 
-13.9379 1.26462e+22 2.37218e-14 -2.36904e-14 2.36904e-14 0.000519316 0.00212948 4.79145e-21 0.589532 0.40782 7.2557e-10 5.84012e+32 
-13.8878 1.32955e+22 2.25642e-14 -2.25328e-14 2.25327e-14 0.000545923 0.00223858 5.85384e-21 0.589451 0.407764 8.0193e-10 5.55473e+32 
-13.8377 1.39781e+22 2.14631e-14 -2.14317e-14 2.14316e-14 0.000573888 0.00235325 7.15174e-21 0.589367 0.407706 8.86321e-10 5.28328e+32 
-13.7876 1.46956e+22 2.04158e-14 -2.03844e-14 2.03843e-14 0.000603282 0.00247378 8.73735e-21 0.589278 0.407644 9.79585e-10 5.0251e+32 
-13.7375 1.545e+22 1.94197e-14 -1.93883e-14 1.93882e-14 0.000634176 0.00260046 1.06744e-20 0.589185 0.40758 1.08265e-09 4.77953e+32 
-13.6874 1.62431e+22 1.84723e-14 -1.84409e-14 1.84408e-14 0.000666647 0.00273361 1.30408e-20 0.589087 0.407512 1.19656e-09 4.54597e+32 
-13.6373 1.70769e+22 1.75712e-14 -1.75397e-14 1.75397e-14 0.000700774 0.00287355 1.59317e-20 0.588985 0.407441 1.32244e-09 4.32381e+32 
-13.5872 1.79534e+22 1.67141e-14 -1.66827e-14 1.66826e-14 0.000736642 0.00302063 1.94632e-20 0.588876 0.407366 1.46154e-09 4.11252e+32 
-13.5371 1.88749e+22 1.58988e-14 -1.58674e-14 1.58674e-14 0.000774339 0.00317521 2.37774e-20 0.588763 0.407288 1.61527e-09 3.91154e+32 
-13.487 1.98436e+22 1.51235e-14 -1.50921e-14 1.5092e-14 0.000813957 0.00333766 2.90475e-20 0.588643 0.407205 1.78514e-09 3.72039e+32 
-13.4369 2.0862e+22 1.4386e-14 -1.43546e-14 1.43545e-14 0.000855592 0.00350839 3.54854e-20 0.588518 0.407118 1.97286e-09 3.53858e+32 
-13.3868 2.19326e+22 1.36845e-14 -1.36531e-14 1.36531e-14 0.000899348 0.00368781 4.33496e-20 0.588386 0.407027 2.1803e-09 3.36565e+32 
-13.3367 2.3058e+22 1.30174e-14 -1.2986e-14 1.29859e-14 0.00094533 0.00387637 5.29561e-20 0.588247 0.406931 2.40952e-09 3.20118e+32 
-13.2866 2.42412e+22 1.23828e-14 -1.23514e-14 1.23513e-14 0.000993652 0.00407451 6.46906e-20 0.588102 0.40683 2.6628e-09 3.04474e+32 
-13.2365 2.54849e+22 1.17792e-14 -1.17478e-14 1.17478e-14 0.00104443 0.00428273 7.90243e-20 0.587948 0.406724 2.94267e-09 2.89595e+32 
-13.1864 2.67924e+22 1.12052e-14 -1.11738e-14 1.11737e-14 0.00109779 0.00450153 9.65328e-20 0.587788 0.406613 3.25192e-09 2.75442e+32 
-13.1363 2.81669e+22 1.06591e-14 -1.06278e-14 1.06277e-14 0.00115386 0.00473144 1.17919e-19 0.587619 0.406496 3.59361e-09 2.61981e+32 
-13.0862 2.96118e+22 1.01398e-14 -1.01084e-14 1.01083e-14 0.00121277 0.00497302 1.44041e-19 0.587441 0.406373 3.97115e-09 2.49178e+32 
-13.0361 3.11306e+22 9.64584e-15 -9.61449e-15 9.61438e-15 0.00127467 0.00522685 1.75946e-19 0.587254 0.406244 4.38829e-09 2.37001e+32 
-12.986 3.27273e+22 9.17602e-15 -9.14467e-15 9.14456e-15 0.00133972 0.00549356 2.14915e-19 0.587058 0.406109 4.84916e-09 2.25419e+32 
-12.9359 3.44057e+22 8.72916e-15 -8.69781e-15 8.6977e-15 0.00140805 0.00577377 2.62511e-19 0.586852 0.405966 5.35834e-09 2.14402e+32 
-12.8858 3.617e+22 8.30413e-15 -8.27279e-15 8.27267e-15 0.00147985 0.00606817 3.20642e-19 0.586636 0.405816 5.92089e-09 2.03924e+32 
-12.8357 3.80246e+22 7.89988e-15 -7.86854e-15 7.86842e-15 0.00155527 0.00637745 3.91639e-19 0.586408 0.405659 6.54237e-09 1.93958e+32 
-12.7856 3.99741e+22 7.51537e-15 -7.48404e-15 7.48391e-15 0.00163451 0.00670237 4.78345e-19 0.586169 0.405494 7.22894e-09 1.8448e+32 
-12.7355 4.20233e+22 7.14966e-15 -7.11834e-15 7.1182e-15 0.00171775 0.0070437 5.84236e-19 0.585918 0.40532 7.98739e-09 1.75464e+32 
-12.6854 4.41773e+22 6.80181e-15 -6.7705e-15 6.77036e-15 0.00180519 0.00740225 7.13553e-19 0.585655 0.405138 8.82523e-09 1.66888e+32 
-12.6353 4.64415e+22 6.47097e-15 -6.43966e-15 6.43951e-15 0.00189704 0.00777887 8.71472e-19 0.585378 0.404946 9.75073e-09 1.58732e+32 
-12.5852 4.88214e+22 6.15629e-15 -6.12499e-15 6.12483e-15 0.00199351 0.00817446 1.06432e-18 0.585087 0.404745 1.0773e-08 1.50975e+32 
-12.5351 5.13229e+22 5.85698e-15 -5.82569e-15 5.82553e-15 0.00209483 0.00858994 1.2998e-18 0.584782 0.404534 1.19022e-08 1.43596e+32 
-12.485 5.39523e+22 5.57231e-15 -5.54102e-15 5.54085e-15 0.00220125 0.00902631 1.58735e-18 0.584461 0.404312 1.31494e-08 1.36578e+32 
-12.4349 5.6716e+22 5.30154e-15 -5.27027e-15 5.27008e-15 0.00231301 0.00948458 1.93845e-18 0.584124 0.404079 1.45269e-08 1.29903e+32 
-12.3848 5.96208e+22 5.044e-15 -5.01274e-15 5.01255e-15 0.00243037 0.00996582 2.36714e-18 0.58377 0.403834 1.60481e-08 1.23554e+32 
-12.3347 6.26739e+22 4.79905e-15 -4.7678e-15 4.76759e-15 0.00255361 0.0104712 2.89055e-18 0.583398 0.403577 1.77282e-08 1.17516e+32 
-12.2846 6.58828e+22 4.56607e-15 -4.53482e-15 4.53461e-15 0.00268301 0.0110018 3.52958e-18 0.583008 0.403307 1.95835e-08 1.11772e+32 
-12.2345 6.92554e+22 4.34447e-15 -4.31324e-15 4.31301e-15 0.00281887 0.0115589 4.30973e-18 0.582599 0.403024 2.16323e-08 1.06309e+32 
-12.1844 7.28e+22 4.1337e-15 -4.10248e-15 4.10224e-15 0.0029615 0.0121438 5.26214e-18 0.582169 0.402726 2.38945e-08 1.01113e+32 
-12.1343 7.65253e+22 3.93323e-15 -3.90202e-15 3.90177e-15 0.00311124 0.0127578 6.42479e-18 0.581717 0.402414 2.63923e-08 9.61713e+31 
-12.0842 8.04404e+22 3.74255e-15 -3.71136e-15 3.7111e-15 0.00326842 0.0134023 7.844e-18 0.581243 0.402086 2.91501e-08 9.14707e+31 
-12.0341 8.4555e+22 3.56119e-15 -3.53001e-15 3.52974e-15 0.0034334 0.0140788 9.57632e-18 0.580746 0.401742 3.21947e-08 8.69999e+31 
-11.984 8.88791e+22 3.38869e-15 -3.35753e-15 3.35724e-15 0.00360655 0.0147888 1.16907e-17 0.580224 0.401381 3.55558e-08 8.27475e+31 
-11.9339 9.34232e+22 3.22463e-15 -3.19347e-15 3.19317e-15 0.00378826 0.0155339 1.42713e-17 0.579676 0.401002 3.9266e-08 7.8703e+31 
-11.8838 9.81984e+22 3.06857e-15 -3.03744e-15 3.03712e-15 0.00397894 0.0163158 1.74207e-17 0.579101 0.400604 4.33613e-08 7.48561e+31 
-11.8337 1.03216e+23 2.92015e-15 -2.88902e-15 2.88869e-15 0.004179 0.0171362 2.12641e-17 0.578498 0.400187 4.78813e-08 7.11971e+31 
-11.7836 1.0849e+23 2.77897e-15 -2.74787e-15 2.74752e-15 0.0043889 0.0179969 2.5954e-17 0.577865 0.399749 5.28698e-08 6.7717e+31 
-11.7335 1.1403e+23 2.64469e-15 -2.61361e-15 2.61324e-15 0.00460908 0.0188997 3.16765e-17 0.577201 0.39929 5.83747e-08 6.44069e+31 
-11.6834 1.19852e+23 2.51698e-15 -2.48591e-15 2.48553e-15 0.00484004 0.0198468 3.86586e-17 0.576505 0.398808 6.44491e-08 6.12586e+31 
-11.6333 1.2597e+23 2.3955e-15 -2.36445e-15 2.36405e-15 0.00508226 0.02084 4.71769e-17 0.575775 0.398303 7.11513e-08 5.82641e+31 
-11.5832 1.32397e+23 2.27996e-15 -2.24893e-15 2.24851e-15 0.00533626 0.0218815 5.75684e-17 0.575009 0.397773 7.85455e-08 5.54159e+31 
-11.5331 1.39151e+23 2.17006e-15 -2.13906e-15 2.13861e-15 0.00560258 0.0229736 7.02441e-17 0.574206 0.397218 8.67024e-08 5.2707e+31 
-11.483 1.46246e+23 2.06553e-15 -2.03455e-15 2.03409e-15 0.00588179 0.0241185 8.57049e-17 0.573364 0.396635 9.56996e-08 5.01304e+31 
-11.4329 1.53699e+23 1.96611e-15 -1.93515e-15 1.93467e-15 0.00617445 0.0253186 1.04561e-16 0.572482 0.396025 1.05623e-07 4.76797e+31 
-11.3828 1.6153e+23 1.87155e-15 -1.84062e-15 1.8401e-15 0.00648119 0.0265764 1.27556e-16 0.571557 0.395385 1.16566e-07 4.53488e+31 
-11.3327 1.69756e+23 1.78161e-15 -1.7507e-15 1.75016e-15 0.00680262 0.0278944 1.55595e-16 0.570588 0.394715 1.28633e-07 4.31317e+31 
-11.2826 1.78398e+23 1.69606e-15 -1.66518e-15 1.66461e-15 0.00713938 0.0292753 1.89783e-16 0.569573 0.394013 1.41937e-07 4.1023e+31 
-11.2325 1.87475e+23 1.61469e-15 -1.58383e-15 1.58324e-15 0.00749216 0.0307219 2.31461e-16 0.568509 0.393277 1.56603e-07 3.90174e+31 
-11.1824 1.97009e+23 1.53729e-15 -1.50647e-15 1.50585e-15 0.00786165 0.032237 2.82266e-16 0.567395 0.392506 1.72768e-07 3.71098e+31 
-11.1323 2.07023e+23 1.46367e-15 -1.43288e-15 1.43224e-15 0.00824856 0.0338235 3.4419e-16 0.566228 0.391699 1.90584e-07 3.52953e+31 
-11.0822 2.1754e+23 1.39365e-15 -1.3629e-15 1.36222e-15 0.00865363 0.0354846 4.19656e-16 0.565007 0.390854 2.10216e-07 3.35696e+31 
-11.0321 2.28586e+23 1.32705e-15 -1.29633e-15 1.29562e-15 0.00907764 0.0372232 5.11614e-16 0.563729 0.38997 2.31845e-07 3.19282e+31 
-10.982 2.40185e+23 1.26371e-15 -1.23302e-15 1.23228e-15 0.00952137 0.0390428 6.23653e-16 0.562391 0.389045 2.55672e-07 3.03669e+31 
-10.9319 2.52366e+23 1.20345e-15 -1.17281e-15 1.17203e-15 0.00998563 0.0409465 7.60141e-16 0.560991 0.388076 2.81914e-07 2.8882e+31 
-10.8818 2.65156e+23 1.14614e-15 -1.11553e-15 1.11472e-15 0.0104713 0.0429378 9.26386e-16 0.559527 0.387063 3.10813e-07 2.74697e+31 
-10.8317 2.78585e+23 1.09163e-15 -1.06106e-15 1.06021e-15 0.0109791 0.0450203 1.12885e-15 0.557996 0.386004 3.4263e-07 2.61263e+31 
-10.7816 2.92684e+23 1.03978e-15 -1.00926e-15 1.00836e-15 0.0115101 0.0471974 1.37537e-15 0.556395 0.384897 3.77654e-07 2.48486e+31 
-10.7315 3.07486e+23 9.90459e-16 -9.59983e-16 9.59046e-16 0.012065 0.0494731 1.6755e-15 0.554722 0.383739 4.162e-07 2.36334e+31 
-10.6814 3.23024e+23 9.43547e-16 -9.13119e-16 9.12139e-16 0.0126449 0.0518509 2.04083e-15 0.552974 0.38253 4.58615e-07 2.24775e+31 
-10.6313 3.39335e+23 8.98926e-16 -8.68548e-16 8.67522e-16 0.0132506 0.0543347 2.48544e-15 0.551147 0.381267 5.05275e-07 2.13781e+31 
-10.5812 3.56454e+23 8.56482e-16 -8.26157e-16 8.25084e-16 0.0138832 0.0569286 3.02643e-15 0.54924 0.379947 5.56594e-07 2.03325e+31 
-10.5311 3.74421e+23 8.1611e-16 -7.8584e-16 7.84718e-16 0.0145436 0.0596364 3.68457e-15 0.547249 0.37857 6.13025e-07 1.93379e+31 
-10.481 3.93276e+23 7.77708e-16 -7.47495e-16 7.46322e-16 0.0152327 0.0624623 4.48506e-15 0.545172 0.377133 6.7506e-07 1.83919e+31 
-10.4309 4.13061e+23 7.41179e-16 -7.11027e-16 7.09801e-16 0.0159516 0.0654103 5.45847e-15 0.543004 0.375633 7.4324e-07 1.74922e+31 
-10.3808 4.3382e+23 7.06433e-16 -6.76343e-16 6.75062e-16 0.0167013 0.0684845 6.64189e-15 0.540744 0.37407 8.18152e-07 1.66364e+31 
-10.3307 4.55599e+23 6.73381e-16 -6.43357e-16 6.42019e-16 0.0174829 0.0716893 8.08032e-15 0.538387 0.37244 9.00438e-07 1.58225e+31 
-10.2806 4.78446e+23 6.41941e-16 -6.11986e-16 6.10588e-16 0.0182973 0.0750287 9.82825e-15 0.535932 0.370741 9.90798e-07 1.50483e+31 
-10.2305 5.0241e+23 6.12034e-16 -5.8215e-16 5.80692e-16 0.0191455 0.0785069 1.19518e-14 0.533375 0.368972 1.08999e-06 1.4312e+31 
-10.1804 5.27544e+23 5.83585e-16 -5.53776e-16 5.52254e-16 0.0200287 0.0821283 1.45309e-14 0.530712 0.36713 1.19886e-06 1.36116e+31 
-10.1303 5.53902e+23 5.56522e-16 -5.26791e-16 5.25203e-16 0.0209477 0.0858969 1.76624e-14 0.527941 0.365213 1.31829e-06 1.29455e+31 
-10.0802 5.8154e+23 5.30778e-16 -5.01128e-16 4.99473e-16 0.0219037 0.0898169 2.14638e-14 0.525059 0.363219 1.44927e-06 1.23119e+31 
-10.0301 6.10517e+23 5.06288e-16 -4.76723e-16 4.74997e-16 0.0228976 0.0938925 2.60767e-14 0.522062 0.361146 1.59287e-06 1.17093e+31 
-9.97996 6.40894e+23 4.8299e-16 -4.53513e-16 4.51715e-16 0.0239304 0.0981275 3.16729e-14 0.518948 0.358992 1.75024e-06 1.11361e+31 
-9.92986 6.72733e+23 4.60827e-16 -4.31442e-16 4.29569e-16 0.0250031 0.102526 3.84597e-14 0.515714 0.356755 1.92265e-06 1.0591e+31 
-9.87976 7.06102e+23 4.39742e-16 -4.10452e-16 4.08502e-16 0.0261165 0.107092 4.66877e-14 0.512357 0.354433 2.11145e-06 1.00725e+31 
-9.82966 7.41068e+23 4.19682e-16 -3.90492e-16 3.88463e-16 0.0272716 0.111828 5.66596e-14 0.508874 0.352023 2.31811e-06 9.57933e+30 
-9.77956 7.77702e+23 4.00598e-16 -3.71512e-16 3.69401e-16 0.0284693 0.116739 6.87407e-14 0.505263 0.349525 2.54424e-06 9.11026e+30 
-9.72946 8.16079e+23 3.82441e-16 -3.53463e-16 3.51268e-16 0.0297103 0.121828 8.33717e-14 0.501522 0.346937 2.79156e-06 8.66412e+30 
-9.67936 8.56274e+23 3.65166e-16 -3.363e-16 3.34019e-16 0.0309954 0.127098 1.01084e-13 0.497647 0.344257 3.06192e-06 8.23979e+30 
-9.62926 8.98368e+23 3.4873e-16 -3.1998e-16 3.17611e-16 0.0323252 0.132551 1.22519e-13 0.493637 0.341483 3.35736e-06 7.83619e+30 
-9.57916 9.42442e+23 3.33091e-16 -3.04462e-16 3.02002e-16 0.0337005 0.13819 1.48447e-13 0.489491 0.338615 3.68002e-06 7.45232e+30 
-9.52906 9.8858e+23 3.1821e-16 -2.89706e-16 2.87155e-16 0.0351217 0.144018 1.79799e-13 0.485206 0.33565 4.03226e-06 7.08722e+30 
-9.47896 1.03687e+24 3.0405e-16 -2.75677e-16 2.7303e-16 0.0365894 0.150036 2.17691e-13 0.480781 0.332589 4.41658e-06 6.73995e+30 
-9.42886 1.08741e+24 2.90575e-16 -2.62337e-16 2.59594e-16 0.0381039 0.156246 2.63469e-13 0.476214 0.32943 4.83569e-06 6.40967e+30 
-9.37876 1.14028e+24 2.77752e-16 -2.49654e-16 2.46813e-16 0.0396654 0.16265 3.18748e-13 0.471506 0.326173 5.29248e-06 6.09552e+30 
-9.32866 1.19559e+24 2.65549e-16 -2.37596e-16 2.34655e-16 0.0412743 0.169247 3.85469e-13 0.466655 0.322818 5.79008e-06 5.79674e+30 
-9.27856 1.25344e+24 2.53935e-16 -2.26132e-16 2.23089e-16 0.0429304 0.176038 4.65961e-13 0.461662 0.319363 6.33183e-06 5.51255e+30 
-9.22846 1.31392e+24 2.42881e-16 -2.15233e-16 2.12087e-16 0.0446339 0.183023 5.6302e-13 0.456526 0.31581 6.92128e-06 5.24226e+30 
-9.17836 1.37715e+24 2.3236e-16 -2.04872e-16 2.01622e-16 0.0463845 0.190201 6.79996e-13 0.451248 0.312159 7.56228e-06 4.98519e+30 
-9.12826 1.44324e+24 2.22345e-16 -1.95022e-16 1.91666e-16 0.0481819 0.197572 8.20903e-13 0.445828 0.30841 8.25889e-06 4.74068e+30 
-9.07816 1.51229e+24 2.12811e-16 -1.85659e-16 1.82196e-16 0.0500256 0.205132 9.90548e-13 0.440269 0.304564 9.01548e-06 4.50812e+30 
-9.02806 1.58443e+24 2.03734e-16 -1.76758e-16 1.73188e-16 0.0519151 0.21288 1.19468e-12 0.434572 0.300623 9.83669e-06 4.28694e+30 
-8.97796 1.65978e+24 1.95092e-16 -1.68298e-16 1.6462e-16 0.0538497 0.220813 1.44018e-12 0.428739 0.296588 1.07274e-05 4.07657e+30 
-8.92786 1.73845e+24 1.86863e-16 -1.60256e-16 1.5647e-16 0.0558284 0.228927 1.73525e-12 0.422772 0.292461 1.1693e-05 3.87648e+30 
-8.87776 1.82058e+24 1.79028e-16 -1.52613e-16 1.48718e-16 0.0578503 0.237217 2.08972e-12 0.416676 0.288243 1.2739e-05 3.68618e+30 
-8.82766 1.90629e+24 1.71565e-16 -1.45348e-16 1.41344e-16 0.0599141 0.24568 2.51528e-12 0.410453 0.283939 1.38713e-05 3.50518e+30 
-8.77756 1.99571e+24 1.64458e-16 -1.38444e-16 1.34332e-16 0.0620185 0.254309 3.02589e-12 0.404108 0.279549 1.50962e-05 3.33304e+30 
-8.72745 2.08899e+24 1.57687e-16 -1.31882e-16 1.27662e-16 0.0641619 0.263098 3.63818e-12 0.397645 0.275078 1.64203e-05 3.16931e+30 
-8.67735 2.18626e+24 1.51238e-16 -1.25647e-16 1.21319e-16 0.0663428 0.272041 4.37194e-12 0.391069 0.270529 1.78507e-05 3.0136e+30 
-8.62725 2.28766e+24 1.45092e-16 -1.19721e-16 1.15287e-16 0.0685592 0.28113 5.25075e-12 0.384386 0.265906 1.93948e-05 2.8655e+30 
-8.57715 2.39334e+24 1.39237e-16 -1.1409e-16 1.09551e-16 0.0708092 0.290356 6.30261e-12 0.377601 0.261213 2.10605e-05 2.72464e+30 
-8.52705 2.50345e+24 1.33656e-16 -1.08739e-16 1.04097e-16 0.0730908 0.299712 7.5608e-12 0.370721 0.256453 2.2856e-05 2.59067e+30 
-8.47695 2.61815e+24 1.28336e-16 -1.03655e-16 9.89113e-17 0.0754015 0.309187 9.06484e-12 0.363753 0.251633 2.479e-05 2.46326e+30 
-8.42685 2.73757e+24 1.23265e-16 -9.88239e-17 9.39809e-17 0.0777392 0.318773 1.08616e-11 0.356704 0.246757 2.68716e-05 2.34208e+30 
-8.37675 2.8619e+24 1.1843e-16 -9.42339e-17 8.92938e-17 0.0801011 0.328458 1.30067e-11 0.349582 0.24183 2.91106e-05 2.22684e+30 
-8.32665 2.99127e+24 1.13819e-16 -8.98728e-17 8.48383e-17 0.0824848 0.338232 1.5566e-11 0.342394 0.236857 3.15169e-05 2.11723e+30 
-8.27655 3.12587e+24 1.09421e-16 -8.57294e-17 8.06033e-17 0.0848875 0.348084 1.86175e-11 0.335149 0.231845 3.41014e-05 2.01298e+30 
-8.22645 3.26586e+24 1.05226e-16 -8.17928e-17 7.65784e-17 0.0873063 0.358003 2.22535e-11 0.327854 0.2268 3.6875e-05 1.91384e+30 
-8.17635 3.4114e+24 1.01222e-16 -7.80528e-17 7.27534e-17 0.0897383 0.367976 2.65831e-11 0.32052 0.221726 3.98495e-05 1.81956e+30 
-8.12625 3.56268e+24 9.74016e-17 -7.44997e-17 6.9119e-17 0.0921807 0.377991 3.17353e-11 0.313155 0.216631 4.30371e-05 1.72988e+30 
-8.07615 3.71987e+24 9.37544e-17 -7.11241e-17 6.56659e-17 0.0946303 0.388035 3.78624e-11 0.305767 0.21152 4.64506e-05 1.6446e+30 
-8.02605 3.88315e+24 9.02721e-17 -6.79171e-17 6.23855e-17 0.0970841 0.398097 4.51441e-11 0.298367 0.206401 5.01035e-05 1.5635e+30 
-7.97595 4.0527e+24 8.69464e-17 -6.48702e-17 5.92697e-17 0.0995391 0.408164 5.37924e-11 0.290963 0.201279 5.40097e-05 1.48637e+30 
-7.92585 4.2287e+24 8.37696e-17 -6.19756e-17 5.63104e-17 0.101992 0.418223 6.40573e-11 0.283565 0.196162 5.81839e-05 1.41302e+30 
-7.87575 4.41135e+24 8.0734e-17 -5.92254e-17 5.35003e-17 0.10444 0.428261 7.62332e-11 0.276182 0.191054 6.26415e-05 1.34326e+30 
-7.82565 4.60084e+24 7.78329e-17 -5.66125e-17 5.08322e-17 0.10688 0.438266 9.06668e-11 0.268823 0.185963 6.73984e-05 1.27692e+30 
-7.77555 4.79737e+24 7.50593e-17 -5.41298e-17 4.82992e-17 0.109309 0.448226 1.07766e-10 0.261497 0.180896 7.24714e-05 1.21383e+30 
-7.72545 5.00112e+24 7.2407e-17 -5.17707e-17 4.5895e-17 0.111724 0.458128 1.28011e-10 0.254214 0.175857 7.7878e-05 1.15383e+30 
-7.67535 5.2123e+24 6.98699e-17 -4.9529e-17 4.36132e-17 0.114122 0.46796 1.51965e-10 0.246981 0.170854 8.36364e-05 1.09678e+30 
-7.62525 5.43112e+24 6.74423e-17 -4.73987e-17 4.14479e-17 0.1165 0.477712 1.80292e-10 0.239807 0.165891 8.97658e-05 1.04252e+30 
-7.57515 5.65778e+24 6.51187e-17 -4.53741e-17 3.93936e-17 0.118856 0.487372 2.13769e-10 0.232701 0.160975 9.6286e-05 9.90926e+29 
-7.52505 5.89249e+24 6.28941e-17 -4.34497e-17 3.74447e-17 0.121186 0.496929 2.5331e-10 0.22567 0.156111 0.000103218 9.41862e+29 
-7.47495 6.13547e+24 6.07635e-17 -4.16204e-17 3.55963e-17 0.123489 0.506373 2.99988e-10 0.218722 0.151305 0.000110583 8.95206e+29 
-7.42485 6.38693e+24 5.87222e-17 -3.98813e-17 3.38433e-17 0.125763 0.515695 3.55059e-10 0.211863 0.14656 0.000118405 8.50839e+29 
-7.37475 6.64709e+24 5.67659e-17 -3.82278e-17 3.2181e-17 0.128004 0.524885 4.19998e-10 0.205101 0.141883 0.000126707 8.08651e+29 
-7.32465 6.91618e+24 5.48904e-17 -3.66554e-17 3.0605e-17 0.130211 0.533935 4.9653e-10 0.198442 0.137276 0.000135513 7.68535e+29 
-7.27455 7.19443e+24 5.30918e-17 -3.51598e-17 2.91109e-17 0.132382 0.542836 5.8668e-10 0.191892 0.132745 0.000144851 7.30389e+29 
-7.22445 7.48206e+24 5.13662e-17 -3.37371e-17 2.76947e-17 0.134515 0.551582 6.92815e-10 0.185456 0.128293 0.000154747 6.94117e+29 
-7.17435 7.77932e+24 4.97101e-17 -3.23835e-17 2.63525e-17 0.136608 0.560166 8.17709e-10 0.179138 0.123922 0.000165229 6.59628e+29 
-7.12425 8.08643e+24 4.81202e-17 -3.10954e-17 2.50806e-17 0.13866 0.568582 9.64605e-10 0.172944 0.119637 0.000176327 6.26834e+29 
-7.07415 8.40365e+24 4.65933e-17 -2.98693e-17 2.38753e-17 0.14067 0.576823 1.1373e-09 0.166878 0.115441 0.000188074 5.95653e+29 
-7.02405 8.73123e+24 4.51263e-17 -2.87021e-17 2.27333e-17 0.142637 0.584887 1.34022e-09 0.160942 0.111334 0.0002005 5.66006e+29 
-6.97395 9.06941e+24 4.37164e-17 -2.75905e-17 2.16513e-17 0.144558 0.592767 1.57857e-09 0.15514 0.107321 0.000213642 5.37818e+29 
-6.92385 9.41846e+24 4.23609e-17 -2.65316e-17 2.06263e-17 0.146435 0.600462 1.85841e-09 0.149474 0.103402 0.000227534 5.11017e+29 
-6.87375 9.77863e+24 4.10571e-17 -2.55228e-17 1.96552e-17 0.148265 0.607968 2.18681e-09 0.143947 0.099578 0.000242214 4.85535e+29 
-6.82365 1.01502e+25 3.98027e-17 -2.45613e-17 1.87353e-17 0.150049 0.615282 2.57205e-09 0.13856 0.0958515 0.000257721 4.61309e+29 
-6.77355 1.05334e+25 3.85953e-17 -2.36447e-17 1.78639e-17 0.151786 0.622403 3.02379e-09 0.133314 0.0922228 0.000274098 4.38276e+29 
-6.72345 1.09286e+25 3.74328e-17 -2.27706e-17 1.70384e-17 0.153475 0.62933 3.55331e-09 0.128211 0.0886925 0.000291388 4.16378e+29 
-6.67335 1.1336e+25 3.6313e-17 -2.19367e-17 1.62564e-17 0.155117 0.636062 4.17377e-09 0.123251 0.0852609 0.000309635 3.95561e+29 
-6.62325 1.17559e+25 3.52341e-17 -2.1141e-17 1.55156e-17 0.156711 0.6426 4.90054e-09 0.118433 0.081928 0.000328889 3.7577e+29 
-6.57315 1.21887e+25 3.41941e-17 -2.03814e-17 1.48137e-17 0.158258 0.648942 5.75154e-09 0.113757 0.0786937 0.0003492 3.56955e+29 
-6.52305 1.26345e+25 3.31913e-17 -1.9656e-17 1.41487e-17 0.159757 0.655091 6.74768e-09 0.109224 0.0755574 0.000370619 3.39069e+29 
-6.47295 1.30938e+25 3.2224e-17 -1.89631e-17 1.35186e-17 0.16121 0.661047 7.91335e-09 0.104831 0.0725187 0.000393203 3.22067e+29 
-6.42285 1.35668e+25 3.12906e-17 -1.83009e-17 1.29215e-17 0.162616 0.666813 9.27698e-09 0.100578 0.0695766 0.00041701 3.05905e+29 
-6.37275 1.40539e+25 3.03897e-17 -1.76678e-17 1.23556e-17 0.163976 0.672389 1.08717e-08 0.0964629 0.0667301 0.000442101 2.90541e+29 
-6.32265 1.45554e+25 2.95199e-17 -1.70624e-17 1.18191e-17 0.16529 0.677779 1.27362e-08 0.0924846 0.063978 0.00046854 2.75937e+29 
-6.27255 1.50716e+25 2.86796e-17 -1.64831e-17 1.13105e-17 0.16656 0.682984 1.49155e-08 0.0886409 0.061319 0.000496395 2.62056e+29 
-6.22244 1.56029e+25 2.78678e-17 -1.59286e-17 1.08283e-17 0.167785 0.688008 1.7462e-08 0.0849295 0.0587516 0.000525738 2.48861e+29 
-6.17234 1.61497e+25 2.70832e-17 -1.53977e-17 1.03709e-17 0.168967 0.692854 2.0437e-08 0.0813483 0.0562742 0.000556641 2.3632e+29 
-6.12224 1.67122e+25 2.63246e-17 -1.48891e-17 9.93694e-18 0.170106 0.697525 2.39117e-08 0.0778948 0.0538852 0.000589185 2.244e+29 
-6.07214 1.72909e+25 2.5591e-17 -1.44016e-17 9.52521e-18 0.171203 0.702025 2.79691e-08 0.0745663 0.0515827 0.000623451 2.13071e+29 
-6.02204 1.78862e+25 2.48812e-17 -1.39343e-17 9.13442e-18 0.172259 0.706356 3.27057e-08 0.0713602 0.0493647 0.000659526 2.02304e+29 
-5.97194 1.84984e+25 2.41944e-17 -1.3486e-17 8.76341e-18 0.173276 0.710524 3.82343e-08 0.0682735 0.0472295 0.000697501 1.92071e+29 
-5.92184 1.91279e+25 2.35296e-17 -1.30559e-17 8.41108e-18 0.174253 0.714531 4.46859e-08 0.0653035 0.045175 0.000737473 1.82346e+29 
-5.87174 1.97752e+25 2.28859e-17 -1.26429e-17 8.07638e-18 0.175192 0.718382 5.22132e-08 0.0624472 0.043199 0.00077954 1.73104e+29 
-5.82164 2.04406e+25 2.22625e-17 -1.22464e-17 7.75832e-18 0.176094 0.722081 6.09937e-08 0.0597015 0.0412996 0.00082381 1.64321e+29 
-5.77154 2.11246e+25 2.16586e-17 -1.18653e-17 7.45597e-18 0.17696 0.725632 7.12345e-08 0.0570633 0.0394746 0.000870393 1.55975e+29 
-5.72144 2.18277e+25 2.10734e-17 -1.1499e-17 7.16845e-18 0.177791 0.729038 8.31762e-08 0.0545297 0.0377219 0.000919407 1.48044e+29 
-5.67134 2.25502e+25 2.05061e-17 -1.11468e-17 6.89493e-18 0.178587 0.732305 9.70991e-08 0.0520974 0.0360394 0.000970974 1.40508e+29 
-5.62124 2.32927e+25 1.99562e-17 -1.08079e-17 6.63464e-18 0.179351 0.735435 1.13329e-07 0.0497635 0.0344248 0.00102522 1.33348e+29 
-5.57114 2.40557e+25 1.9423e-17 -1.04818e-17 6.38682e-18 0.180082 0.738434 1.32247e-07 0.0475248 0.0328761 0.00108229 1.26544e+29 
-5.52104 2.48395e+25 1.89057e-17 -1.01678e-17 6.15079e-18 0.180782 0.741306 1.54293e-07 0.0453782 0.0313912 0.00114232 1.2008e+29 
-5.47094 2.56447e+25 1.8404e-17 -9.86528e-18 5.92589e-18 0.181453 0.744053 1.79981e-07 0.0433207 0.0299679 0.00120546 1.13938e+29 
-5.42084 2.64719e+25 1.79171e-17 -9.57381e-18 5.7115e-18 0.182093 0.746681 2.0991e-07 0.0413493 0.0286042 0.00127187 1.08104e+29 
-5.37074 2.73215e+25 1.74445e-17 -9.29282e-18 5.50705e-18 0.182706 0.749193 2.44774e-07 0.0394611 0.0272979 0.00134171 1.0256e+29 
-5.32064 2.81941e+25 1.69857e-17 -9.02184e-18 5.31197e-18 0.183291 0.751593 2.85384e-07 0.037653 0.0260472 0.00141516 9.72943e+28 
-5.27054 2.90902e+25 1.65403e-17 -8.76041e-18 5.12576e-18 0.18385 0.753885 3.3268e-07 0.0359223 0.0248499 0.00149241 9.22919e+28 
-5.22044 3.00104e+25 1.61078e-17 -8.5081e-18 4.94793e-18 0.184384 0.756072 3.87757e-07 0.034266 0.0237042 0.00157363 8.754e+28 
-5.17034 3.09553e+25 1.56877e-17 -8.26449e-18 4.77802e-18 0.184892 0.758159 4.51888e-07 0.0326815 0.022608 0.00165905 8.30263e+28 
-5.12024 3.19254e+25 1.52795e-17 -8.02921e-18 4.61561e-18 0.185377 0.760147 5.26554e-07 0.031166 0.0215597 0.00174886 7.8739e+28 
-5.07014 3.29215e+25 1.4883e-17 -7.80189e-18 4.46028e-18 0.18584 0.762042 6.13478e-07 0.029717 0.0205573 0.00184329 7.4667e+28 
-5.02004 3.3944e+25 1.44977e-17 -7.58218e-18 4.31167e-18 0.186279 0.763846 7.14662e-07 0.0283317 0.019599 0.00194258 7.07995e+28 
-4.96994 3.49937e+25 1.41231e-17 -7.36975e-18 4.1694e-18 0.186698 0.765563 8.32435e-07 0.0270078 0.0186832 0.00204697 6.71266e+28 
-4.91984 3.60712e+25 1.37591e-17 -7.1643e-18 4.03314e-18 0.187096 0.767195 9.69505e-07 0.0257429 0.0178081 0.00215673 6.36385e+28 
-4.86974 3.71771e+25 1.34052e-17 -6.96553e-18 3.90258e-18 0.187474 0.768746 1.12902e-06 0.0245344 0.0169721 0.00227212 6.03262e+28 
-4.81964 3.83123e+25 1.3061e-17 -6.77317e-18 3.77742e-18 0.187833 0.770218 1.31464e-06 0.0233802 0.0161737 0.00239342 5.71808e+28 
-4.76954 3.94773e+25 1.27264e-17 -6.58695e-18 3.65737e-18 0.188174 0.771614 1.53062e-06 0.022278 0.0154112 0.00252095 5.41942e+28 
-4.71944 4.06729e+25 1.24009e-17 -6.40662e-18 3.54218e-18 0.188497 0.772938 1.78192e-06 0.0212257 0.0146833 0.00265502 5.13584e+28 
-4.66934 4.18999e+25 1.20844e-17 -6.23195e-18 3.43158e-18 0.188802 0.77419 2.07427e-06 0.0202212 0.0139884 0.00279594 4.86661e+28 
-4.61924 4.3159e+25 1.17764e-17 -6.0627e-18 3.32536e-18 0.189091 0.775375 2.41437e-06 0.0192625 0.0133252 0.00294409 4.611e+28 
-4.56914 4.4451e+25 1.14768e-17 -5.89867e-18 3.22329e-18 0.189364 0.776494 2.80999e-06 0.0183477 0.0126923 0.00309981 4.36834e+28 
-4.51904 4.57767e+25 1.11853e-17 -5.73966e-18 3.12517e-18 0.189621 0.777549 3.27016e-06 0.0174748 0.0120885 0.0032635 4.13799e+28 
-4.46894 4.71369e+25 1.09016e-17 -5.58547e-18 3.03079e-18 0.189863 0.778543 3.80539e-06 0.0166421 0.0115125 0.00343555 3.91933e+28 
-4.41884 4.85324e+25 1.06255e-17 -5.43591e-18 2.93997e-18 0.190091 0.779477 4.42787e-06 0.0158479 0.0109631 0.00361639 3.71179e+28 
-4.36874 4.99643e+25 1.03568e-17 -5.29083e-18 2.85255e-18 0.190305 0.780354 5.15178e-06 0.0150904 0.0104391 0.00380646 3.51481e+28 
-4.31864 5.14332e+25 1.00953e-17 -5.15003e-18 2.76836e-18 0.190505 0.781175 5.99362e-06 0.0143681 0.00993942 0.00400624 3.32787e+28 
-4.26854 5.29401e+25 9.84072e-18 -5.01338e-18 2.68725e-18 0.190692 0.781942 6.97252e-06 0.0136794 0.00946301 0.0042162 3.15046e+28 
-4.21844 5.4486e+25 9.59289e-18 -4.88072e-18 2.60906e-18 0.190867 0.782657 8.11076e-06 0.0130229 0.00900882 0.00443686 2.98212e+28 
-4.16834 5.60719e+25 9.35161e-18 -4.75191e-18 2.53368e-18 0.191029 0.78332 9.43419e-06 0.012397 0.00857586 0.00466877 2.82238e+28 
-4.11824 5.76986e+25 9.11669e-18 -4.6268e-18 2.46096e-18 0.191178 0.783935 1.09729e-05 0.0118005 0.00816319 0.00491248 2.67082e+28 
-4.06814 5.93672e+25 8.88794e-18 -4.50528e-18 2.39079e-18 0.191316 0.7845 1.27617e-05 0.0112319 0.00776989 0.0051686 2.52703e+28 
-4.01804 6.10787e+25 8.6652e-18 -4.3872e-18 2.32305e-18 0.191443 0.785019 1.48412e-05 0.0106901 0.0073951 0.00543774 2.39062e+28 
-3.96794 6.28342e+25 8.44829e-18 -4.27247e-18 2.25764e-18 0.191558 0.785492 1.72586e-05 0.0101739 0.00703796 0.00572055 2.26122e+28 
-3.91784 6.46347e+25 8.23704e-18 -4.16095e-18 2.19446e-18 0.191663 0.78592 2.00686e-05 0.00968198 0.00669769 0.00601773 2.13849e+28 
-3.86774 6.64814e+25 8.03131e-18 -4.05254e-18 2.1334e-18 0.191756 0.786304 2.33348e-05 0.00921336 0.00637352 0.00632999 2.02208e+28 
-3.81764 6.83754e+25 7.83093e-18 -3.94715e-18 2.07439e-18 0.191839 0.786644 2.7131e-05 0.00876693 0.00606469 0.00665808 1.91169e+28 
-3.76754 7.03178e+25 7.63575e-18 -3.84466e-18 2.01732e-18 0.191912 0.786942 3.15432e-05 0.00834169 0.00577052 0.0070028 1.80701e+28 
-3.71743 7.23098e+25 7.44564e-18 -3.74498e-18 1.96214e-18 0.191974 0.787197 3.66709e-05 0.00793664 0.00549032 0.00736497 1.70774e+28 
-3.66733 7.43527e+25 7.26046e-18 -3.64802e-18 1.90875e-18 0.192026 0.787411 4.26299e-05 0.00755086 0.00522345 0.00774546 1.61363e+28 
-3.61723 7.64476e+25 7.08007e-18 -3.55369e-18 1.85708e-18 0.192068 0.787584 4.95546e-05 0.00718346 0.00496929 0.00814518 1.52441e+28 
-3.56713 7.85959e+25 6.90433e-18 -3.46191e-18 1.80708e-18 0.192101 0.787716 5.76012e-05 0.00683357 0.00472725 0.00856509 1.43984e+28 
-3.51703 8.07989e+25 6.73314e-18 -3.3726e-18 1.75868e-18 0.192123 0.787807 6.69509e-05 0.0065004 0.00449677 0.00900617 1.35968e+28 
-3.46693 8.30578e+25 6.56636e-18 -3.28567e-18 1.71181e-18 0.192135 0.787857 7.78142e-05 0.00618314 0.00427731 0.00946948 1.2837e+28 
-3.41683 8.53741e+25 6.40388e-18 -3.20105e-18 1.66642e-18 0.192137 0.787867 9.04354e-05 0.00588107 0.00406834 0.00995611 1.21171e+28 
-3.36673 8.77491e+25 6.24558e-18 -3.11867e-18 1.62246e-18 0.19213 0.787835 0.000105098 0.00559346 0.00386938 0.0104672 1.14349e+28 
-3.31663 9.01842e+25 6.09135e-18 -3.03845e-18 1.57988e-18 0.192112 0.787762 0.000122132 0.00531964 0.00367996 0.0110039 1.07885e+28 
-3.26653 9.2681e+25 5.94109e-18 -2.96034e-18 1.53863e-18 0.192084 0.787648 0.00014192 0.00505896 0.00349963 0.0115676 1.01762e+28 
-3.21643 9.5241e+25 5.79469e-18 -2.88426e-18 1.49867e-18 0.192046 0.787491 0.000164904 0.00481079 0.00332795 0.0121595 9.59625e+27 
-3.16633 9.78655e+25 5.65205e-18 -2.81015e-18 1.45996e-18 0.191997 0.787291 0.0001916 0.00457454 0.00316453 0.012781 9.04695e+27 
-3.11623 1.00556e+26 5.51308e-18 -2.73795e-18 1.42246e-18 0.191938 0.787048 0.000222605 0.00434966 0.00300896 0.0134334 8.52677e+27 
-3.06613 1.03315e+26 5.37767e-18 -2.6676e-18 1.38613e-18 0.191867 0.786759 0.000258613 0.00413559 0.00286087 0.0141184 8.03423e+27 
-3.01603 1.06143e+26 5.24575e-18 -2.59904e-18 1.35095e-18 0.191786 0.786425 0.000300428 0.00393183 0.00271992 0.0148375 7.56792e+27 
-2.96593 1.09042e+26 5.11722e-18 -2.53222e-18 1.31689e-18 0.191692 0.786043 0.000348983 0.00373788 0.00258575 0.0155922 7.12651e+27 
-2.91583 1.12014e+26 4.99199e-18 -2.46707e-18 1.28391e-18 0.191587 0.785612 0.00040536 0.00355328 0.00245805 0.0163843 6.70873e+27 
-2.86573 1.1506e+26 4.86999e-18 -2.40355e-18 1.252e-18 0.19147 0.78513 0.000470814 0.00337757 0.0023365 0.0172155 6.31337e+27 
-2.81563 1.18182e+26 4.75113e-18 -2.3416e-18 1.22114e-18 0.191339 0.784595 0.000546799 0.00321033 0.00222081 0.0180876 5.93929e+27 
-2.76553 1.21383e+26 4.63534e-18 -2.28117e-18 1.1913e-18 0.191196 0.784005 0.000635003 0.00305116 0.0021107 0.0190026 5.58539e+27 
-2.71543 1.24664e+26 4.52253e-18 -2.22222e-18 1.16249e-18 0.191038 0.783357 0.000737381 0.00289967 0.0020059 0.0199624 5.25064e+27 
-2.66533 1.28026e+26 4.41265e-18 -2.16468e-18 1.13467e-18 0.190865 0.782648 0.000856196 0.00275548 0.00190615 0.020969 4.93405e+27 
-2.61523 1.31472e+26 4.30561e-18 -2.10851e-18 1.10786e-18 0.190676 0.781876 0.000994075 0.00261824 0.00181122 0.0220245 4.6347e+27 
-2.56513 1.35003e+26 4.20135e-18 -2.05365e-18 1.08204e-18 0.190471 0.781035 0.00115406 0.00248762 0.00172086 0.0231312 4.3517e+27 
-2.51503 1.38622e+26 4.09981e-18 -2.00007e-18 1.05722e-18 0.190249 0.780122 0.00133966 0.0023633 0.00163485 0.0242911 4.08419e+27 
-2.46493 1.42331e+26 4.00092e-18 -1.9477e-18 1.03339e-18 0.190007 0.779133 0.00155495 0.00224496 0.00155299 0.0255067 3.83139e+27 
-2.41483 1.46131e+26 3.90463e-18 -1.8965e-18 1.01058e-18 0.189746 0.778062 0.00180466 0.00213232 0.00147507 0.0267803 3.59252e+27 
-2.36473 1.50025e+26 3.81087e-18 -1.84642e-18 9.88803e-19 0.189463 0.776902 0.00209422 0.0020251 0.0014009 0.0281142 3.36688e+27 
-2.31463 1.54014e+26 3.7196e-18 -1.79741e-18 9.6807e-19 0.189158 0.775648 0.00242993 0.00192303 0.0013303 0.0295109 3.15377e+27 
-2.26453 1.58101e+26 3.63076e-18 -1.7494e-18 9.48412e-19 0.188827 0.774292 0.00281909 0.00182587 0.00126308 0.0309729 2.95254e+27 
-2.21443 1.62289e+26 3.54429e-18 -1.70236e-18 9.29863e-19 0.188469 0.772826 0.0032701 0.00173335 0.00119908 0.0325025 2.76257e+27 
-2.16433 1.66578e+26 3.46016e-18 -1.65621e-18 9.12465e-19 0.188082 0.771239 0.00379265 0.00164527 0.00113815 0.0341022 2.58327e+27 
-2.11423 1.70971e+26 3.37833e-18 -1.61091e-18 8.96266e-19 0.187664 0.769522 0.00439795 0.00156139 0.00108012 0.0357744 2.41409e+27 
-2.06413 1.7547e+26 3.29874e-18 -1.56639e-18 8.81324e-19 0.18721 0.767663 0.00509887 0.0014815 0.00102486 0.0375215 2.2545e+27 
-2.01403 1.80078e+26 3.22136e-18 -1.52258e-18 8.67707e-19 0.186719 0.765648 0.00591027 0.00140541 0.000972216 0.0393456 2.10399e+27 
-1.96393 1.84796e+26 3.14616e-18 -1.47942e-18 8.55493e-19 0.186186 0.763461 0.0068492 0.00133291 0.000922067 0.0412489 1.96209e+27 
-1.91383 1.89626e+26 3.07311e-18 -1.43683e-18 8.44771e-19 0.185606 0.761087 0.00793527 0.00126384 0.000874282 0.0432333 1.82834e+27 
-1.86373 1.94571e+26 3.00218e-18 -1.39474e-18 8.35642e-19 0.184977 0.758505 0.00919096 0.001198 0.000828739 0.0453003 1.70232e+27 
-1.81363 1.99633e+26 2.93335e-18 -1.35307e-18 8.28222e-19 0.184292 0.755695 0.010642 0.00113524 0.000785321 0.0474512 1.58361e+27 
-1.76353 2.04813e+26 2.8666e-18 -1.31173e-18 8.2264e-19 0.183544 0.752632 0.0123178 0.00107539 0.000743918 0.0496868 1.47183e+27 
-1.71343 2.10112e+26 2.80191e-18 -1.27061e-18 8.1904e-19 0.182729 0.749289 0.014252 0.00101829 0.000704423 0.0520075 1.36661e+27 
-1.66333 2.15534e+26 2.73928e-18 -1.22962e-18 8.17582e-19 0.181838 0.745636 0.0164827 0.000963811 0.000666734 0.0544129 1.2676e+27 
-1.61323 2.21079e+26 2.6787e-18 -1.18865e-18 8.18443e-19 0.180864 0.741639 0.0190532 0.000911799 0.000630754 0.0569018 1.17448e+27 
-1.56313 2.26749e+26 2.62018e-18 -1.14757e-18 8.21818e-19 0.179796 0.737261 0.0220126 0.000862124 0.000596391 0.059472 1.08692e+27 
-1.51303 2.32544e+26 2.56372e-18 -1.10626e-18 8.27915e-19 0.178625 0.73246 0.0254161 0.000814656 0.000563554 0.0621203 1.00464e+27 
-1.46293 2.38466e+26 2.50934e-18 -1.06457e-18 8.36963e-19 0.17734 0.727191 0.0293257 0.000769273 0.000532159 0.064842 9.27345e+26 
-1.41283 2.44515e+26 2.45706e-18 -1.02234e-18 8.49203e-19 0.175929 0.721402 0.0338105 0.000725858 0.000502126 0.0676307 8.54776e+26 
-1.36273 2.50692e+26 2.40691e-18 -9.79417e-19 8.6489e-19 0.174377 0.71504 0.0389475 0.000684299 0.000473377 0.0704782 7.86678e+26 
-1.31263 2.56995e+26 2.35894e-18 -9.35616e-19 8.8429e-19 0.172671 0.708044 0.0448213 0.000644492 0.000445839 0.0733741 7.22813e+26 
-1.26253 2.63426e+26 2.31318e-18 -8.90744e-19 9.07672e-19 0.170795 0.70035 0.0515245 0.000606337 0.000419445 0.0763055 6.62954e+26 
-1.21242 2.69981e+26 2.2697e-18 -8.44596e-19 9.35306e-19 0.168731 0.69189 0.0591576 0.000569742 0.00039413 0.0792568 6.06886e+26 
-1.16232 2.7666e+26 2.22858e-18 -7.96951e-19 9.67454e-19 0.166464 0.682594 0.0678283 0.00053462 0.000369833 0.0822091 5.54407e+26 
-1.11222 2.83459e+26 2.18988e-18 -7.47577e-19 1.00436e-18 0.163975 0.672387 0.0776502 0.000500892 0.000346501 0.0851403 5.05325e+26 
-1.06212 2.90376e+26 2.1537e-18 -6.96231e-19 1.04624e-18 0.161246 0.661195 0.0887417 0.000468485 0.000324084 0.0880246 4.59459e+26 
-1.01202 2.97405e+26 2.12015e-18 -6.42658e-19 1.09325e-18 0.158259 0.648946 0.101223 0.000437337 0.000302536 0.0908324 4.16638e+26 
-0.961924 3.04542e+26 2.08935e-18 -5.86599e-19 1.14552e-18 0.154996 0.635569 0.115215 0.000407392 0.000281821 0.0935305 3.76699e+26 
-0.911824 3.1178e+26 2.06142e-18 -5.27788e-19 1.20308e-18 0.151444 0.621002 0.130832 0.000378603 0.000261906 0.0960819 3.3949e+26 
-0.861723 3.19112e+26 2.03652e-18 -4.65962e-19 1.26587e-18 0.147588 0.605192 0.14818 0.000350935 0.000242766 0.0984464 3.04866e+26 
-0.811623 3.26528e+26 2.01479e-18 -4.00863e-19 1.33373e-18 0.14342 0.588101 0.167349 0.00032436 0.000224382 0.100581 2.72689e+26 
-0.761523 3.34018e+26 1.99641e-18 -3.32242e-19 1.40638e-18 0.138935 0.569709 0.188408 0.000298862 0.000206743 0.102442 2.4283e+26 
-0.711423 3.4157e+26 1.98156e-18 -2.5987e-19 1.4834e-18 0.134134 0.550021 0.211398 0.000274434 0.000189845 0.103983 2.15167e+26 
-0.661323 3.49172e+26 1.97043e-18 -1.8354e-19 1.56426e-18 0.129024 0.529068 0.236323 0.00025108 0.000173689 0.10516 1.89582e+26 
-0.611222 3.5681e+26 1.96324e-18 -1.03077e-19 1.6483e-18 0.12362 0.506911 0.263149 0.000228809 0.000158283 0.105933 1.65964e+26 
-0.561122 3.64468e+26 1.96018e-18 -1.834e-20 1.73475e-18 0.117947 0.483646 0.291792 0.00020764 0.000143639 0.106264 1.44208e+26 
-0.511022 3.72129e+26 1.96147e-18 7.07716e-20 1.82278e-18 0.112035 0.459405 0.322119 0.000187595 0.000129773 0.106123 1.24212e+26 
-0.460922 3.79777e+26 1.96734e-18 1.64315e-19 1.91152e-18 0.105926 0.434352 0.353946 0.000168698 0.0001167 0.105491 1.05881e+26 
-0.410822 3.87392e+26 1.97801e-18 2.62304e-19 2.00012e-18 0.0996657 0.408683 0.38704 0.000150972 0.000104438 0.104356 8.91192e+25 
-0.360721 3.94957e+26 1.9937e-18 3.64713e-19 2.08781e-18 0.0933094 0.382619 0.421124 0.000134437 9.2999e-05 0.10272 7.38381e+25 
-0.310621 4.02453e+26 2.01463e-18 4.71477e-19 2.17391e-18 0.0869154 0.3564 0.455886 0.000119105 8.23932e-05 0.100597 5.99506e+25 
-0.260521 4.09862e+26 2.04101e-18 5.82505e-19 2.25795e-18 0.0805446 0.330277 0.490988 0.000104981 7.26228e-05 0.098013 4.73722e+25 
-0.210421 4.17165e+26 2.07307e-18 6.97685e-19 2.33964e-18 0.0742582 0.304499 0.526082 9.2058e-05 6.36828e-05 0.0950057 3.60213e+25 
-0.160321 4.24347e+26 2.11099e-18 8.16898e-19 2.41893e-18 0.0681146 0.279306 0.56082 8.03154e-05 5.55597e-05 0.0916228 2.58183e+25 
-0.11022 4.3139e+26 2.15498e-18 9.40026e-19 2.496e-18 0.0621678 0.254922 0.594873 6.97214e-05 4.82311e-05 0.0879199 1.66862e+25 
-0.0601202 4.38282e+26 2.20524e-18 1.06697e-18 2.57128e-18 0.0564654 0.231539 0.627936 6.02316e-05 4.16664e-05 0.083958 8.5502e+24 
-0.01002 4.45008e+26 2.26196e-18 1.19765e-18 2.64537e-18 0.0510468 0.209319 0.659745 5.17908e-05 3.58273e-05 0.0798007 1.33783e+24 
0.0400802 4.51558e+26 2.32531e-18 1.33203e-18 2.71906e-18 0.0459428 0.18839 0.690081 4.43346e-05 3.06693e-05 0.0755116 -5.02073e+24 
0.0901804 4.57924e+26 2.39549e-18 1.47011e-18 2.79326e-18 0.0411749 0.168839 0.71877 3.7792e-05 2.61434e-05 0.071152 -1.05927e+25 
0.140281 4.64096e+26 2.47268e-18 1.61194e-18 2.86894e-18 0.0367559 0.150719 0.745692 3.20876e-05 2.21972e-05 0.066779 -1.54424e+25 
0.190381 4.7007e+26 2.55707e-18 1.75762e-18 2.94714e-18 0.0326903 0.134048 0.770772 2.71438e-05 1.87772e-05 0.0624439 -1.96313e+25 
0.240481 4.75843e+26 2.64886e-18 1.9073e-18 3.02888e-18 0.0289753 0.118814 0.79398 2.28834e-05 1.583e-05 0.0581912 -2.32177e+25 
0.290581 4.8141e+26 2.74825e-18 2.06119e-18 3.11516e-18 0.025602 0.104982 0.815325 1.92313e-05 1.33036e-05 0.0540583 -2.62568e+25 
0.340681 4.86773e+26 2.85547e-18 2.21953e-18 3.20694e-18 0.0225567 0.0924946 0.834846 1.61158e-05 1.11484e-05 0.0500751 -2.88004e+25 
0.390782 4.91931e+26 2.97073e-18 2.38263e-18 3.3051e-18 0.0198219 0.0812804 0.85261 1.34699e-05 9.31803e-06 0.0462646 -3.08971e+25 
0.440882 4.96885e+26 3.09429e-18 2.55083e-18 3.41047e-18 0.0173776 0.0712577 0.868702 1.12318e-05 7.76983e-06 0.0426435 -3.25923e+25 
0.490982 5.0164e+26 3.22642e-18 2.7245e-18 3.52381e-18 0.0152025 0.0623383 0.883221 9.34579e-06 6.46513e-06 0.0392225 -3.3928e+25 
0.541082 5.06197e+26 3.36739e-18 2.90406e-18 3.6458e-18 0.0132743 0.0544317 0.896274 7.76166e-06 5.36927e-06 0.0360072 -3.4943e+25 
0.591182 5.10562e+26 3.51751e-18 3.08996e-18 3.77709e-18 0.0115709 0.047447 0.907972 6.43507e-06 4.45158e-06 0.0329993 -3.56733e+25 
0.641283 5.14739e+26 3.67712e-18 3.28269e-18 3.91826e-18 0.0100708 0.0412959 0.918427 5.32712e-06 3.68514e-06 0.0301968 -3.61517e+25 
0.691383 5.18733e+26 3.84656e-18 3.48275e-18 4.06987e-18 0.00875341 0.0358937 0.92775 4.40399e-06 3.04654e-06 0.027595 -3.64083e+25 
0.741483 5.2255e+26 4.02622e-18 3.69068e-18 4.23244e-18 0.00759921 0.0311609 0.936047 3.63646e-06 2.51559e-06 0.0251872 -3.64706e+25 
0.791583 5.26196e+26 4.21651e-18 3.90703e-18 4.40648e-18 0.00659022 0.0270235 0.943416 2.99952e-06 2.07498e-06 0.0229652 -3.63633e+25 
0.841683 5.29676e+26 4.41786e-18 4.13241e-18 4.59248e-18 0.00570984 0.0234134 0.949953 2.47183e-06 1.70993e-06 0.0209195 -3.61092e+25 
0.891784 5.32997e+26 4.63074e-18 4.36741e-18 4.79095e-18 0.00494298 0.0202689 0.955744 2.03528e-06 1.40795e-06 0.0190404 -3.57285e+25 
0.941884 5.36165e+26 4.85564e-18 4.61268e-18 5.00239e-18 0.00427599 0.0175339 0.96087 1.67461e-06 1.15845e-06 0.0173174 -3.52396e+25 
0.991984 5.39186e+26 5.09311e-18 4.86888e-18 5.22733e-18 0.00369663 0.0151582 0.965403 1.37697e-06 9.52547e-07 0.0157402 -3.4659e+25 
1.04208 5.42065e+26 5.3437e-18 5.13669e-18 5.4663e-18 0.00319396 0.013097 0.969409 1.13159e-06 7.82802e-07 0.0142985 -3.40016e+25 
1.09218 5.44809e+26 5.60802e-18 5.41685e-18 5.71988e-18 0.00275827 0.0113104 0.972947 9.29481e-07 6.42986e-07 0.0129825 -3.32804e+25 
1.14228 5.47424e+26 5.88669e-18 5.71008e-18 5.98866e-18 0.00238098 0.00976329 0.976072 7.63133e-07 5.27911e-07 0.0117824 -3.25073e+25 
1.19238 5.49914e+26 6.1804e-18 6.01718e-18 6.27326e-18 0.0020545 0.00842456 0.978831 6.26315e-07 4.33265e-07 0.0106891 -3.16927e+25 
1.24248 5.52286e+26 6.48986e-18 6.33894e-18 6.57437e-18 0.00177219 0.00726694 0.981266 5.13853e-07 3.55468e-07 0.00969404 -3.08458e+25 
1.29259 5.54545e+26 6.81582e-18 6.67622e-18 6.89267e-18 0.00152822 0.00626653 0.983416 4.2146e-07 2.91553e-07 0.00878899 -2.99748e+25 
1.34269 5.56695e+26 7.15909e-18 7.02989e-18 7.22894e-18 0.00131749 0.00540244 0.985313 3.4559e-07 2.39068e-07 0.00796635 -2.9087e+25 
1.39279 5.58742e+26 7.52051e-18 7.40087e-18 7.58396e-18 0.00113556 0.00465643 0.986988 2.83312e-07 1.95987e-07 0.00721906 -2.81885e+25 
1.44289 5.60691e+26 7.90097e-18 7.79013e-18 7.95858e-18 0.00097856 0.00401263 0.988468 2.32211e-07 1.60636e-07 0.00654056 -2.72849e+25 
1.49299 5.62546e+26 8.30141e-18 8.19867e-18 8.35369e-18 0.000843115 0.00345723 0.989775 1.90293e-07 1.31639e-07 0.00592478 -2.6381e+25 
1.54309 5.64311e+26 8.72282e-18 8.62753e-18 8.77026e-18 0.000726304 0.00297824 0.990929 1.55918e-07 1.07859e-07 0.00536614 -2.5481e+25 
1.59319 5.65991e+26 9.16625e-18 9.07783e-18 9.20927e-18 0.000625591 0.00256526 0.991949 1.27735e-07 8.83633e-08 0.00485951 -2.45883e+25 
1.64329 5.67589e+26 9.6328e-18 9.5507e-18 9.67181e-18 0.000538779 0.00220928 0.992852 1.04634e-07 7.23826e-08 0.00440018 -2.37061e+25 
1.69339 5.6911e+26 1.01236e-17 1.00474e-17 1.0159e-17 0.000463964 0.0019025 0.99365 8.57016e-08 5.92857e-08 0.00398385 -2.28369e+25 
1.74349 5.70558e+26 1.064e-17 1.05691e-17 1.0672e-17 0.000399502 0.00163817 0.994356 7.01882e-08 4.8554e-08 0.00360658 -2.19829e+25 
1.79359 5.71935e+26 1.11831e-17 1.11171e-17 1.12121e-17 0.000343967 0.00141045 0.994981 5.74784e-08 3.97617e-08 0.00326476 -2.1146e+25 
1.84369 5.73245e+26 1.17544e-17 1.1693e-17 1.17807e-17 0.000296131 0.0012143 0.995534 4.70666e-08 3.25592e-08 0.00295513 -2.03275e+25 
1.89379 5.74491e+26 1.23552e-17 1.22981e-17 1.23791e-17 0.000254931 0.00104536 0.996025 3.85384e-08 2.66597e-08 0.00267469 -1.95288e+25 
1.94389 5.75677e+26 1.29872e-17 1.29339e-17 1.30087e-17 0.000219451 0.000899868 0.99646 3.15537e-08 2.18279e-08 0.00242074 -1.87507e+25 
1.99399 5.76805e+26 1.36517e-17 1.36021e-17 1.36713e-17 0.0001889 0.00077459 0.996846 2.58336e-08 1.78709e-08 0.00219078 -1.79939e+25 
2.04409 5.77879e+26 1.43507e-17 1.43044e-17 1.43684e-17 0.000162594 0.000666725 0.997188 2.11496e-08 1.46306e-08 0.00198258 -1.72591e+25 
2.09419 5.78899e+26 1.50856e-17 1.50424e-17 1.51017e-17 0.000139947 0.000573858 0.997492 1.73142e-08 1.19774e-08 0.0017941 -1.65464e+25 
2.14429 5.79871e+26 1.58585e-17 1.58182e-17 1.58731e-17 0.00012045 0.000493909 0.997762 1.41738e-08 9.80499e-09 0.00162349 -1.58563e+25 
2.19439 5.80794e+26 1.66713e-17 1.66336e-17 1.66844e-17 0.000103666 0.000425086 0.998002 1.16027e-08 8.02636e-09 0.00146905 -1.51886e+25 
2.24449 5.81673e+26 1.75259e-17 1.74907e-17 1.75378e-17 8.92183e-05 0.000365843 0.998216 9.49768e-09 6.5702e-09 0.00132927 -1.45434e+25 
2.29459 5.82509e+26 1.84246e-17 1.83916e-17 1.84354e-17 7.67824e-05 0.000314849 0.998406 7.7744e-09 5.37809e-09 0.00120276 -1.39205e+25 
2.34469 5.83304e+26 1.93696e-17 1.93387e-17 1.93793e-17 6.60786e-05 0.000270958 0.998575 6.36367e-09 4.40219e-09 0.00108827 -1.33198e+25 
2.39479 5.84061e+26 2.03632e-17 2.03342e-17 2.0372e-17 5.68658e-05 0.000233181 0.998725 5.20883e-09 3.60331e-09 0.000984657 -1.27409e+25 
2.44489 5.8478e+26 2.14079e-17 2.13808e-17 2.14159e-17 4.89367e-05 0.000200667 0.998859 4.26349e-09 2.94935e-09 0.000890896 -1.21834e+25 
2.49499 5.85464e+26 2.25064e-17 2.2481e-17 2.25136e-17 4.21126e-05 0.000172685 0.998979 3.48967e-09 2.41405e-09 0.000806051 -1.1647e+25 
2.54509 5.86115e+26 2.36615e-17 2.36376e-17 2.3668e-17 3.62397e-05 0.000148602 0.999086 2.85626e-09 1.97587e-09 0.000729277 -1.11312e+25 
2.59519 5.86735e+26 2.48759e-17 2.48536e-17 2.48818e-17 3.11854e-05 0.000127877 0.999181 2.3378e-09 1.61721e-09 0.000659808 -1.06355e+25 
2.64529 5.87323e+26 2.61528e-17 2.61318e-17 2.61582e-17 2.68357e-05 0.000110041 0.999266 1.91342e-09 1.32364e-09 0.00059695 -1.01595e+25 
2.69539 5.87884e+26 2.74954e-17 2.74757e-17 2.75003e-17 2.30925e-05 9.46918e-05 0.999342 1.56607e-09 1.08336e-09 0.000540075 -9.70262e+24 
2.74549 5.88416e+26 2.89071e-17 2.88885e-17 2.89114e-17 1.98713e-05 8.1483e-05 0.99941 1.28176e-09 8.86682e-10 0.000488616 -9.26428e+24 
2.79559 5.88923e+26 3.03913e-17 3.03739e-17 3.03952e-17 1.70993e-05 7.01163e-05 0.999471 1.04906e-09 7.25707e-10 0.000442056 -8.84396e+24 
2.84569 5.89405e+26 3.19518e-17 3.19354e-17 3.19554e-17 1.47139e-05 6.03348e-05 0.999525 8.586e-10 5.93953e-10 0.00039993 -8.44111e+24 
2.89579 5.89864e+26 3.35926e-17 3.35772e-17 3.35958e-17 1.26611e-05 5.19175e-05 0.999574 7.02715e-10 4.86116e-10 0.000361817 -8.05515e+24 
2.94589 5.903e+26 3.53177e-17 3.53032e-17 3.53206e-17 1.08947e-05 4.46743e-05 0.999617 5.75129e-10 3.97856e-10 0.000327334 -7.68553e+24 
2.99599 5.90715e+26 3.71314e-17 3.71178e-17 3.71341e-17 9.37474e-06 3.84415e-05 0.999656 4.70705e-10 3.25619e-10 0.000296137 -7.33169e+24 
3.04609 5.91109e+26 3.90384e-17 3.90256e-17 3.90408e-17 8.06677e-06 3.30781e-05 0.999691 3.8524e-10 2.66497e-10 0.000267911 -6.99308e+24 
3.09619 5.91484e+26 4.10434e-17 4.10313e-17 4.10456e-17 6.94127e-06 2.84629e-05 0.999722 3.15291e-10 2.18109e-10 0.000242375 -6.66914e+24 
3.14629 5.91841e+26 4.31515e-17 4.31401e-17 4.31535e-17 5.97277e-06 2.44916e-05 0.99975 2.58042e-10 1.78506e-10 0.000219272 -6.35934e+24 
3.19639 5.92181e+26 4.53679e-17 4.53571e-17 4.53697e-17 5.1394e-06 2.10743e-05 0.999775 2.11188e-10 1.46093e-10 0.000198371 -6.06315e+24 
3.24649 5.92504e+26 4.76982e-17 4.7688e-17 4.76998e-17 4.42229e-06 1.81338e-05 0.999798 1.72841e-10 1.19566e-10 0.000179461 -5.78005e+24 
3.29659 5.92811e+26 5.01483e-17 5.01387e-17 5.01497e-17 3.80523e-06 1.56035e-05 0.999818 1.41456e-10 9.7855e-11 0.000162354 -5.50952e+24 
3.34669 5.93103e+26 5.27242e-17 5.27152e-17 5.27255e-17 3.27427e-06 1.34263e-05 0.999836 1.1577e-10 8.00862e-11 0.000146877 -5.25109e+24 
3.39679 5.93381e+26 5.54326e-17 5.5424e-17 5.54337e-17 2.81739e-06 1.15528e-05 0.999853 9.47482e-11 6.55438e-11 0.000132876 -5.00425e+24 
3.44689 5.93645e+26 5.82801e-17 5.8272e-17 5.82811e-17 2.42426e-06 9.94076e-06 0.999867 7.75433e-11 5.3642e-11 0.000120209 -4.76855e+24 
3.49699 5.93897e+26 6.12739e-17 6.12662e-17 6.12748e-17 2.08598e-06 8.55364e-06 0.999881 6.34625e-11 4.39014e-11 0.000108749 -4.54352e+24 
3.54709 5.94136e+26 6.44215e-17 6.44143e-17 6.44224e-17 1.7949e-06 7.36006e-06 0.999892 5.19385e-11 3.59294e-11 9.83815e-05 -4.32873e+24 
3.59719 5.94363e+26 6.77309e-17 6.77241e-17 6.77317e-17 1.54444e-06 6.33302e-06 0.999903 4.2507e-11 2.94051e-11 8.90024e-05 -4.12374e+24 
3.64729 5.94579e+26 7.12103e-17 7.12039e-17 7.12111e-17 1.32892e-06 5.4493e-06 0.999913 3.47882e-11 2.40654e-11 8.05173e-05 -3.92815e+24 
3.69739 5.94785e+26 7.48686e-17 7.48624e-17 7.48692e-17 1.14348e-06 4.68888e-06 0.999921 2.8471e-11 1.96954e-11 7.28411e-05 -3.74156e+24 
3.74749 5.94981e+26 7.87147e-17 7.87089e-17 7.87153e-17 9.83914e-07 4.03458e-06 0.999929 2.33009e-11 1.61189e-11 6.58967e-05 -3.56357e+24 
3.7976 5.95167e+26 8.27585e-17 8.2753e-17 8.27591e-17 8.46614e-07 3.47157e-06 0.999936 1.90697e-11 1.31918e-11 5.96142e-05 -3.39382e+24 
3.8477 5.95344e+26 8.70101e-17 8.70049e-17 8.70106e-17 7.28473e-07 2.98713e-06 0.999942 1.56068e-11 1.07963e-11 5.39307e-05 -3.23194e+24 
3.8978 5.95512e+26 9.14801e-17 9.14752e-17 9.14805e-17 6.26818e-07 2.57029e-06 0.999948 1.27727e-11 8.83576e-12 4.8789e-05 -3.0776e+24 
3.9479 5.95672e+26 9.61798e-17 9.61751e-17 9.61802e-17 5.39347e-07 2.21162e-06 0.999953 1.04533e-11 7.23124e-12 4.41375e-05 -2.93046e+24 
3.998 5.95825e+26 1.01121e-16 1.01117e-16 1.01121e-16 4.64083e-07 1.90299e-06 0.999958 8.55502e-12 5.9181e-12 3.99295e-05 -2.7902e+24 
4.0481 5.9597e+26 1.06316e-16 1.06312e-16 1.06316e-16 3.99322e-07 1.63743e-06 0.999962 7.00148e-12 4.84341e-12 3.61226e-05 -2.65651e+24 
4.0982 5.96107e+26 1.11778e-16 1.11774e-16 1.11778e-16 3.43597e-07 1.40894e-06 0.999966 5.73005e-12 3.96387e-12 3.26786e-05 -2.5291e+24 
4.1483 5.96238e+26 1.1752e-16 1.17517e-16 1.17521e-16 2.95649e-07 1.21232e-06 0.999969 4.6895e-12 3.24405e-12 2.9563e-05 -2.40769e+24 
4.1984 5.96363e+26 1.23558e-16 1.23554e-16 1.23558e-16 2.54392e-07 1.04314e-06 0.999972 3.83791e-12 2.65495e-12 2.67444e-05 -2.29201e+24 
4.2485 5.96482e+26 1.29906e-16 1.29902e-16 1.29906e-16 2.18892e-07 8.97575e-07 0.999975 3.14097e-12 2.17282e-12 2.41946e-05 -2.18179e+24 
4.2986 5.96594e+26 1.3658e-16 1.36577e-16 1.3658e-16 1.88346e-07 7.7232e-07 0.999977 2.57058e-12 1.77825e-12 2.18878e-05 -2.07678e+24 
4.3487 5.96702e+26 1.43597e-16 1.43594e-16 1.43597e-16 1.62062e-07 6.64543e-07 0.999979 2.10378e-12 1.45533e-12 1.9801e-05 -1.97676e+24 
4.3988 5.96804e+26 1.50974e-16 1.50971e-16 1.50974e-16 1.39447e-07 5.71807e-07 0.999981 1.72174e-12 1.19105e-12 1.79131e-05 -1.88148e+24 
4.4489 5.96901e+26 1.5873e-16 1.58727e-16 1.5873e-16 1.19987e-07 4.92012e-07 0.999983 1.40908e-12 9.74757e-13 1.62053e-05 -1.79073e+24 
4.499 5.96993e+26 1.66885e-16 1.66882e-16 1.66885e-16 1.03243e-07 4.23352e-07 0.999985 1.1532e-12 7.97745e-13 1.46602e-05 -1.70431e+24 
4.5491 5.97081e+26 1.75459e-16 1.75456e-16 1.75459e-16 8.88355e-08 3.64273e-07 0.999986 9.4378e-13 6.52878e-13 1.32625e-05 -1.622e+24 
4.5992 5.97164e+26 1.84473e-16 1.84471e-16 1.84473e-16 7.64385e-08 3.13439e-07 0.999988 7.72393e-13 5.34318e-13 1.1998e-05 -1.54363e+24 
4.6493 5.97244e+26 1.93951e-16 1.93948e-16 1.93951e-16 6.57715e-08 2.69699e-07 0.999989 6.32129e-13 4.37287e-13 1.08541e-05 -1.46899e+24 
4.6994 5.97319e+26 2.03915e-16 2.03913e-16 2.03915e-16 5.65931e-08 2.32062e-07 0.99999 5.17337e-13 3.57878e-13 9.81921e-06 -1.39793e+24 
4.7495 5.97391e+26 2.14391e-16 2.14389e-16 2.14391e-16 4.86956e-08 1.99678e-07 0.999991 4.2339e-13 2.92888e-13 8.88302e-06 -1.33028e+24 
4.7996 5.97459e+26 2.25406e-16 2.25404e-16 2.25406e-16 4.19001e-08 1.71813e-07 0.999992 3.46504e-13 2.39701e-13 8.03608e-06 -1.26586e+24 
4.8497 5.97524e+26 2.36986e-16 2.36985e-16 2.36987e-16 3.60529e-08 1.47837e-07 0.999993 2.8358e-13 1.96172e-13 7.2699e-06 -1.20454e+24 
4.8998 5.97586e+26 2.49162e-16 2.4916e-16 2.49162e-16 3.10218e-08 1.27206e-07 0.999993 2.32083e-13 1.60548e-13 6.57676e-06 -1.14617e+24 
4.9499 5.97645e+26 2.61963e-16 2.61961e-16 2.61963e-16 2.66927e-08 1.09454e-07 0.999994 1.89937e-13 1.31393e-13 5.94971e-06 -1.0906e+24 
5 5.97701e+26 2.75421e-16 2.7542e-16 2.75422e-16 2.29677e-08 9.418e-08 0.999995 1.55445e-13 1.07532e-13 5.38245e-06 -1.0377e+24 
