-20 2.94781e+19 1.017e-11 -1.017e-11 1.017e-11 1.10577e-06 5.90484e-06 1.32248e-31 0.591093 0.4089 0 2.12458e+35 
-19.9499 3.09926e+19 9.67303e-12 -9.67299e-12 9.67299e-12 1.16259e-06 6.20821e-06 1.61593e-31 0.591093 0.4089 0 2.02076e+35 
-19.8998 3.25849e+19 9.20035e-12 -9.20032e-12 9.20032e-12 1.22231e-06 6.52716e-06 1.97449e-31 0.591093 0.4089 0 1.92201e+35 
-19.8497 3.4259e+19 8.75077e-12 -8.75073e-12 8.75073e-12 1.28511e-06 6.8625e-06 2.41261e-31 0.591092 0.408899 0 1.82809e+35 
-19.7996 3.60191e+19 8.32316e-12 -8.32312e-12 8.32312e-12 1.35114e-06 7.21507e-06 2.94795e-31 0.591092 0.408899 0 1.73876e+35 
-19.7495 3.78696e+19 7.91644e-12 -7.9164e-12 7.9164e-12 1.42055e-06 7.58575e-06 3.60208e-31 0.591092 0.408899 0 1.6538e+35 
-19.6994 3.98152e+19 7.5296e-12 -7.52956e-12 7.52956e-12 1.49353e-06 7.97547e-06 4.40135e-31 0.591092 0.408899 0 1.57298e+35 
-19.6493 4.18608e+19 7.16166e-12 -7.16162e-12 7.16162e-12 1.57027e-06 8.38522e-06 5.37797e-31 0.591091 0.408899 0 1.49612e+35 
-19.5992 4.40115e+19 6.8117e-12 -6.81166e-12 6.81166e-12 1.65094e-06 8.81602e-06 6.5713e-31 0.591091 0.408898 0 1.42301e+35 
-19.5491 4.62726e+19 6.47884e-12 -6.47881e-12 6.47881e-12 1.73576e-06 9.26895e-06 8.02942e-31 0.591091 0.408898 0 1.35347e+35 
-19.499 4.86499e+19 6.16225e-12 -6.16221e-12 6.16221e-12 1.82493e-06 9.74515e-06 9.81108e-31 0.59109 0.408898 0 1.28733e+35 
-19.4489 5.11494e+19 5.86113e-12 -5.86109e-12 5.86109e-12 1.91869e-06 1.02458e-05 1.19881e-30 0.59109 0.408898 0 1.22443e+35 
-19.3988 5.37772e+19 5.57472e-12 -5.57468e-12 5.57468e-12 2.01727e-06 1.07722e-05 1.46481e-30 0.59109 0.408897 0 1.16459e+35 
-19.3487 5.65401e+19 5.30231e-12 -5.30227e-12 5.30227e-12 2.1209e-06 1.13256e-05 1.78984e-30 0.591089 0.408897 0 1.10768e+35 
-19.2986 5.94449e+19 5.04321e-12 -5.04317e-12 5.04317e-12 2.22987e-06 1.19075e-05 2.18699e-30 0.591089 0.408897 0 1.05356e+35 
-19.2485 6.2499e+19 4.79677e-12 -4.79673e-12 4.79673e-12 2.34443e-06 1.25192e-05 2.67227e-30 0.591089 0.408897 0 1.00207e+35 
-19.1984 6.571e+19 4.56237e-12 -4.56234e-12 4.56234e-12 2.46487e-06 1.31624e-05 3.26522e-30 0.591088 0.408896 0 9.53106e+34 
-19.1483 6.90859e+19 4.33943e-12 -4.33939e-12 4.33939e-12 2.59151e-06 1.38387e-05 3.98975e-30 0.591088 0.408896 0 9.06531e+34 
-19.0982 7.26353e+19 4.12738e-12 -4.12735e-12 4.12735e-12 2.72465e-06 1.45496e-05 4.87504e-30 0.591087 0.408896 0 8.62233e+34 
-19.0481 7.6367e+19 3.9257e-12 -3.92566e-12 3.92566e-12 2.86463e-06 1.52971e-05 5.95677e-30 0.591087 0.408895 0 8.20099e+34 
-18.998 8.02905e+19 3.73386e-12 -3.73383e-12 3.73383e-12 3.0118e-06 1.6083e-05 7.27852e-30 0.591086 0.408895 0 7.80024e+34 
-18.9479 8.44155e+19 3.55141e-12 -3.55137e-12 3.55137e-12 3.16653e-06 1.69093e-05 8.89356e-30 0.591085 0.408895 0 7.41908e+34 
-18.8978 8.87524e+19 3.37787e-12 -3.37783e-12 3.37783e-12 3.32922e-06 1.7778e-05 1.0867e-29 0.591085 0.408894 0 7.05654e+34 
-18.8477 9.33122e+19 3.21281e-12 -3.21277e-12 3.21277e-12 3.50025e-06 1.86914e-05 1.32782e-29 0.591084 0.408894 0 6.71171e+34 
-18.7976 9.81062e+19 3.05581e-12 -3.05578e-12 3.05578e-12 3.68008e-06 1.96516e-05 1.62246e-29 0.591083 0.408893 0 6.38374e+34 
-18.7475 1.03147e+20 2.90649e-12 -2.90645e-12 2.90645e-12 3.86915e-06 2.06612e-05 1.98247e-29 0.591083 0.408893 0 6.07179e+34 
-18.6974 1.08446e+20 2.76446e-12 -2.76443e-12 2.76443e-12 4.06792e-06 2.17227e-05 2.42236e-29 0.591082 0.408892 0 5.77509e+34 
-18.6473 1.14017e+20 2.62938e-12 -2.62934e-12 2.62934e-12 4.27691e-06 2.28387e-05 2.95986e-29 0.591081 0.408892 0 5.49288e+34 
-18.5972 1.19875e+20 2.50089e-12 -2.50085e-12 2.50085e-12 4.49664e-06 2.40121e-05 3.61662e-29 0.59108 0.408891 0 5.22447e+34 
-18.5471 1.26034e+20 2.37868e-12 -2.37865e-12 2.37865e-12 4.72765e-06 2.52457e-05 4.41911e-29 0.59108 0.40889 0 4.96917e+34 
-18.497 1.32509e+20 2.26245e-12 -2.26241e-12 2.26241e-12 4.97054e-06 2.65427e-05 5.39967e-29 0.591079 0.40889 0 4.72635e+34 
-18.4469 1.39317e+20 2.15189e-12 -2.15186e-12 2.15186e-12 5.2259e-06 2.79063e-05 6.59781e-29 0.591078 0.408889 0 4.49539e+34 
-18.3968 1.46474e+20 2.04674e-12 -2.04671e-12 2.04671e-12 5.49438e-06 2.934e-05 8.0618e-29 0.591077 0.408888 0 4.27572e+34 
-18.3467 1.54e+20 1.94673e-12 -1.94669e-12 1.94669e-12 5.77665e-06 3.08473e-05 9.85063e-29 0.591076 0.408888 0 4.06678e+34 
-18.2966 1.61911e+20 1.8516e-12 -1.85157e-12 1.85157e-12 6.07342e-06 3.24321e-05 1.20364e-28 0.591075 0.408887 0 3.86805e+34 
-18.2465 1.7023e+20 1.76112e-12 -1.76109e-12 1.76109e-12 6.38544e-06 3.40982e-05 1.47071e-28 0.591073 0.408886 0 3.67904e+34 
-18.1964 1.78975e+20 1.67507e-12 -1.67503e-12 1.67503e-12 6.71348e-06 3.585e-05 1.79705e-28 0.591072 0.408885 0 3.49926e+34 
-18.1463 1.8817e+20 1.59321e-12 -1.59318e-12 1.59318e-12 7.05838e-06 3.76918e-05 2.1958e-28 0.591071 0.408884 0 3.32826e+34 
-18.0962 1.97838e+20 1.51536e-12 -1.51533e-12 1.51533e-12 7.421e-06 3.96281e-05 2.68302e-28 0.591069 0.408883 0 3.16563e+34 
-18.0461 2.08002e+20 1.44131e-12 -1.44128e-12 1.44128e-12 7.80225e-06 4.1664e-05 3.27836e-28 0.591068 0.408882 0 3.01093e+34 
-17.996 2.18688e+20 1.37088e-12 -1.37085e-12 1.37085e-12 8.20308e-06 4.38044e-05 4.00579e-28 0.591067 0.408881 0 2.8638e+34 
-17.9459 2.29923e+20 1.3039e-12 -1.30386e-12 1.30386e-12 8.6245e-06 4.60548e-05 4.89463e-28 0.591065 0.40888 0 2.72386e+34 
-17.8958 2.41736e+20 1.24018e-12 -1.24015e-12 1.24015e-12 9.06757e-06 4.84208e-05 5.9807e-28 0.591063 0.408879 0 2.59076e+34 
-17.8457 2.54155e+20 1.17958e-12 -1.17955e-12 1.17955e-12 9.5334e-06 5.09084e-05 7.30775e-28 0.591062 0.408878 0 2.46416e+34 
-17.7956 2.67213e+20 1.12194e-12 -1.12191e-12 1.12191e-12 1.00232e-05 5.35237e-05 8.92925e-28 0.59106 0.408877 0 2.34374e+34 
-17.7455 2.80941e+20 1.06712e-12 -1.06708e-12 1.06708e-12 1.05381e-05 5.62734e-05 1.09105e-27 0.591058 0.408875 0 2.22921e+34 
-17.6954 2.95374e+20 1.01498e-12 -1.01494e-12 1.01494e-12 1.10795e-05 5.91643e-05 1.33315e-27 0.591056 0.408874 0 2.12028e+34 
-17.6453 3.10549e+20 9.65379e-13 -9.65344e-13 9.65344e-13 1.16486e-05 6.22037e-05 1.62896e-27 0.591054 0.408873 0 2.01667e+34 
-17.5952 3.26504e+20 9.18207e-13 -9.18171e-13 9.18171e-13 1.22471e-05 6.53993e-05 1.9904e-27 0.591051 0.408871 0 1.91813e+34 
-17.5451 3.43278e+20 8.7334e-13 -8.73304e-13 8.73304e-13 1.28762e-05 6.8759e-05 2.43205e-27 0.591049 0.408869 0 1.82439e+34 
-17.495 3.60914e+20 8.30665e-13 -8.30629e-13 8.30629e-13 1.35377e-05 7.22913e-05 2.97169e-27 0.591047 0.408868 0 1.73524e+34 
-17.4449 3.79456e+20 7.90075e-13 -7.9004e-13 7.9004e-13 1.42331e-05 7.6005e-05 3.63107e-27 0.591044 0.408866 0 1.65045e+34 
-17.3948 3.98951e+20 7.51469e-13 -7.51434e-13 7.51434e-13 1.49643e-05 7.99095e-05 4.43675e-27 0.591041 0.408864 0 1.5698e+34 
-17.3447 4.19447e+20 7.1475e-13 -7.14714e-13 7.14714e-13 1.57331e-05 8.40145e-05 5.42121e-27 0.591038 0.408862 0 1.49309e+34 
-17.2946 4.40996e+20 6.79825e-13 -6.79789e-13 6.79789e-13 1.65413e-05 8.83305e-05 6.6241e-27 0.591035 0.40886 0 1.42013e+34 
-17.2445 4.63653e+20 6.46606e-13 -6.46571e-13 6.46571e-13 1.7391e-05 9.28681e-05 8.09389e-27 0.591032 0.408858 0 1.35073e+34 
-17.1944 4.87473e+20 6.15011e-13 -6.14975e-13 6.14975e-13 1.82844e-05 9.76387e-05 9.88981e-27 0.591029 0.408855 0 1.28473e+34 
-17.1443 5.12517e+20 5.8496e-13 -5.84924e-13 5.84924e-13 1.92237e-05 0.000102654 1.20842e-26 0.591025 0.408853 0 1.22195e+34 
-17.0942 5.38847e+20 5.56377e-13 -5.56341e-13 5.56341e-13 2.02112e-05 0.000107928 1.47655e-26 0.591022 0.40885 0 1.16224e+34 
-17.0441 5.6653e+20 5.29191e-13 -5.29155e-13 5.29155e-13 2.12494e-05 0.000113472 1.80417e-26 0.591018 0.408848 0 1.10544e+34 
-16.994 5.95635e+20 5.03333e-13 -5.03297e-13 5.03297e-13 2.2341e-05 0.000119301 2.20449e-26 0.591014 0.408845 0 1.05142e+34 
-16.9439 6.26236e+20 4.78739e-13 -4.78703e-13 4.78703e-13 2.34886e-05 0.000125429 2.69363e-26 0.591009 0.408842 0 1.00005e+34 
-16.8938 6.58408e+20 4.55347e-13 -4.55311e-13 4.55311e-13 2.46952e-05 0.000131872 3.2913e-26 0.591005 0.408839 0 9.51177e+33 
-16.8437 6.92234e+20 4.33098e-13 -4.33062e-13 4.33062e-13 2.59637e-05 0.000138646 4.02159e-26 0.591 0.408835 0 9.04697e+33 
-16.7936 7.27797e+20 4.11936e-13 -4.119e-13 4.119e-13 2.72974e-05 0.000145768 4.9139e-26 0.590995 0.408832 0 8.60488e+33 
-16.7435 7.65187e+20 3.91808e-13 -3.91772e-13 3.91772e-13 2.86996e-05 0.000153256 6.00421e-26 0.59099 0.408828 0 8.18439e+33 
-16.6934 8.04497e+20 3.72664e-13 -3.72628e-13 3.72628e-13 3.01738e-05 0.000161128 7.33643e-26 0.590984 0.408824 0 7.78446e+33 
-16.6433 8.45827e+20 3.54455e-13 -3.54419e-13 3.54419e-13 3.17237e-05 0.000169405 8.96424e-26 0.590978 0.40882 0 7.40406e+33 
-16.5932 8.89281e+20 3.37136e-13 -3.371e-13 3.371e-13 3.33533e-05 0.000178106 1.09532e-25 0.590972 0.408816 0 7.04225e+33 
-16.5431 9.34966e+20 3.20663e-13 -3.20627e-13 3.20627e-13 3.50664e-05 0.000187255 1.33835e-25 0.590966 0.408812 0 6.69813e+33 
-16.493 9.82999e+20 3.04995e-13 -3.0496e-13 3.0496e-13 3.68676e-05 0.000196873 1.6353e-25 0.590959 0.408807 0 6.37082e+33 
-16.4429 1.0335e+21 2.90093e-13 -2.90058e-13 2.90058e-13 3.87613e-05 0.000206985 1.99814e-25 0.590952 0.408802 0 6.0595e+33 
-16.3928 1.08659e+21 2.75919e-13 -2.75884e-13 2.75884e-13 4.07522e-05 0.000217617 2.44148e-25 0.590945 0.408797 0 5.7634e+33 
-16.3427 1.14241e+21 2.62438e-13 -2.62402e-13 2.62402e-13 4.28453e-05 0.000228794 2.98319e-25 0.590937 0.408792 0 5.48176e+33 
-16.2926 1.2011e+21 2.49615e-13 -2.4958e-13 2.4958e-13 4.50459e-05 0.000240545 3.64508e-25 0.590928 0.408786 0 5.21389e+33 
-16.2425 1.26281e+21 2.37419e-13 -2.37384e-13 2.37384e-13 4.73595e-05 0.0002529 4.45383e-25 0.59092 0.40878 0 4.95911e+33 
-16.1924 1.32768e+21 2.2582e-13 -2.25784e-13 2.25784e-13 4.97919e-05 0.000265889 5.44202e-25 0.590911 0.408774 0 4.71678e+33 
-16.1423 1.39589e+21 2.14786e-13 -2.14751e-13 2.14751e-13 5.23492e-05 0.000279545 6.64946e-25 0.590901 0.408767 0 4.48629e+33 
-16.0922 1.4676e+21 2.04292e-13 -2.04257e-13 2.04257e-13 5.50378e-05 0.000293902 8.12478e-25 0.590891 0.40876 0 4.26706e+33 
-16.0421 1.54299e+21 1.94311e-13 -1.94276e-13 1.94276e-13 5.78644e-05 0.000308996 9.92743e-25 0.59088 0.408753 0 4.05855e+33 
-15.992 1.62225e+21 1.84818e-13 -1.84782e-13 1.84782e-13 6.08361e-05 0.000324865 1.213e-24 0.590869 0.408745 0 3.86022e+33 
-15.9419 1.70559e+21 1.75788e-13 -1.75753e-13 1.75753e-13 6.39604e-05 0.000341548 1.48213e-24 0.590858 0.408737 0 3.67159e+33 
-15.8918 1.79321e+21 1.672e-13 -1.67164e-13 1.67164e-13 6.7245e-05 0.000359089 1.81096e-24 0.590845 0.408728 0 3.49217e+33 
-15.8417 1.88533e+21 1.59031e-13 -1.58996e-13 1.58996e-13 7.06983e-05 0.000377529 2.21276e-24 0.590832 0.408719 0 3.32152e+33 
-15.7916 1.98218e+21 1.51262e-13 -1.51226e-13 1.51226e-13 7.43288e-05 0.000396916 2.70369e-24 0.590819 0.40871 0 3.15921e+33 
-15.7415 2.084e+21 1.43872e-13 -1.43836e-13 1.43836e-13 7.81457e-05 0.000417298 3.30353e-24 0.590804 0.4087 0 3.00483e+33 
-15.6914 2.19106e+21 1.36843e-13 -1.36808e-13 1.36808e-13 8.21584e-05 0.000438726 4.03646e-24 0.590789 0.40869 0 2.858e+33 
-15.6413 2.30361e+21 1.30158e-13 -1.30122e-13 1.30122e-13 8.63771e-05 0.000461254 4.93199e-24 0.590774 0.408679 0 2.71834e+33 
-15.5912 2.42194e+21 1.238e-13 -1.23764e-13 1.23764e-13 9.08123e-05 0.000484938 6.02619e-24 0.590757 0.408667 0 2.5855e+33 
-15.5411 2.54636e+21 1.17752e-13 -1.17716e-13 1.17716e-13 9.54751e-05 0.000509837 7.36314e-24 0.590739 0.408655 0 2.45916e+33 
-15.491 2.67716e+21 1.11999e-13 -1.11964e-13 1.11964e-13 0.000100377 0.000536014 8.99668e-24 0.590721 0.408642 0 2.33899e+33 
-15.4409 2.81468e+21 1.06528e-13 -1.06493e-13 1.06493e-13 0.000105531 0.000563534 1.09926e-23 0.590702 0.408629 0 2.22469e+33 
-15.3908 2.95926e+21 1.01324e-13 -1.01289e-13 1.01289e-13 0.000110949 0.000592466 1.34313e-23 0.590681 0.408615 0 2.11598e+33 
-15.3407 3.11127e+21 9.63748e-14 -9.63392e-14 9.63391e-14 0.000116645 0.000622882 1.64111e-23 0.59066 0.4086 0 2.01258e+33 
-15.2906 3.27108e+21 9.16671e-14 -9.16315e-14 9.16314e-14 0.000122633 0.000654859 2.00518e-23 0.590638 0.408585 0 1.91423e+33 
-15.2405 3.43911e+21 8.71894e-14 -8.71538e-14 8.71538e-14 0.000128928 0.000688476 2.45001e-23 0.590614 0.408568 0 1.82069e+33 
-15.1904 3.61576e+21 8.29306e-14 -8.2895e-14 8.28949e-14 0.000135546 0.000723817 2.99353e-23 0.590589 0.408551 0 1.73172e+33 
-15.1403 3.80148e+21 7.88799e-14 -7.88442e-14 7.88442e-14 0.000142504 0.00076097 3.65761e-23 0.590563 0.408533 0 1.6471e+33 
-15.0902 3.99674e+21 7.50271e-14 -7.49914e-14 7.49914e-14 0.000149818 0.000800029 4.469e-23 0.590536 0.408514 0 1.56661e+33 
-15.0401 4.20203e+21 7.13625e-14 -7.13269e-14 7.13269e-14 0.000157508 0.000841091 5.46036e-23 0.590507 0.408494 0 1.49006e+33 
-14.99 4.41786e+21 6.78771e-14 -6.78415e-14 6.78414e-14 0.000165591 0.000884258 6.67164e-23 0.590477 0.408473 0 1.41724e+33 
-14.9399 4.64477e+21 6.4562e-14 -6.45263e-14 6.45263e-14 0.000174089 0.000929638 8.15158e-23 0.590445 0.408451 0 1.34799e+33 
-14.8898 4.88333e+21 6.14088e-14 -6.13732e-14 6.13732e-14 0.000183023 0.000977344 9.95979e-23 0.590411 0.408428 0 1.28212e+33 
-14.8397 5.13414e+21 5.84098e-14 -5.83741e-14 5.83741e-14 0.000192415 0.00102749 1.21691e-22 0.590376 0.408404 0 1.21946e+33 
-14.7896 5.39783e+21 5.55573e-14 -5.55216e-14 5.55216e-14 0.000202288 0.00108022 1.48684e-22 0.590339 0.408378 0 1.15987e+33 
-14.7395 5.67506e+21 5.28442e-14 -5.28085e-14 5.28085e-14 0.000212666 0.00113564 1.81663e-22 0.5903 0.408351 0 1.10319e+33 
-14.6894 5.96652e+21 5.02636e-14 -5.0228e-14 5.0228e-14 0.000223577 0.0011939 2.21958e-22 0.590259 0.408323 0 1.04929e+33 
-14.6393 6.27294e+21 4.78092e-14 -4.77736e-14 4.77735e-14 0.000235047 0.00125515 2.71189e-22 0.590216 0.408293 0 9.9801e+32 
-14.5892 6.5951e+21 4.54747e-14 -4.54391e-14 4.5439e-14 0.000247103 0.00131953 3.31338e-22 0.590171 0.408262 0 9.49241e+32 
-14.5391 6.93379e+21 4.32543e-14 -4.32186e-14 4.32186e-14 0.000259778 0.00138721 4.04827e-22 0.590124 0.408229 0 9.02855e+32 
-14.489 7.28987e+21 4.11423e-14 -4.11067e-14 4.11067e-14 0.000273101 0.00145836 4.94613e-22 0.590074 0.408195 0 8.58735e+32 
-14.4389 7.66423e+21 3.91336e-14 -3.9098e-14 3.9098e-14 0.000287107 0.00153315 6.0431e-22 0.590021 0.408158 0 8.16772e+32 
-14.3888 8.0578e+21 3.72231e-14 -3.71875e-14 3.71874e-14 0.000301829 0.00161177 7.38333e-22 0.589966 0.40812 0 7.76859e+32 
-14.3387 8.47157e+21 3.54059e-14 -3.53703e-14 3.53702e-14 0.000317305 0.00169441 9.02075e-22 0.589908 0.40808 0 7.38896e+32 
-14.2886 8.90658e+21 3.36775e-14 -3.36419e-14 3.36418e-14 0.000333572 0.00178128 1.10212e-21 0.589847 0.408038 0 7.02789e+32 
-14.2385 9.36391e+21 3.20335e-14 -3.19979e-14 3.19979e-14 0.000350672 0.00187259 1.34653e-21 0.589783 0.407994 0 6.68445e+32 
-14.1884 9.84472e+21 3.04699e-14 -3.04343e-14 3.04343e-14 0.000368646 0.00196857 1.64513e-21 0.589716 0.407947 0 6.35781e+32 
-14.1383 1.03502e+22 2.89827e-14 -2.89471e-14 2.89471e-14 0.000387539 0.00206946 2.00993e-21 0.589645 0.407898 0 6.04712e+32 
-14.0882 1.08816e+22 2.75682e-14 -2.75326e-14 2.75326e-14 0.000407398 0.00217551 2.45561e-21 0.589571 0.407847 0 5.75161e+32 
-14.0381 1.14403e+22 2.62228e-14 -2.61872e-14 2.61871e-14 0.000428272 0.00228697 3.00009e-21 0.589492 0.407792 0 5.47055e+32 
-13.988 1.20276e+22 2.49431e-14 -2.49075e-14 2.49075e-14 0.000450212 0.00240413 3.66527e-21 0.58941 0.407736 0 5.20322e+32 
-13.9379 1.26451e+22 2.3726e-14 -2.36904e-14 2.36904e-14 0.000473273 0.00252728 4.47791e-21 0.589324 0.407676 0 4.94895e+32 
-13.8878 1.32942e+22 2.25684e-14 -2.25328e-14 2.25327e-14 0.000497511 0.00265671 5.47068e-21 0.589233 0.407613 0 4.70711e+32 
-13.8377 1.39767e+22 2.14673e-14 -2.14317e-14 2.14316e-14 0.000522987 0.00279275 6.6835e-21 0.589137 0.407547 0 4.47709e+32 
-13.7876 1.46941e+22 2.042e-14 -2.03844e-14 2.03843e-14 0.000549763 0.00293573 8.16513e-21 0.589037 0.407477 0 4.2583e+32 
-13.7375 1.54484e+22 1.94239e-14 -1.93883e-14 1.93882e-14 0.000577904 0.00308601 9.97513e-21 0.588932 0.407405 0 4.05021e+32 
-13.6874 1.62413e+22 1.84765e-14 -1.84409e-14 1.84408e-14 0.00060748 0.00324394 1.21862e-20 0.588821 0.407328 0 3.85229e+32 
-13.6373 1.70749e+22 1.75753e-14 -1.75398e-14 1.75397e-14 0.000638564 0.00340993 1.48873e-20 0.588704 0.407247 0 3.66403e+32 
-13.5872 1.79512e+22 1.67182e-14 -1.66827e-14 1.66826e-14 0.000671232 0.00358438 1.81869e-20 0.588582 0.407163 0 3.48498e+32 
-13.5371 1.88724e+22 1.5903e-14 -1.58675e-14 1.58674e-14 0.000705563 0.00376771 2.22176e-20 0.588453 0.407074 0 3.31468e+32 
-13.487 1.98409e+22 1.51276e-14 -1.50921e-14 1.5092e-14 0.000741642 0.00396037 2.71413e-20 0.588318 0.40698 0 3.1527e+32 
-13.4369 2.0859e+22 1.43902e-14 -1.43546e-14 1.43545e-14 0.000779556 0.00416283 3.31557e-20 0.588176 0.406882 0 2.99863e+32 
-13.3868 2.19292e+22 1.36887e-14 -1.36532e-14 1.36531e-14 0.000819399 0.00437559 4.05024e-20 0.588027 0.406778 0 2.85209e+32 
-13.3367 2.30543e+22 1.30215e-14 -1.2986e-14 1.29859e-14 0.000861267 0.00459917 4.94764e-20 0.58787 0.40667 0 2.71271e+32 
-13.2866 2.42371e+22 1.2387e-14 -1.23514e-14 1.23513e-14 0.000905262 0.0048341 6.04379e-20 0.587705 0.406556 0 2.58015e+32 
-13.2365 2.54804e+22 1.17834e-14 -1.17479e-14 1.17478e-14 0.00095149 0.00508096 7.38269e-20 0.587532 0.406436 0 2.45406e+32 
-13.1864 2.67874e+22 1.12093e-14 -1.11738e-14 1.11737e-14 0.00100006 0.00534035 9.01805e-20 0.587349 0.40631 0 2.33413e+32 
-13.1363 2.81614e+22 1.06633e-14 -1.06278e-14 1.06277e-14 0.0010511 0.00561289 1.10155e-19 0.587158 0.406178 0 2.22007e+32 
-13.0862 2.96057e+22 1.0144e-14 -1.01085e-14 1.01083e-14 0.00110473 0.00589924 1.34552e-19 0.586957 0.406039 0 2.11157e+32 
-13.0361 3.11239e+22 9.65002e-15 -9.6145e-15 9.61437e-15 0.00116106 0.00620009 1.64348e-19 0.586746 0.405893 0 2.00838e+32 
-12.986 3.27198e+22 9.1802e-15 -9.14469e-15 9.14455e-15 0.00122025 0.00651616 2.0074e-19 0.586524 0.405739 0 1.91024e+32 
-12.9359 3.43974e+22 8.73333e-15 -8.69783e-15 8.69769e-15 0.00128244 0.00684822 2.45185e-19 0.586291 0.405578 0 1.81688e+32 
-12.8858 3.61609e+22 8.30831e-15 -8.27281e-15 8.27266e-15 0.00134776 0.00719705 2.99465e-19 0.586046 0.405409 0 1.72809e+32 
-12.8357 3.80145e+22 7.90405e-15 -7.86856e-15 7.8684e-15 0.00141638 0.00756348 3.65753e-19 0.585789 0.405231 0 1.64364e+32 
-12.7856 3.99629e+22 7.51954e-15 -7.48406e-15 7.4839e-15 0.00148846 0.0079484 4.46705e-19 0.585519 0.405044 0 1.56332e+32 
-12.7355 4.2011e+22 7.15383e-15 -7.11836e-15 7.11818e-15 0.00156418 0.00835271 5.45561e-19 0.585235 0.404848 0 1.48692e+32 
-12.6854 4.41637e+22 6.80598e-15 -6.77052e-15 6.77034e-15 0.0016437 0.00877737 6.66278e-19 0.584937 0.404642 0 1.41425e+32 
-12.6353 4.64265e+22 6.47514e-15 -6.43968e-15 6.43949e-15 0.00172723 0.00922339 8.13684e-19 0.584624 0.404425 0 1.34513e+32 
-12.5852 4.88048e+22 6.16045e-15 -6.12501e-15 6.12481e-15 0.00181494 0.0096918 9.93675e-19 0.584296 0.404198 0 1.2794e+32 
-12.5351 5.13046e+22 5.86115e-15 -5.82572e-15 5.8255e-15 0.00190706 0.0101837 1.21345e-18 0.58395 0.403959 0 1.21687e+32 
-12.485 5.39321e+22 5.57647e-15 -5.54105e-15 5.54082e-15 0.00200379 0.0107003 1.48178e-18 0.583588 0.403708 0 1.1574e+32 
-12.4349 5.66936e+22 5.3057e-15 -5.27029e-15 5.27006e-15 0.00210537 0.0112427 1.8094e-18 0.583207 0.403445 0 1.10084e+32 
-12.3848 5.95961e+22 5.04816e-15 -5.01277e-15 5.01252e-15 0.00221202 0.0118122 2.20937e-18 0.582808 0.403168 0 1.04704e+32 
-12.3347 6.26466e+22 4.80321e-15 -4.76783e-15 4.76756e-15 0.00232399 0.0124101 2.69767e-18 0.582388 0.402878 0 9.95864e+31 
-12.2846 6.58527e+22 4.57023e-15 -4.53485e-15 4.53458e-15 0.00244154 0.0130378 3.29377e-18 0.581947 0.402573 0 9.47193e+31 
-12.2345 6.92221e+22 4.34863e-15 -4.31327e-15 4.31298e-15 0.00256494 0.0136968 4.02143e-18 0.581485 0.402253 0 9.00901e+31 
-12.1844 7.27633e+22 4.13785e-15 -4.10251e-15 4.10221e-15 0.00269446 0.0143884 4.90966e-18 0.581 0.401917 0 8.56871e+31 
-12.1343 7.64847e+22 3.93738e-15 -3.90205e-15 3.90174e-15 0.00283041 0.0151144 5.99381e-18 0.58049 0.401565 0 8.14992e+31 
-12.0842 8.03956e+22 3.7467e-15 -3.71139e-15 3.71106e-15 0.00297309 0.0158763 7.31705e-18 0.579955 0.401195 0 7.7516e+31 
-12.0341 8.45055e+22 3.56534e-15 -3.53005e-15 3.5297e-15 0.00312281 0.0166758 8.932e-18 0.579394 0.400807 0 7.37274e+31 
-11.984 8.88244e+22 3.39284e-15 -3.35757e-15 3.3572e-15 0.00327991 0.0175147 1.09028e-17 0.578806 0.4004 0 7.01239e+31 
-11.9339 9.33629e+22 3.22877e-15 -3.19351e-15 3.19313e-15 0.00344474 0.0183949 1.33079e-17 0.578188 0.399972 0 6.66966e+31 
-11.8838 9.81318e+22 3.07272e-15 -3.03748e-15 3.03708e-15 0.00361766 0.0193183 1.62426e-17 0.57754 0.399524 0 6.34367e+31 
-11.8337 1.03143e+23 2.92429e-15 -2.88907e-15 2.88865e-15 0.00379905 0.0202869 1.98233e-17 0.57686 0.399054 0 6.03361e+31 
-11.7836 1.08408e+23 2.78311e-15 -2.74792e-15 2.74747e-15 0.00398929 0.0213028 2.4192e-17 0.576147 0.398561 0 5.73871e+31 
-11.7335 1.13941e+23 2.64883e-15 -2.61366e-15 2.61319e-15 0.0041888 0.0223682 2.95217e-17 0.5754 0.398043 0 5.45821e+31 
-11.6834 1.19753e+23 2.52111e-15 -2.48596e-15 2.48547e-15 0.00439801 0.0234854 3.60232e-17 0.574615 0.397501 0 5.19142e+31 
-11.6333 1.25861e+23 2.39963e-15 -2.36451e-15 2.36399e-15 0.00461735 0.0246566 4.39535e-17 0.573794 0.396933 0 4.93767e+31 
-11.5832 1.32277e+23 2.28409e-15 -2.24899e-15 2.24845e-15 0.00484728 0.0258845 5.36258e-17 0.572932 0.396336 0 4.69632e+31 
-11.5331 1.39017e+23 2.17419e-15 -2.13912e-15 2.13855e-15 0.00508828 0.0271714 6.54217e-17 0.572029 0.395712 0 4.46676e+31 
-11.483 1.46099e+23 2.06966e-15 -2.03462e-15 2.03402e-15 0.00534085 0.0285201 7.9806e-17 0.571082 0.395057 0 4.24842e+31 
-11.4329 1.53537e+23 1.97023e-15 -1.93522e-15 1.9346e-15 0.00560549 0.0299333 9.7345e-17 0.57009 0.394371 0 4.04075e+31 
-11.3828 1.61351e+23 1.87567e-15 -1.84069e-15 1.84004e-15 0.00588274 0.0314138 1.18728e-16 0.569051 0.393652 0 3.84322e+31 
-11.3327 1.69559e+23 1.78572e-15 -1.75077e-15 1.75009e-15 0.00617315 0.0329646 1.44796e-16 0.567963 0.392899 0 3.65535e+31 
-11.2826 1.7818e+23 1.70016e-15 -1.66526e-15 1.66454e-15 0.00647728 0.0345887 1.7657e-16 0.566823 0.392111 0 3.47666e+31 
-11.2325 1.87234e+23 1.61879e-15 -1.58392e-15 1.58317e-15 0.00679572 0.0362891 2.15295e-16 0.56563 0.391285 0 3.3067e+31 
-11.1824 1.96744e+23 1.54139e-15 -1.50655e-15 1.50577e-15 0.00712908 0.0380693 2.62486e-16 0.564381 0.390421 0 3.14505e+31 
-11.1323 2.0673e+23 1.46777e-15 -1.43298e-15 1.43215e-15 0.00747798 0.0399324 3.19987e-16 0.563073 0.389516 0 2.9913e+31 
-11.0822 2.17218e+23 1.39774e-15 -1.36299e-15 1.36213e-15 0.00784307 0.041882 3.9004e-16 0.561705 0.38857 0 2.84505e+31 
-11.0321 2.2823e+23 1.33114e-15 -1.29643e-15 1.29553e-15 0.008225 0.0439215 4.75372e-16 0.560274 0.38758 0 2.70596e+31 
-10.982 2.39793e+23 1.26779e-15 -1.23313e-15 1.23218e-15 0.00862447 0.0460547 5.79302e-16 0.558777 0.386544 0 2.57366e+31 
-10.9319 2.51934e+23 1.20753e-15 -1.17292e-15 1.17192e-15 0.00904216 0.0482851 7.05861e-16 0.557211 0.385461 0 2.44783e+31 
-10.8818 2.64679e+23 1.15021e-15 -1.11565e-15 1.11461e-15 0.0094788 0.0506168 8.59954e-16 0.555575 0.384329 0 2.32815e+31 
-10.8317 2.7806e+23 1.09569e-15 -1.06118e-15 1.0601e-15 0.00993511 0.0530535 1.04754e-15 0.553865 0.383147 0 2.21431e+31 
-10.7816 2.92106e+23 1.04384e-15 -1.00938e-15 1.00825e-15 0.0104118 0.0555993 1.27585e-15 0.552078 0.381911 0 2.10604e+31 
-10.7315 3.06849e+23 9.9451e-16 -9.60116e-16 9.58926e-16 0.0109098 0.0582582 1.55368e-15 0.550212 0.38062 0 2.00306e+31 
-10.6814 3.22322e+23 9.47591e-16 -9.13258e-16 9.12014e-16 0.0114297 0.0610344 1.89171e-15 0.548264 0.379272 0 1.90511e+31 
-10.6313 3.38561e+23 9.02963e-16 -8.68693e-16 8.67393e-16 0.0119723 0.0639321 2.30289e-15 0.54623 0.377865 0 1.81195e+31 
-10.5812 3.55602e+23 8.60512e-16 -8.26309e-16 8.24949e-16 0.0125385 0.0669556 2.80295e-15 0.544109 0.376397 0 1.72334e+31 
-10.5311 3.73483e+23 8.20131e-16 -7.85998e-16 7.84578e-16 0.0131291 0.0701092 3.41098e-15 0.541895 0.374866 0 1.63906e+31 
-10.481 3.92243e+23 7.81721e-16 -7.47661e-16 7.46177e-16 0.0137448 0.0733973 4.1501e-15 0.539588 0.37327 0 1.5589e+31 
-10.4309 4.11924e+23 7.45184e-16 -7.112e-16 7.0965e-16 0.0143866 0.0768242 5.04837e-15 0.537183 0.371606 0 1.48266e+31 
-10.3808 4.32569e+23 7.10429e-16 -6.76524e-16 6.74906e-16 0.0150551 0.0803944 6.13979e-15 0.534677 0.369873 0 1.41014e+31 
-10.3307 4.54223e+23 6.77368e-16 -6.43546e-16 6.41857e-16 0.0157514 0.0841123 7.46556e-15 0.532068 0.368068 0 1.34116e+31 
-10.2806 4.76932e+23 6.45918e-16 -6.12183e-16 6.10421e-16 0.0164761 0.0879823 9.07555e-15 0.529352 0.366189 0 1.27556e+31 
-10.2305 5.00746e+23 6.16001e-16 -5.82356e-16 5.80518e-16 0.0172301 0.0920088 1.10301e-14 0.526526 0.364235 0 1.21316e+31 
-10.1804 5.25714e+23 5.87542e-16 -5.5399e-16 5.52074e-16 0.0180142 0.096196 1.34024e-14 0.523588 0.362202 0 1.15381e+31 
-10.1303 5.51891e+23 5.60468e-16 -5.27014e-16 5.25018e-16 0.0188292 0.100548 1.62808e-14 0.520534 0.360089 0 1.09737e+31 
-10.0802 5.7933e+23 5.34713e-16 -5.01361e-16 4.99281e-16 0.019676 0.10507 1.97721e-14 0.517361 0.357894 0 1.04368e+31 
-10.0301 6.08089e+23 5.10211e-16 -4.76965e-16 4.74799e-16 0.0205551 0.109764 2.40055e-14 0.514066 0.355615 0 9.92612e+30 
-9.97996 6.38226e+23 4.869e-16 -4.53766e-16 4.51511e-16 0.0214674 0.114636 2.91371e-14 0.510647 0.35325 0 9.44042e+30 
-9.92986 6.69804e+23 4.64724e-16 -4.31705e-16 4.29359e-16 0.0224136 0.119689 3.53552e-14 0.507101 0.350797 0 8.97846e+30 
-9.87976 7.02887e+23 4.43625e-16 -4.10726e-16 4.08286e-16 0.0233943 0.124926 4.28871e-14 0.503426 0.348254 0 8.53907e+30 
-9.82966 7.3754e+23 4.23552e-16 -3.90777e-16 3.88241e-16 0.0244102 0.130351 5.20072e-14 0.499619 0.345621 0 8.12116e+30 
-9.77956 7.73833e+23 4.04453e-16 -3.71808e-16 3.69173e-16 0.0254619 0.135967 6.30459e-14 0.495677 0.342894 0 7.72367e+30 
-9.72946 8.11836e+23 3.86281e-16 -3.5377e-16 3.51034e-16 0.0265499 0.141776 7.64016e-14 0.4916 0.340074 0 7.34561e+30 
-9.67936 8.51623e+23 3.6899e-16 -3.36619e-16 3.3378e-16 0.0276746 0.147782 9.25542e-14 0.487385 0.337158 0 6.98602e+30 
-9.62926 8.93271e+23 3.52538e-16 -3.20312e-16 3.17366e-16 0.0288364 0.153987 1.12081e-13 0.483031 0.334146 0 6.64401e+30 
-9.57916 9.36859e+23 3.36882e-16 -3.04806e-16 3.01752e-16 0.0300358 0.160391 1.35676e-13 0.478536 0.331037 0 6.31872e+30 
-9.52906 9.82468e+23 3.21983e-16 -2.90063e-16 2.86899e-16 0.031273 0.166998 1.64176e-13 0.4739 0.327829 0 6.00932e+30 
-9.47896 1.03018e+24 3.07805e-16 -2.76046e-16 2.7277e-16 0.0325482 0.173807 1.98582e-13 0.469121 0.324523 0 5.71504e+30 
-9.42886 1.08009e+24 2.94312e-16 -2.6272e-16 2.59329e-16 0.0338614 0.18082 2.40101e-13 0.4642 0.321119 0 5.43515e+30 
-9.37876 1.13228e+24 2.81469e-16 -2.50051e-16 2.46543e-16 0.0352127 0.188036 2.90177e-13 0.459136 0.317616 0 5.16894e+30 
-9.32866 1.18684e+24 2.69246e-16 -2.38006e-16 2.34381e-16 0.036602 0.195454 3.50544e-13 0.453929 0.314014 0 4.91574e+30 
-9.27856 1.24388e+24 2.57611e-16 -2.26556e-16 2.22812e-16 0.038029 0.203075 4.23281e-13 0.448581 0.310315 0 4.67492e+30 
-9.22846 1.30348e+24 2.46536e-16 -2.15671e-16 2.11807e-16 0.0394936 0.210896 5.10875e-13 0.443093 0.306518 0 4.44587e+30 
-9.17836 1.36576e+24 2.35992e-16 -2.05324e-16 2.01338e-16 0.0409953 0.218915 6.16306e-13 0.437465 0.302625 0 4.22801e+30 
-9.12826 1.43081e+24 2.25954e-16 -1.95488e-16 1.9138e-16 0.0425335 0.227129 7.43137e-13 0.4317 0.298637 0 4.02081e+30 
-9.07816 1.49874e+24 2.16396e-16 -1.86139e-16 1.81908e-16 0.0441077 0.235535 8.95625e-13 0.425801 0.294556 0 3.82373e+30 
-9.02806 1.56966e+24 2.07295e-16 -1.77253e-16 1.72899e-16 0.045717 0.244129 1.07886e-12 0.41977 0.290384 0 3.63629e+30 
-8.97796 1.64369e+24 1.98628e-16 -1.68807e-16 1.6433e-16 0.0473605 0.252905 1.2989e-12 0.413611 0.286123 0 3.45801e+30 
-8.92786 1.72094e+24 1.90373e-16 -1.6078e-16 1.5618e-16 0.0490372 0.261859 1.56301e-12 0.407328 0.281777 0 3.28845e+30 
-8.87776 1.80152e+24 1.82511e-16 -1.53151e-16 1.48428e-16 0.050746 0.270984 1.8798e-12 0.400924 0.277347 0 3.12718e+30 
-8.82766 1.88557e+24 1.75021e-16 -1.45901e-16 1.41056e-16 0.0524856 0.280273 2.25957e-12 0.394404 0.272837 0 2.9738e+30 
-8.77756 1.9732e+24 1.67885e-16 -1.39011e-16 1.34045e-16 0.0542546 0.28972 2.71454e-12 0.387775 0.268251 0 2.82791e+30 
-8.72745 2.06454e+24 1.61086e-16 -1.32464e-16 1.27378e-16 0.0560515 0.299315 3.25928e-12 0.381041 0.263592 0 2.68916e+30 
-8.67735 2.15972e+24 1.54607e-16 -1.26242e-16 1.21039e-16 0.0578745 0.30905 3.91108e-12 0.374209 0.258866 0 2.55719e+30 
-8.62725 2.25888e+24 1.48432e-16 -1.20331e-16 1.15011e-16 0.0597221 0.318916 4.6905e-12 0.367285 0.254077 0 2.43168e+30 
-8.57715 2.36214e+24 1.42545e-16 -1.14713e-16 1.09279e-16 0.0615922 0.328903 5.62193e-12 0.360277 0.249228 0 2.3123e+30 
-8.52705 2.46966e+24 1.36933e-16 -1.09376e-16 1.03831e-16 0.063483 0.338999 6.73428e-12 0.353191 0.244327 0 2.19877e+30 
-8.47695 2.58156e+24 1.31581e-16 -1.04305e-16 9.86509e-17 0.0653924 0.349195 8.06187e-12 0.346036 0.239377 0 2.09079e+30 
-8.42685 2.698e+24 1.26477e-16 -9.9487e-17 9.37273e-17 0.0673181 0.359479 9.64529e-12 0.338819 0.234384 0 1.98809e+30 
-8.37675 2.81912e+24 1.21608e-16 -9.49094e-17 8.90477e-17 0.069258 0.369838 1.15326e-11 0.331549 0.229355 0 1.89041e+30 
-8.32665 2.94507e+24 1.16963e-16 -9.05605e-17 8.46004e-17 0.0712098 0.38026 1.37807e-11 0.324234 0.224295 0 1.79751e+30 
-8.27655 3.076e+24 1.1253e-16 -8.64287e-17 8.03744e-17 0.0731711 0.390734 1.64569e-11 0.316884 0.219211 0 1.70916e+30 
-8.22645 3.21207e+24 1.083e-16 -8.25034e-17 7.6359e-17 0.0751395 0.401245 1.96404e-11 0.309508 0.214108 0 1.62513e+30 
-8.17635 3.35343e+24 1.0426e-16 -7.87742e-17 7.25442e-17 0.0771126 0.411781 2.34251e-11 0.302113 0.208993 0 1.54522e+30 
-8.12625 3.50024e+24 1.00403e-16 -7.52313e-17 6.89204e-17 0.0790879 0.422329 2.79217e-11 0.294711 0.203872 0 1.46921e+30 
-8.07615 3.65267e+24 9.67191e-17 -7.18653e-17 6.54786e-17 0.0810629 0.432876 3.32605e-11 0.28731 0.198752 0 1.39693e+30 
-8.02605 3.81088e+24 9.31995e-17 -6.86674e-17 6.221e-17 0.0830351 0.443408 3.95952e-11 0.279918 0.193639 0 1.32818e+30 
-7.97595 3.97504e+24 8.9836e-17 -6.56291e-17 5.91063e-17 0.0850021 0.453911 4.7107e-11 0.272547 0.188539 0 1.2628e+30 
-7.92585 4.14531e+24 8.66209e-17 -6.27423e-17 5.61597e-17 0.0869615 0.464374 5.6009e-11 0.265204 0.18346 0 1.20062e+30 
-7.87575 4.32188e+24 8.35468e-17 -5.99993e-17 5.33626e-17 0.0889108 0.474784 6.65518e-11 0.257899 0.178406 0 1.14149e+30 
-7.82565 4.50492e+24 8.06066e-17 -5.73929e-17 5.07077e-17 0.0908477 0.485127 7.90304e-11 0.25064 0.173385 0 1.08525e+30 
-7.77555 4.69461e+24 7.77938e-17 -5.49161e-17 4.81883e-17 0.09277 0.495392 9.37912e-11 0.243437 0.168402 0 1.03177e+30 
-7.72545 4.89113e+24 7.5102e-17 -5.25623e-17 4.57977e-17 0.0946753 0.505566 1.11241e-10 0.236296 0.163462 0 9.80903e+29 
-7.67535 5.09465e+24 7.25251e-17 -5.03252e-17 4.35297e-17 0.0965616 0.515639 1.31859e-10 0.229227 0.158572 0 9.32532e+29 
-7.62525 5.30538e+24 7.00575e-17 -4.81987e-17 4.13784e-17 0.0984268 0.525599 1.56204e-10 0.222237 0.153737 0 8.86531e+29 
-7.57515 5.5235e+24 6.76938e-17 -4.61772e-17 3.9338e-17 0.100269 0.535436 1.84935e-10 0.215334 0.148961 0 8.42784e+29 
-7.52505 5.7492e+24 6.54289e-17 -4.42552e-17 3.74031e-17 0.102086 0.545141 2.18824e-10 0.208523 0.14425 0 8.01183e+29 
-7.47495 5.98268e+24 6.32579e-17 -4.24277e-17 3.55685e-17 0.103877 0.554703 2.58775e-10 0.201813 0.139608 0 7.6162e+29 
-7.42485 6.22414e+24 6.11761e-17 -4.06896e-17 3.38292e-17 0.105639 0.564114 3.05847e-10 0.195208 0.135039 0 7.23998e+29 
-7.37475 6.47378e+24 5.91793e-17 -3.90365e-17 3.21805e-17 0.107372 0.573367 3.6128e-10 0.188714 0.130547 0 6.88221e+29 
-7.32465 6.7318e+24 5.72633e-17 -3.74637e-17 3.06177e-17 0.109074 0.582454 4.26528e-10 0.182337 0.126135 0 6.54199e+29 
-7.27455 6.99843e+24 5.54242e-17 -3.59672e-17 2.91367e-17 0.110743 0.591368 5.0329e-10 0.176081 0.121807 0 6.21846e+29 
-7.22445 7.27387e+24 5.36582e-17 -3.45429e-17 2.77333e-17 0.112379 0.600104 5.93556e-10 0.169951 0.117567 0 5.91081e+29 
-7.17435 7.55833e+24 5.19618e-17 -3.31871e-17 2.64034e-17 0.11398 0.608655 6.99651e-10 0.163949 0.113415 0 5.61826e+29 
-7.12425 7.85204e+24 5.03317e-17 -3.18961e-17 2.51435e-17 0.115546 0.617018 8.24295e-10 0.15808 0.109355 0 5.34007e+29 
-7.07415 8.15523e+24 4.87648e-17 -3.06666e-17 2.39498e-17 0.117076 0.625188 9.70667e-10 0.152347 0.105389 0 5.07555e+29 
-7.02405 8.46813e+24 4.7258e-17 -2.94953e-17 2.28189e-17 0.11857 0.633163 1.14248e-09 0.14675 0.101517 0 4.82401e+29 
-6.97395 8.79096e+24 4.58084e-17 -2.83791e-17 2.17476e-17 0.120026 0.640938 1.34408e-09 0.141293 0.0977423 0 4.58483e+29 
-6.92385 9.12397e+24 4.44135e-17 -2.73152e-17 2.07328e-17 0.121444 0.648513 1.58053e-09 0.135977 0.0940648 0 4.3574e+29 
-6.87375 9.4674e+24 4.30706e-17 -2.63008e-17 1.97714e-17 0.122825 0.655886 1.85775e-09 0.130803 0.0904854 0 4.14116e+29 
-6.82365 9.82149e+24 4.17773e-17 -2.53333e-17 1.88607e-17 0.124168 0.663056 2.18265e-09 0.125771 0.0870046 0 3.93554e+29 
-6.77355 1.01865e+25 4.05314e-17 -2.44102e-17 1.7998e-17 0.125472 0.670023 2.56329e-09 0.120882 0.0836225 0 3.74003e+29 
-6.72345 1.05627e+25 3.93307e-17 -2.35291e-17 1.71806e-17 0.126739 0.676786 3.00908e-09 0.116136 0.0803391 0 3.55415e+29 
-6.67335 1.09504e+25 3.81732e-17 -2.26879e-17 1.64062e-17 0.127968 0.683347 3.53101e-09 0.111531 0.077154 0 3.3774e+29 
-6.62325 1.13497e+25 3.70568e-17 -2.18845e-17 1.56725e-17 0.129158 0.689706 4.14187e-09 0.107069 0.0740667 0 3.20936e+29 
-6.57315 1.17611e+25 3.59797e-17 -2.11169e-17 1.49772e-17 0.130312 0.695866 4.8566e-09 0.102746 0.0710765 0 3.04959e+29 
-6.52305 1.21847e+25 3.49403e-17 -2.03832e-17 1.43183e-17 0.131428 0.701827 5.69261e-09 0.0985624 0.0681824 0 2.89768e+29 
-6.47295 1.26209e+25 3.39368e-17 -1.96816e-17 1.36937e-17 0.132508 0.707592 6.67021e-09 0.0945162 0.0653834 0 2.75326e+29 
-6.42285 1.307e+25 3.29677e-17 -1.90105e-17 1.31017e-17 0.133551 0.713165 7.81305e-09 0.0906055 0.0626781 0 2.61595e+29 
-6.37275 1.35322e+25 3.20314e-17 -1.83683e-17 1.25403e-17 0.134559 0.718547 9.14873e-09 0.0868284 0.0600652 0 2.48542e+29 
-6.32265 1.40079e+25 3.11267e-17 -1.77535e-17 1.20079e-17 0.135532 0.723742 1.07094e-08 0.0831825 0.0575431 0 2.36132e+29 
-6.27255 1.44974e+25 3.02521e-17 -1.71647e-17 1.15029e-17 0.136471 0.728754 1.25324e-08 0.0796656 0.0551102 0 2.24333e+29 
-6.22244 1.5001e+25 2.94064e-17 -1.66005e-17 1.10238e-17 0.137375 0.733585 1.46616e-08 0.076275 0.0527647 0 2.13117e+29 
-6.17234 1.5519e+25 2.85883e-17 -1.60597e-17 1.05691e-17 0.138247 0.73824 1.71475e-08 0.0730081 0.0505047 0 2.02455e+29 
-6.12224 1.60518e+25 2.77968e-17 -1.55411e-17 1.01375e-17 0.139087 0.742723 2.00496e-08 0.0698622 0.0483285 0 1.92319e+29 
-6.07214 1.65998e+25 2.70308e-17 -1.50435e-17 9.72761e-18 0.139895 0.747037 2.34367e-08 0.0668343 0.0462339 0 1.82683e+29 
-6.02204 1.71633e+25 2.62891e-17 -1.4566e-17 9.33834e-18 0.140672 0.751188 2.73891e-08 0.0639215 0.0442189 0 1.73524e+29 
-5.97194 1.77426e+25 2.55709e-17 -1.41075e-17 8.96848e-18 0.141419 0.755178 3.20002e-08 0.0611209 0.0422816 0 1.64817e+29 
-5.92184 1.83381e+25 2.48752e-17 -1.36671e-17 8.61694e-18 0.142137 0.759013 3.7379e-08 0.0584295 0.0404197 0 1.56541e+29 
-5.87174 1.89503e+25 2.42012e-17 -1.32438e-17 8.28271e-18 0.142827 0.762698 4.36521e-08 0.055844 0.0386311 0 1.48674e+29 
-5.82164 1.95795e+25 2.35479e-17 -1.28369e-17 7.9648e-18 0.14349 0.766235 5.0967e-08 0.0533615 0.0369138 0 1.41197e+29 
-5.77154 2.02261e+25 2.29147e-17 -1.24455e-17 7.66232e-18 0.144125 0.76963 5.94955e-08 0.0509788 0.0352656 0 1.3409e+29 
-5.72144 2.08906e+25 2.23006e-17 -1.20688e-17 7.37439e-18 0.144735 0.772887 6.94374e-08 0.0486929 0.0336842 0 1.27334e+29 
-5.67134 2.15733e+25 2.17051e-17 -1.17063e-17 7.10021e-18 0.14532 0.776011 8.10251e-08 0.0465007 0.0321677 0 1.20914e+29 
-5.62124 2.22747e+25 2.11274e-17 -1.13572e-17 6.83901e-18 0.145881 0.779006 9.45294e-08 0.044399 0.0307139 0 1.14812e+29 
-5.57114 2.29952e+25 2.05669e-17 -1.10208e-17 6.59006e-18 0.146419 0.781876 1.10265e-07 0.042385 0.0293206 0 1.09012e+29 
-5.52104 2.37354e+25 2.00229e-17 -1.06967e-17 6.3527e-18 0.146933 0.784625 1.28599e-07 0.0404556 0.0279859 0 1.035e+29 
-5.47094 2.44956e+25 1.94949e-17 -1.03841e-17 6.12627e-18 0.147427 0.787258 1.49957e-07 0.0386078 0.0267077 0 9.82616e+28 
-5.42084 2.52764e+25 1.89823e-17 -1.00826e-17 5.91017e-18 0.147899 0.789779 1.74836e-07 0.0368388 0.0254839 0 9.32834e+28 
-5.37074 2.60783e+25 1.84845e-17 -9.79175e-18 5.70384e-18 0.14835 0.792191 2.03812e-07 0.0351457 0.0243127 0 8.85526e+28 
-5.32064 2.69017e+25 1.8001e-17 -9.51096e-18 5.50675e-18 0.148783 0.794499 2.37557e-07 0.0335256 0.023192 0 8.4057e+28 
-5.27054 2.77472e+25 1.75313e-17 -9.23982e-18 5.31838e-18 0.149196 0.796708 2.76852e-07 0.031976 0.02212 0 7.9785e+28 
-5.22044 2.86154e+25 1.7075e-17 -8.97792e-18 5.13828e-18 0.149592 0.798819 3.22606e-07 0.0304941 0.0210949 0 7.57257e+28 
-5.17034 2.95067e+25 1.66316e-17 -8.72484e-18 4.96598e-18 0.14997 0.800838 3.75875e-07 0.0290773 0.0201147 0 7.18684e+28 
-5.12024 3.04217e+25 1.62006e-17 -8.4802e-18 4.80109e-18 0.150331 0.802768 4.37888e-07 0.027723 0.0191779 0 6.82033e+28 
-5.07014 3.13611e+25 1.57817e-17 -8.24365e-18 4.64319e-18 0.150676 0.804612 5.10076e-07 0.0264289 0.0182827 0 6.4721e+28 
-5.02004 3.23254e+25 1.53745e-17 -8.01484e-18 4.49192e-18 0.151006 0.806373 5.941e-07 0.0251924 0.0174273 0 6.14123e+28 
-4.96994 3.33151e+25 1.49785e-17 -7.79345e-18 4.34693e-18 0.151321 0.808056 6.91894e-07 0.0240114 0.0166103 0 5.82688e+28 
-4.91984 3.43311e+25 1.45934e-17 -7.57918e-18 4.20789e-18 0.151622 0.809663 8.05707e-07 0.0228835 0.0158301 0 5.52823e+28 
-4.86974 3.53738e+25 1.42189e-17 -7.37173e-18 4.07449e-18 0.15191 0.811198 9.38154e-07 0.0218065 0.0150851 0 5.2445e+28 
-4.81964 3.64439e+25 1.38547e-17 -7.17082e-18 3.94645e-18 0.152184 0.812663 1.09228e-06 0.0207784 0.0143738 0 4.97496e+28 
-4.76954 3.75422e+25 1.35003e-17 -6.9762e-18 3.8235e-18 0.152446 0.814061 1.27161e-06 0.019797 0.013695 0 4.71891e+28 
-4.71944 3.86692e+25 1.31555e-17 -6.78763e-18 3.70536e-18 0.152696 0.815395 1.48027e-06 0.0188605 0.0130471 0 4.47568e+28 
-4.66934 3.98258e+25 1.28201e-17 -6.60485e-18 3.5918e-18 0.152934 0.816668 1.72303e-06 0.0179669 0.0124289 0 4.24464e+28 
-4.61924 4.10126e+25 1.24936e-17 -6.42765e-18 3.4826e-18 0.153162 0.817883 2.00545e-06 0.0171143 0.0118391 0 4.02519e+28 
-4.56914 4.22304e+25 1.21759e-17 -6.25582e-18 3.37754e-18 0.153379 0.819041 2.334e-06 0.0163011 0.0112766 0 3.81675e+28 
-4.51904 4.348e+25 1.18667e-17 -6.08916e-18 3.27642e-18 0.153585 0.820146 2.7162e-06 0.0155254 0.01074 0 3.61877e+28 
-4.46894 4.47621e+25 1.15657e-17 -5.92746e-18 3.17904e-18 0.153783 0.8212 3.16078e-06 0.0147857 0.0102283 0 3.43075e+28 
-4.41884 4.60775e+25 1.12727e-17 -5.77056e-18 3.08523e-18 0.153971 0.822205 3.6779e-06 0.0140804 0.00974038 0 3.25219e+28 
-4.36874 4.74272e+25 1.09874e-17 -5.61826e-18 2.99482e-18 0.15415 0.823162 4.27937e-06 0.0134079 0.0092752 0 3.08261e+28 
-4.31864 4.88118e+25 1.07097e-17 -5.47042e-18 2.90765e-18 0.154321 0.824075 4.97893e-06 0.0127669 0.00883174 0 2.92158e+28 
-4.26854 5.02323e+25 1.04392e-17 -5.32686e-18 2.82357e-18 0.154484 0.824945 5.79254e-06 0.0121559 0.00840904 0 2.76867e+28 
-4.21844 5.16896e+25 1.01759e-17 -5.18745e-18 2.74244e-18 0.154639 0.825774 6.73876e-06 0.0115735 0.00800616 0 2.62348e+28 
-4.16834 5.31846e+25 9.91938e-18 -5.05202e-18 2.66412e-18 0.154787 0.826564 7.83917e-06 0.0110185 0.00762222 0 2.48562e+28 
-4.11824 5.47183e+25 9.66958e-18 -4.92046e-18 2.5885e-18 0.154928 0.827317 9.11885e-06 0.0104896 0.00725636 0 2.35473e+28 
-4.06814 5.62916e+25 9.42628e-18 -4.79261e-18 2.51544e-18 0.155062 0.828034 1.0607e-05 0.00998563 0.00690775 0 2.23047e+28 
-4.01804 5.79054e+25 9.1893e-18 -4.66837e-18 2.44485e-18 0.15519 0.828716 1.23374e-05 0.0095055 0.00657561 0 2.11251e+28 
-3.96794 5.95608e+25 8.95845e-18 -4.5476e-18 2.37661e-18 0.155312 0.829366 1.43496e-05 0.0090481 0.00625919 0 2.00052e+28 
-3.91784 6.12589e+25 8.73357e-18 -4.43019e-18 2.31062e-18 0.155428 0.829985 1.66893e-05 0.00861238 0.00595778 0 1.89423e+28 
-3.86774 6.30007e+25 8.51449e-18 -4.31604e-18 2.24679e-18 0.155538 0.830574 1.94098e-05 0.00819734 0.00567067 0 1.79333e+28 
-3.81764 6.47873e+25 8.30105e-18 -4.20503e-18 2.18503e-18 0.155643 0.831135 2.25729e-05 0.00780203 0.0053972 0 1.69757e+28 
-3.76754 6.66198e+25 8.0931e-18 -4.09706e-18 2.12526e-18 0.155743 0.831668 2.62507e-05 0.00742554 0.00513676 0 1.60669e+28 
-3.71743 6.84994e+25 7.89047e-18 -3.99204e-18 2.0674e-18 0.155838 0.832176 3.05268e-05 0.00706699 0.00488873 0 1.52044e+28 
-3.66733 7.04273e+25 7.69304e-18 -3.88988e-18 2.01137e-18 0.155928 0.832658 3.54983e-05 0.00672556 0.00465253 0 1.43859e+28 
-3.61723 7.24046e+25 7.50066e-18 -3.79047e-18 1.9571e-18 0.156014 0.833116 4.12782e-05 0.00640043 0.00442762 0 1.36093e+28 
-3.56713 7.44326e+25 7.31319e-18 -3.69375e-18 1.90452e-18 0.156096 0.833552 4.79979e-05 0.00609085 0.00421346 0 1.28725e+28 
-3.51703 7.65126e+25 7.1305e-18 -3.59961e-18 1.85357e-18 0.156173 0.833965 5.58101e-05 0.00579609 0.00400955 0 1.21734e+28 
-3.46693 7.86458e+25 6.95247e-18 -3.50799e-18 1.8042e-18 0.156247 0.834358 6.48921e-05 0.00551545 0.00381541 0 1.15102e+28 
-3.41683 8.08337e+25 6.77896e-18 -3.41881e-18 1.75634e-18 0.156316 0.834729 7.54501e-05 0.00524827 0.00363059 0 1.08811e+28 
-3.36673 8.30775e+25 6.60986e-18 -3.33198e-18 1.70994e-18 0.156382 0.835081 8.77239e-05 0.00499391 0.00345463 0 1.02843e+28 
-3.31663 8.53788e+25 6.44506e-18 -3.24745e-18 1.66495e-18 0.156445 0.835414 0.000101992 0.00475177 0.00328713 0 9.71832e+27 
-3.26653 8.77389e+25 6.28443e-18 -3.16513e-18 1.62133e-18 0.156504 0.835729 0.000118578 0.00452128 0.00312768 0 9.18154e+27 
-3.21643 9.01592e+25 6.12787e-18 -3.08497e-18 1.57903e-18 0.156559 0.836025 0.000137858 0.00430187 0.0029759 0 8.67252e+27 
-3.16633 9.26414e+25 5.97528e-18 -3.00689e-18 1.53801e-18 0.156611 0.836304 0.00016027 0.00409301 0.00283142 0 8.18985e+27 
-3.11623 9.5187e+25 5.82655e-18 -2.93084e-18 1.49823e-18 0.15666 0.836565 0.000186321 0.00389422 0.0026939 0 7.73221e+27 
-3.06613 9.77976e+25 5.68158e-18 -2.85675e-18 1.45965e-18 0.156706 0.836809 0.000216603 0.00370501 0.00256301 0 7.29835e+27 
-3.01603 1.00475e+26 5.54027e-18 -2.78456e-18 1.42225e-18 0.156748 0.837036 0.0002518 0.00352492 0.00243843 0 6.88707e+27 
-2.96593 1.0322e+26 5.40253e-18 -2.71422e-18 1.386e-18 0.156788 0.837246 0.000292712 0.00335351 0.00231985 0 6.49723e+27 
-2.91583 1.06036e+26 5.26827e-18 -2.64566e-18 1.35086e-18 0.156824 0.837439 0.000340263 0.00319037 0.002207 0 6.12775e+27 
-2.86573 1.08923e+26 5.1374e-18 -2.57884e-18 1.31681e-18 0.156856 0.837613 0.00039553 0.0030351 0.00209959 0 5.77761e+27 
-2.81563 1.11883e+26 5.00984e-18 -2.5137e-18 1.28383e-18 0.156886 0.83777 0.000459765 0.00288733 0.00199736 0 5.44583e+27 
-2.76553 1.14919e+26 4.8855e-18 -2.45019e-18 1.2519e-18 0.156911 0.837907 0.000534419 0.00274669 0.00190007 0 5.13148e+27 
-2.71543 1.18033e+26 4.76431e-18 -2.38824e-18 1.22101e-18 0.156934 0.838025 0.00062118 0.00261283 0.00180748 0 4.83368e+27 
-2.66533 1.21225e+26 4.64618e-18 -2.32782e-18 1.19114e-18 0.156952 0.838122 0.000722008 0.00248544 0.00171935 0 4.5516e+27 
-2.61523 1.24499e+26 4.53103e-18 -2.26887e-18 1.16229e-18 0.156965 0.838196 0.00083918 0.0023642 0.00163548 0 4.28443e+27 
-2.56513 1.27855e+26 4.41881e-18 -2.21135e-18 1.13444e-18 0.156975 0.838245 0.000975339 0.0022488 0.00155565 0 4.03142e+27 
-2.51503 1.31297e+26 4.30943e-18 -2.15519e-18 1.10761e-18 0.156979 0.838269 0.00113355 0.00213897 0.00147967 0 3.79185e+27 
-2.46493 1.34827e+26 4.20284e-18 -2.10035e-18 1.08178e-18 0.156978 0.838263 0.00131739 0.00203444 0.00140736 0 3.56505e+27 
-2.41483 1.38446e+26 4.09896e-18 -2.04677e-18 1.05698e-18 0.156971 0.838225 0.00153098 0.00193493 0.00133853 0 3.35035e+27 
-2.36473 1.42156e+26 3.99773e-18 -1.99442e-18 1.03321e-18 0.156957 0.838151 0.00177912 0.00184022 0.00127301 0 3.14715e+27 
-2.31463 1.4596e+26 3.8991e-18 -1.94323e-18 1.01049e-18 0.156936 0.838036 0.00206738 0.00175006 0.00121063 0 2.95486e+27 
-2.26453 1.49861e+26 3.803e-18 -1.89315e-18 9.88845e-19 0.156906 0.837877 0.00240222 0.00166422 0.00115126 0 2.77291e+27 
-2.21443 1.5386e+26 3.70938e-18 -1.84413e-18 9.68307e-19 0.156866 0.837665 0.00279112 0.0015825 0.00109472 0 2.6008e+27 
-2.16433 1.5796e+26 3.6182e-18 -1.79611e-18 9.48912e-19 0.156816 0.837396 0.00324275 0.00150468 0.00104089 0 2.438e+27 
-2.11423 1.62163e+26 3.5294e-18 -1.74903e-18 9.30709e-19 0.156753 0.83706 0.00376715 0.00143058 0.000989632 0 2.28405e+27 
-2.06413 1.66472e+26 3.44293e-18 -1.70283e-18 9.13752e-19 0.156676 0.836648 0.00437597 0.00136 0.000940809 0 2.13849e+27 
-2.01403 1.70889e+26 3.35876e-18 -1.65745e-18 8.98107e-19 0.156582 0.836148 0.00508264 0.00129277 0.000894301 0 2.0009e+27 
-1.96393 1.75416e+26 3.27684e-18 -1.61281e-18 8.83849e-19 0.15647 0.835549 0.00590273 0.00122872 0.000849991 0 1.87085e+27 
-1.91383 1.80057e+26 3.19714e-18 -1.56886e-18 8.71067e-19 0.156336 0.834834 0.00685419 0.00116768 0.000807764 0 1.74797e+27 
-1.86373 1.84813e+26 3.11963e-18 -1.52551e-18 8.59862e-19 0.156177 0.833988 0.00795775 0.00110949 0.000767513 0 1.63189e+27 
-1.81363 1.89687e+26 3.04428e-18 -1.48267e-18 8.50349e-19 0.15599 0.832989 0.00923729 0.00105401 0.000729133 0 1.52226e+27 
-1.76353 1.94681e+26 2.97106e-18 -1.44027e-18 8.42659e-19 0.155771 0.831815 0.0107203 0.0010011 0.000692526 0 1.41874e+27 
-1.71343 1.99798e+26 2.89996e-18 -1.3982e-18 8.36941e-19 0.155513 0.83044 0.0124384 0.000950602 0.000657597 0 1.32102e+27 
-1.66333 2.0504e+26 2.83096e-18 -1.35637e-18 8.33359e-19 0.155212 0.828833 0.0144277 0.0009024 0.000624252 0 1.22881e+27 
-1.61323 2.1041e+26 2.76405e-18 -1.31466e-18 8.321e-19 0.154861 0.82696 0.0167297 0.000856364 0.000592406 0 1.14181e+27 
-1.56313 2.15909e+26 2.69923e-18 -1.27295e-18 8.33367e-19 0.154453 0.824781 0.0193918 0.00081237 0.000561972 0 1.05976e+27 
-1.51303 2.21539e+26 2.6365e-18 -1.23111e-18 8.37388e-19 0.153979 0.82225 0.0224676 0.000770302 0.000532871 0 9.82412e+26 
-1.46293 2.27303e+26 2.57587e-18 -1.189e-18 8.44409e-19 0.15343 0.819317 0.0260184 0.000730047 0.000505024 0 9.09515e+26 
-1.41283 2.33202e+26 2.51737e-18 -1.14645e-18 8.54698e-19 0.152795 0.815923 0.0301129 0.000691496 0.000478356 0 8.40842e+26 
-1.36273 2.39236e+26 2.46101e-18 -1.1033e-18 8.68542e-19 0.152061 0.812004 0.0348286 0.000654546 0.000452795 0 7.76177e+26 
-1.31263 2.45408e+26 2.40683e-18 -1.05936e-18 8.86245e-19 0.151215 0.807486 0.040252 0.000619098 0.000428273 0 7.15315e+26 
-1.26253 2.51717e+26 2.35488e-18 -1.01442e-18 9.08124e-19 0.150241 0.80229 0.0464792 0.000585056 0.000404723 0 6.58062e+26 
-1.21242 2.58164e+26 2.3052e-18 -9.68286e-19 9.34503e-19 0.149125 0.796325 0.0536158 0.000552329 0.000382084 0 6.04233e+26 
-1.16232 2.64748e+26 2.25788e-18 -9.20706e-19 9.65709e-19 0.147846 0.789496 0.061777 0.000520834 0.000360297 0 5.53655e+26 
-1.11222 2.71468e+26 2.21298e-18 -8.71436e-19 1.00206e-18 0.146385 0.781698 0.071087 0.00049049 0.000339306 0 5.06165e+26 
-1.06212 2.78322e+26 2.17059e-18 -8.20209e-19 1.04384e-18 0.144723 0.772819 0.0816778 0.000461223 0.00031906 0 4.61607e+26 
-1.01202 2.85306e+26 2.13083e-18 -7.66748e-19 1.0913e-18 0.142836 0.762744 0.0936871 0.000432966 0.000299512 0 4.19834e+26 
-0.961924 2.92418e+26 2.09381e-18 -7.10762e-19 1.14464e-18 0.140703 0.751355 0.107256 0.000405659 0.000280623 0 3.8071e+26 
-0.911824 2.99651e+26 2.05966e-18 -6.51954e-19 1.20398e-18 0.138302 0.738533 0.122524 0.000379252 0.000262355 0 3.44103e+26 
-0.861723 3.07e+26 2.02853e-18 -5.90023e-19 1.26932e-18 0.135611 0.724165 0.139625 0.000353702 0.00024468 0 3.09892e+26 
-0.811623 3.14456e+26 2.00059e-18 -5.24669e-19 1.34055e-18 0.132612 0.70815 0.158681 0.000328978 0.000227577 0 2.7796e+26 
-0.761523 3.22012e+26 1.97602e-18 -4.55605e-19 1.41741e-18 0.129289 0.690401 0.179794 0.00030506 0.000211031 0 2.48197e+26 
-0.711423 3.29654e+26 1.95501e-18 -3.82557e-19 1.49946e-18 0.125628 0.670856 0.203039 0.000281939 0.000195036 0 2.20501e+26 
-0.661323 3.37373e+26 1.93776e-18 -3.05282e-19 1.58609e-18 0.121626 0.649484 0.228451 0.000259618 0.000179596 0 1.94774e+26 
-0.611222 3.45152e+26 1.92449e-18 -2.23568e-19 1.6765e-18 0.117283 0.626293 0.256021 0.000238115 0.00016472 0 1.70921e+26 
-0.561122 3.52976e+26 1.91544e-18 -1.37248e-19 1.76976e-18 0.11261 0.601336 0.285687 0.000217454 0.000150428 0 1.48856e+26 
-0.511022 3.60828e+26 1.91082e-18 -4.62075e-20 1.86477e-18 0.107625 0.574717 0.317323 0.000197673 0.000136744 0 1.28492e+26 
-0.460922 3.6869e+26 1.91089e-18 4.96127e-20 1.96037e-18 0.102359 0.546596 0.350743 0.000178814 0.000123698 0 1.09748e+26 
-0.410822 3.76542e+26 1.91587e-18 1.50212e-19 2.05535e-18 0.0968509 0.517184 0.385693 0.000160924 0.000111322 0 9.25444e+25 
-0.360721 3.84362e+26 1.92602e-18 2.5553e-19 2.14858e-18 0.0911503 0.486743 0.421863 0.000144051 9.96502e-05 0 7.68044e+25 
-0.310621 3.92131e+26 1.94155e-18 3.65455e-19 2.23906e-18 0.0853142 0.455578 0.458891 0.00012824 8.87121e-05 0 6.24525e+25 
-0.260521 3.99827e+26 1.96271e-18 4.79826e-19 2.32598e-18 0.0794053 0.424025 0.496378 0.000113525 7.85332e-05 0 4.94144e+25 
-0.210421 4.0743e+26 1.9897e-18 5.98451e-19 2.40883e-18 0.0734898 0.392435 0.533906 9.99335e-05 6.91309e-05 0 3.7617e+25 
-0.160321 4.14918e+26 2.02274e-18 7.21119e-19 2.48738e-18 0.0676339 0.361165 0.571053 8.74763e-05 6.05134e-05 0 2.6988e+25 
-0.11022 4.22274e+26 2.06202e-18 8.47617e-19 2.56175e-18 0.0619013 0.330553 0.607417 7.61496e-05 5.26779e-05 0 1.74559e+25 
-0.0601202 4.29481e+26 2.10773e-18 9.77745e-19 2.63239e-18 0.0563504 0.300911 0.642627 6.59336e-05 4.56108e-05 0 8.95012e+24 
-0.01002 4.36521e+26 2.16005e-18 1.11133e-18 2.70002e-18 0.051032 0.272511 0.676361 5.67928e-05 3.92875e-05 0 1.40104e+24 
0.0400802 4.43383e+26 2.21914e-18 1.24825e-18 2.76563e-18 0.0459876 0.245574 0.708356 4.86781e-05 3.3674e-05 0 -5.2596e+24 
0.0901804 4.50054e+26 2.28518e-18 1.38844e-18 2.83035e-18 0.0412489 0.220269 0.738412 4.15286e-05 2.87282e-05 0 -1.10985e+25 
0.140281 4.56526e+26 2.35832e-18 1.53186e-18 2.89543e-18 0.0368375 0.196712 0.766391 3.52749e-05 2.44021e-05 0 -1.61805e+25 
0.190381 4.6279e+26 2.43873e-18 1.67859e-18 2.96218e-18 0.032765 0.174965 0.792219 2.9842e-05 2.06438e-05 0 -2.05681e+25 
0.240481 4.68842e+26 2.52657e-18 1.82872e-18 3.03189e-18 0.0290346 0.155045 0.815878 2.51522e-05 1.73995e-05 0 -2.43214e+25 
0.290581 4.74678e+26 2.62203e-18 1.98245e-18 3.10578e-18 0.0256417 0.136926 0.837396 2.11275e-05 1.46153e-05 0 -2.74977e+25 
0.340681 4.80298e+26 2.72528e-18 2.14001e-18 3.18502e-18 0.0225757 0.120554 0.85684 1.76923e-05 1.2239e-05 0 -3.01512e+25 
0.390782 4.85701e+26 2.83653e-18 2.3017e-18 3.27065e-18 0.0198212 0.105845 0.874308 1.47746e-05 1.02206e-05 0 -3.23332e+25 
0.440882 4.90889e+26 2.95599e-18 2.46786e-18 3.36363e-18 0.0173597 0.0927006 0.889919 1.23075e-05 8.51392e-06 0 -3.40914e+25 
0.490982 4.95865e+26 3.08389e-18 2.63887e-18 3.46479e-18 0.0151702 0.0810087 0.903804 1.02296e-05 7.07653e-06 0 -3.54706e+25 
0.541082 5.00631e+26 3.22049e-18 2.81518e-18 3.57488e-18 0.0132308 0.0706524 0.916102 8.48587e-06 5.87026e-06 0 -3.65121e+25 
0.591182 5.05194e+26 3.36607e-18 2.99724e-18 3.69456e-18 0.0115193 0.061513 0.926956 7.02713e-06 4.86115e-06 0 -3.7254e+25 
0.641283 5.09557e+26 3.52092e-18 3.18555e-18 3.82442e-18 0.0100138 0.053474 0.936502 5.81025e-06 4.01935e-06 0 -3.77314e+25 
0.691383 5.13727e+26 3.68537e-18 3.38063e-18 3.96498e-18 0.00869345 0.046423 0.944875 4.79764e-06 3.31886e-06 0 -3.79764e+25 
0.741483 5.1771e+26 3.85978e-18 3.58303e-18 4.11674e-18 0.00753826 0.0402543 0.952201 3.95684e-06 2.73722e-06 0 -3.80181e+25 
0.791583 5.21512e+26 4.04453e-18 3.79332e-18 4.28017e-18 0.00652985 0.0348694 0.958595 3.26004e-06 2.25519e-06 0 -3.78831e+25 
0.841683 5.2514e+26 4.24002e-18 4.0121e-18 4.45571e-18 0.00565126 0.0301777 0.964166 2.68353e-06 1.85638e-06 0 -3.75953e+25 
0.891784 5.28599e+26 4.44669e-18 4.23999e-18 4.64381e-18 0.00488706 0.0260969 0.969012 2.20725e-06 1.5269e-06 0 -3.71763e+25 
0.941884 5.31897e+26 4.66503e-18 4.47763e-18 4.84492e-18 0.00422333 0.0225526 0.973221 1.81426e-06 1.25505e-06 0 -3.66455e+25 
0.991984 5.3504e+26 4.89553e-18 4.72568e-18 5.0595e-18 0.0036476 0.0194782 0.976872 1.49037e-06 1.03099e-06 0 -3.60205e+25 
1.04208 5.38035e+26 5.13873e-18 4.98483e-18 5.28804e-18 0.00314873 0.0168142 0.980035 1.22367e-06 8.46496e-07 0 -3.53167e+25 
1.09218 5.40888e+26 5.39521e-18 5.25579e-18 5.53104e-18 0.0027169 0.0145082 0.982773 1.00425e-06 6.94711e-07 0 -3.4548e+25 
1.14228 5.43605e+26 5.66557e-18 5.53929e-18 5.78905e-18 0.00234338 0.0125137 0.985142 8.23863e-07 5.69923e-07 0 -3.37267e+25 
1.19238 5.46192e+26 5.95047e-18 5.83611e-18 6.06264e-18 0.00202055 0.0107898 0.987189 6.75653e-07 4.67396e-07 0 -3.28638e+25 
1.24248 5.48655e+26 6.25059e-18 6.14704e-18 6.35243e-18 0.0017417 0.00930066 0.988957 5.53947e-07 3.83203e-07 0 -3.19689e+25 
1.29259 5.51e+26 6.56665e-18 6.47291e-18 6.65907e-18 0.00150096 0.0080151 0.990483 4.54051e-07 3.14098e-07 0 -3.10504e+25 
1.34269 5.53232e+26 6.89944e-18 6.81458e-18 6.98326e-18 0.00129321 0.00690576 0.9918 3.72091e-07 2.57401e-07 0 -3.01159e+25 
1.39279 5.55356e+26 7.24975e-18 7.17294e-18 7.32576e-18 0.00111402 0.00594886 0.992937 3.04869e-07 2.10899e-07 0 -2.91718e+25 
1.44289 5.57377e+26 7.61846e-18 7.54894e-18 7.68736e-18 0.000959503 0.00512375 0.993916 2.49752e-07 1.72771e-07 0 -2.82238e+25 
1.49299 5.593e+26 8.00647e-18 7.94355e-18 8.0689e-18 0.000826305 0.00441247 0.994761 2.04571e-07 1.41516e-07 0 -2.72768e+25 
1.54309 5.6113e+26 8.41474e-18 8.3578e-18 8.4713e-18 0.000711514 0.00379949 0.995489 1.67544e-07 1.15902e-07 0 -2.6335e+25 
1.59319 5.62871e+26 8.84427e-18 8.79274e-18 8.89551e-18 0.000612607 0.00327132 0.996116 1.37205e-07 9.49141e-08 0 -2.54021e+25 
1.64329 5.64528e+26 9.29614e-18 9.24951e-18 9.34254e-18 0.000527404 0.00281633 0.996656 1.1235e-07 7.77201e-08 0 -2.44811e+25 
1.69339 5.66104e+26 9.77146e-18 9.72927e-18 9.81347e-18 0.000454016 0.00242444 0.997121 9.19903e-08 6.3636e-08 0 -2.35746e+25 
1.74349 5.67603e+26 1.02714e-17 1.02332e-17 1.03095e-17 0.000390815 0.00208695 0.997522 7.53154e-08 5.21008e-08 0 -2.26849e+25 
1.79359 5.6903e+26 1.07973e-17 1.07627e-17 1.08317e-17 0.000336392 0.00179634 0.997867 6.16596e-08 4.26542e-08 0 -2.18137e+25 
1.84369 5.70387e+26 1.13503e-17 1.1319e-17 1.13815e-17 0.000289535 0.00154612 0.998164 5.04774e-08 3.49187e-08 0 -2.09624e+25 
1.89379 5.71678e+26 1.19319e-17 1.19036e-17 1.19601e-17 0.000249194 0.0013307 0.99842 4.13214e-08 2.85849e-08 0 -2.01323e+25 
1.94389 5.72905e+26 1.25435e-17 1.2518e-17 1.25691e-17 0.000214466 0.00114525 0.99864 3.3825e-08 2.33991e-08 0 -1.93243e+25 
1.99399 5.74073e+26 1.31867e-17 1.31636e-17 1.32098e-17 0.000184572 0.000985615 0.99883 2.76878e-08 1.91535e-08 0 -1.8539e+25 
2.04409 5.75184e+26 1.38631e-17 1.38421e-17 1.3884e-17 0.000158841 0.00084821 0.998993 2.26634e-08 1.56779e-08 0 -1.7777e+25 
2.09419 5.76241e+26 1.45743e-17 1.45554e-17 1.45932e-17 0.000136694 0.000729945 0.999133 1.85504e-08 1.28326e-08 0 -1.70385e+25 
2.14429 5.77246e+26 1.53221e-17 1.5305e-17 1.53393e-17 0.000117632 0.000628156 0.999254 1.51836e-08 1.05035e-08 0 -1.63236e+25 
2.19439 5.78202e+26 1.61085e-17 1.6093e-17 1.6124e-17 0.000101227 0.000540553 0.999358 1.24276e-08 8.59699e-09 0 -1.56325e+25 
2.24449 5.79112e+26 1.69353e-17 1.69213e-17 1.69494e-17 8.71086e-05 0.00046516 0.999448 1.01717e-08 7.03643e-09 0 -1.4965e+25 
2.29459 5.79977e+26 1.78047e-17 1.7792e-17 1.78174e-17 7.49583e-05 0.000400277 0.999525 8.32515e-09 5.75908e-09 0 -1.43209e+25 
2.34469 5.808e+26 1.87189e-17 1.87074e-17 1.87303e-17 6.45021e-05 0.000344441 0.999591 6.81378e-09 4.71356e-09 0 -1.37e+25 
2.39479 5.81582e+26 1.968e-17 1.96696e-17 1.96904e-17 5.5504e-05 0.000296391 0.999648 5.57673e-09 3.85781e-09 0 -1.31019e+25 
2.44489 5.82327e+26 2.06906e-17 2.06812e-17 2.07e-17 4.77607e-05 0.000255042 0.999697 4.56424e-09 3.1574e-09 0 -1.25262e+25 
2.49499 5.83035e+26 2.17531e-17 2.17446e-17 2.17616e-17 4.10974e-05 0.00021946 0.999739 3.73554e-09 2.58413e-09 0 -1.19725e+25 
2.54509 5.83708e+26 2.28703e-17 2.28626e-17 2.2878e-17 3.53635e-05 0.000188841 0.999776 3.05729e-09 2.11494e-09 0 -1.14403e+25 
2.59519 5.84349e+26 2.40449e-17 2.4038e-17 2.40519e-17 3.04295e-05 0.000162493 0.999807 2.50217e-09 1.73092e-09 0 -1.09291e+25 
2.64529 5.84958e+26 2.52799e-17 2.52737e-17 2.52862e-17 2.61837e-05 0.000139821 0.999834 2.04784e-09 1.41663e-09 0 -1.04383e+25 
2.69539 5.85538e+26 2.65784e-17 2.65727e-17 2.65841e-17 2.25303e-05 0.000120312 0.999857 1.676e-09 1.1594e-09 0 -9.96733e+24 
2.74549 5.86089e+26 2.79437e-17 2.79385e-17 2.79488e-17 1.93865e-05 0.000103524 0.999877 1.37167e-09 9.48876e-10 0 -9.51566e+24 
2.79559 5.86613e+26 2.93791e-17 2.93744e-17 2.93837e-17 1.66814e-05 8.90788e-05 0.999894 1.12259e-09 7.76576e-10 0 -9.08269e+24 
2.84569 5.87112e+26 3.08882e-17 3.0884e-17 3.08924e-17 1.43537e-05 7.66489e-05 0.999909 9.18748e-10 6.35561e-10 0 -8.66782e+24 
2.89579 5.87586e+26 3.24749e-17 3.24711e-17 3.24787e-17 1.23508e-05 6.59534e-05 0.999922 7.51915e-10 5.20152e-10 0 -8.27047e+24 
2.94589 5.88037e+26 3.41432e-17 3.41397e-17 3.41466e-17 1.06274e-05 5.67501e-05 0.999933 6.15376e-10 4.25698e-10 0 -7.89003e+24 
2.99599 5.88466e+26 3.58972e-17 3.58941e-17 3.59003e-17 9.1444e-06 4.88311e-05 0.999942 5.0363e-10 3.48396e-10 0 -7.52593e+24 
3.04609 5.88874e+26 3.77413e-17 3.77385e-17 3.77441e-17 7.86835e-06 4.2017e-05 0.99995 4.12176e-10 2.8513e-10 0 -7.17757e+24 
3.09619 5.89262e+26 3.96802e-17 3.96776e-17 3.96827e-17 6.77037e-06 3.61538e-05 0.999957 3.37328e-10 2.33353e-10 0 -6.84438e+24 
3.14629 5.89632e+26 4.17187e-17 4.17164e-17 4.1721e-17 5.82559e-06 3.11087e-05 0.999963 2.76072e-10 1.90978e-10 0 -6.52581e+24 
3.19639 5.89983e+26 4.38619e-17 4.38598e-17 4.3864e-17 5.01265e-06 2.67676e-05 0.999968 2.25939e-10 1.56298e-10 0 -6.22128e+24 
3.24649 5.90317e+26 4.61153e-17 4.61134e-17 4.61172e-17 4.31315e-06 2.30322e-05 0.999973 1.8491e-10 1.27915e-10 0 -5.93027e+24 
3.29659 5.90634e+26 4.84844e-17 4.84827e-17 4.84861e-17 3.71126e-06 1.98181e-05 0.999976 1.51331e-10 1.04686e-10 0 -5.65224e+24 
3.34669 5.90937e+26 5.09753e-17 5.09738e-17 5.09769e-17 3.19336e-06 1.70526e-05 0.99998 1.2385e-10 8.56759e-11 0 -5.38667e+24 
3.39679 5.91224e+26 5.35942e-17 5.35928e-17 5.35956e-17 2.74774e-06 1.46729e-05 0.999983 1.0136e-10 7.01176e-11 0 -5.13307e+24 
3.44689 5.91497e+26 5.63476e-17 5.63463e-17 5.63488e-17 2.36429e-06 1.26253e-05 0.999985 8.29533e-11 5.73845e-11 0 -4.89094e+24 
3.49699 5.91757e+26 5.92424e-17 5.92413e-17 5.92436e-17 2.03436e-06 1.08635e-05 0.999987 6.78894e-11 4.69638e-11 0 -4.65982e+24 
3.54709 5.92005e+26 6.22861e-17 6.2285e-17 6.22871e-17 1.75047e-06 9.34748e-06 0.999989 5.55609e-11 3.84353e-11 0 -4.43924e+24 
3.59719 5.9224e+26 6.5486e-17 6.54851e-17 6.5487e-17 1.50619e-06 8.04305e-06 0.99999 4.54713e-11 3.14556e-11 0 -4.22875e+24 
3.64729 5.92463e+26 6.88504e-17 6.88496e-17 6.88513e-17 1.296e-06 6.92064e-06 0.999992 3.72139e-11 2.57434e-11 0 -4.02794e+24 
3.69739 5.92676e+26 7.23877e-17 7.23869e-17 7.23884e-17 1.11514e-06 5.95487e-06 0.999993 3.0456e-11 2.10685e-11 0 -3.83639e+24 
3.74749 5.92879e+26 7.61067e-17 7.6106e-17 7.61074e-17 9.59526e-07 5.12387e-06 0.999994 2.49253e-11 1.72425e-11 0 -3.65369e+24 
3.7976 5.93071e+26 8.00167e-17 8.00161e-17 8.00173e-17 8.25624e-07 4.40883e-06 0.999995 2.03989e-11 1.41113e-11 0 -3.47947e+24 
3.8477 5.93254e+26 8.41277e-17 8.41271e-17 8.41282e-17 7.10408e-07 3.79358e-06 0.999995 1.66945e-11 1.15488e-11 0 -3.31334e+24 
3.8978 5.93428e+26 8.84498e-17 8.84493e-17 8.84503e-17 6.11271e-07 3.26419e-06 0.999996 1.36629e-11 9.45155e-12 0 -3.15497e+24 
3.9479 5.93594e+26 9.2994e-17 9.29936e-17 9.29945e-17 5.25968e-07 2.80867e-06 0.999997 1.11817e-11 7.73518e-12 0 -3.00399e+24 
3.998 5.93751e+26 9.77717e-17 9.77713e-17 9.77721e-17 4.52569e-07 2.41672e-06 0.999997 9.15117e-12 6.33049e-12 0 -2.86009e+24 
4.0481 5.93901e+26 1.02795e-16 1.02794e-16 1.02795e-16 3.89413e-07 2.07946e-06 0.999998 7.48934e-12 5.18089e-12 0 -2.72294e+24 
4.0982 5.94044e+26 1.08076e-16 1.08076e-16 1.08076e-16 3.3507e-07 1.78927e-06 0.999998 6.1293e-12 4.24006e-12 0 -2.59225e+24 
4.1483 5.94179e+26 1.13629e-16 1.13628e-16 1.13629e-16 2.88311e-07 1.53958e-06 0.999998 5.01624e-12 3.47008e-12 0 -2.46772e+24 
4.1984 5.94308e+26 1.19466e-16 1.19466e-16 1.19467e-16 2.48077e-07 1.32473e-06 0.999998 4.1053e-12 2.83992e-12 0 -2.34907e+24 
4.2485 5.94431e+26 1.25604e-16 1.25604e-16 1.25604e-16 2.13458e-07 1.13986e-06 0.999999 3.35979e-12 2.3242e-12 0 -2.23603e+24 
4.2986 5.94548e+26 1.32057e-16 1.32057e-16 1.32057e-16 1.83669e-07 9.80795e-07 0.999999 2.74966e-12 1.90213e-12 0 -2.12835e+24 
4.3487 5.94658e+26 1.38842e-16 1.38842e-16 1.38842e-16 1.58038e-07 8.43924e-07 0.999999 2.25033e-12 1.55671e-12 0 -2.02578e+24 
4.3988 5.94764e+26 1.45975e-16 1.45975e-16 1.45975e-16 1.35984e-07 7.26154e-07 0.999999 1.84168e-12 1.27402e-12 0 -1.92809e+24 
4.4489 5.94864e+26 1.53475e-16 1.53475e-16 1.53475e-16 1.17007e-07 6.24819e-07 0.999999 1.50723e-12 1.04266e-12 0 -1.83504e+24 
4.499 5.9496e+26 1.6136e-16 1.6136e-16 1.6136e-16 1.00679e-07 5.37625e-07 0.999999 1.23352e-12 8.53314e-13 0 -1.74643e+24 
4.5491 5.95051e+26 1.6965e-16 1.6965e-16 1.6965e-16 8.66291e-08 4.62599e-07 0.999999 1.00952e-12 6.98355e-13 0 -1.66205e+24 
4.5992 5.95137e+26 1.78366e-16 1.78366e-16 1.78366e-16 7.45399e-08 3.98043e-07 1 8.26194e-13 5.71535e-13 0 -1.5817e+24 
4.6493 5.95219e+26 1.8753e-16 1.87529e-16 1.8753e-16 6.41378e-08 3.42496e-07 1 6.76159e-13 4.67746e-13 0 -1.5052e+24 
4.6994 5.95297e+26 1.97164e-16 1.97164e-16 1.97164e-16 5.51873e-08 2.947e-07 1 5.53371e-13 3.82805e-13 0 -1.43236e+24 
4.7495 5.95371e+26 2.07294e-16 2.07294e-16 2.07294e-16 4.74859e-08 2.53575e-07 1 4.5288e-13 3.13288e-13 0 -1.363e+24 
4.7996 5.95442e+26 2.17944e-16 2.17944e-16 2.17944e-16 4.08592e-08 2.18188e-07 1 3.70638e-13 2.56396e-13 0 -1.29698e+24 
4.8497 5.95509e+26 2.29141e-16 2.29141e-16 2.29141e-16 3.51573e-08 1.8774e-07 1 3.03331e-13 2.09835e-13 0 -1.23413e+24 
4.8998 5.95573e+26 2.40913e-16 2.40913e-16 2.40913e-16 3.02511e-08 1.61541e-07 1 2.48247e-13 1.7173e-13 0 -1.1743e+24 
4.9499 5.95634e+26 2.53291e-16 2.53291e-16 2.53291e-16 2.60295e-08 1.38998e-07 1 2.03166e-13 1.40544e-13 0 -1.11735e+24 
5 5.95692e+26 2.66304e-16 2.66304e-16 2.66304e-16 2.23971e-08 1.196e-07 1 1.66272e-13 1.15022e-13 0 -1.06314e+24 
