2 1025.03 0.146745 0.0286533 
3 968.456 0.342974 0.0642326 
4 911.156 0.584345 0.107619 
5 867.935 0.867756 0.157819 
6 837.782 1.19025 0.214033 
7 817.968 1.54923 0.275608 
8 805.977 1.9424 0.341955 
9 799.282 2.36622 0.412155 
10 797.95 2.82292 0.486708 
11 799.229 3.30594 0.563949 
12 803.086 3.81645 0.643731 
13 808.185 4.34751 0.72462 
14 815.352 4.90484 0.807381 
15 824.407 5.48954 0.891854 
16 833.286 6.0836 0.974379 
17 842.56 6.68995 1.05508 
18 853.254 7.32062 1.13572 
19 865.634 7.98266 1.2172 
20 879.002 8.66976 1.29802 
21 892.084 9.36134 1.37419 
22 905 10.0561 1.44513 
23 918.176 10.76 1.51155 
24 931.819 11.4769 1.57382 
25 945.87 12.2056 1.63143 
26 960.105 12.9402 1.68301 
27 974.626 13.6825 1.72859 
28 989.535 14.4354 1.76842 
29 1004.79 15.1981 1.80205 
30 1020.19 15.9634 1.82795 
31 1035.45 16.7201 1.84386 
32 1050.67 17.4691 1.84969 
33 1066.05 18.2156 1.84615 
34 1081.73 18.9652 1.83402 
35 1097.82 19.7232 1.81403 
36 1114.38 20.4936 1.78672 
37 1131.42 21.2787 1.75229 
38 1148.88 22.0776 1.71043 
39 1166.67 22.8853 1.6601 
40 1184.57 23.6912 1.59924 
41 1202.4 24.4819 1.52536 
42 1220.18 25.2558 1.43803 
43 1237.98 26.0151 1.33755 
44 1255.86 26.7622 1.22425 
45 1273.87 27.4992 1.09844 
46 1292.06 28.228 0.960395 
47 1310.45 28.95 0.810296 
48 1329.04 29.6654 0.64816 
49 1347.83 30.3732 0.473786 
50 1366.78 31.0708 0.286684 
51 1385.87 31.7548 0.0862562 
52 1405.12 32.4263 -0.127297 
53 1424.56 33.0874 -0.353555 
54 1444.21 33.74 -0.592138 
55 1464.11 34.3856 -0.842738 
56 1484.25 35.025 -1.10515 
57 1504.64 35.6579 -1.37932 
58 1525.26 36.2832 -1.66538 
59 1546.1 36.8979 -1.96371 
60 1567.13 37.4978 -2.27497 
61 1588.3 38.0779 -2.59989 
62 1609.65 38.6384 -2.93831 
63 1631.17 39.1805 -3.28982 
64 1652.9 39.7057 -3.65403 
65 1674.85 40.215 -4.03056 
66 1697.02 40.7091 -4.41909 
67 1719.42 41.1884 -4.81934 
68 1742.05 41.6528 -5.23114 
69 1764.9 42.1014 -5.65439 
70 1787.97 42.5326 -6.08912 
71 1811.25 42.9446 -6.5354 
72 1834.74 43.3379 -6.99285 
73 1858.46 43.7139 -7.461 
74 1882.41 44.0734 -7.9394 
75 1906.6 44.4171 -8.42764 
76 1931.03 44.7453 -8.92535 
77 1955.7 45.0581 -9.43222 
78 1980.61 45.3549 -9.94802 
79 2005.76 45.6344 -10.4726 
80 2031.12 45.8949 -11.006 
81 2056.71 46.1345 -11.548 
82 2082.51 46.3537 -12.0984 
83 2108.53 46.5534 -12.6565 
84 2134.79 46.7346 -13.2218 
85 2161.27 46.8981 -13.7938 
86 2187.99 47.0443 -14.3721 
87 2214.94 47.1736 -14.9561 
88 2242.13 47.2858 -15.5454 
89 2269.54 47.3806 -16.1398 
90 2297.17 47.4571 -16.739 
91 2325.01 47.5145 -17.3426 
92 2353.06 47.5532 -17.9501 
93 2381.33 47.5739 -18.561 
94 2409.82 47.5772 -19.1748 
95 2438.51 47.5634 -19.7909 
96 2467.41 47.5327 -20.4089 
97 2496.52 47.4848 -21.0283 
98 2525.83 47.4194 -21.6487 
99 2555.32 47.3355 -22.2699 
100 2585 47.232 -22.8914 
101 2614.85 47.1078 -23.5131 
102 2644.88 46.9635 -24.1343 
103 2675.07 46.8006 -24.7543 
104 2705.44 46.6201 -25.3725 
105 2735.99 46.4235 -25.9882 
106 2766.71 46.2119 -26.6008 
107 2797.6 45.9863 -27.2095 
108 2828.66 45.7479 -27.8137 
109 2859.9 45.4976 -28.4129 
110 2891.29 45.2363 -29.0063 
111 2922.84 44.9646 -29.5935 
112 2954.54 44.6831 -30.1737 
113 2986.39 44.3922 -30.7465 
114 3018.38 44.092 -31.3114 
115 3050.5 43.7826 -31.8679 
116 3082.73 43.4634 -32.4156 
117 3115.08 43.1341 -32.954 
118 3147.52 42.7937 -33.4829 
119 3180.04 42.4408 -34.0019 
120 3212.63 42.074 -34.5109 
121 3245.27 41.6918 -35.0095 
122 3277.96 41.2946 -35.4972 
123 3310.7 40.8837 -35.9735 
124 3343.48 40.46 -36.4376 
125 3376.29 40.0245 -36.8891 
126 3409.13 39.5783 -37.3274 
127 3442 39.1223 -37.7518 
128 3474.89 38.6575 -38.1619 
129 3507.78 38.1847 -38.557 
130 3540.69 37.7048 -38.9367 
131 3573.59 37.2184 -39.3004 
132 3606.47 36.7263 -39.6476 
133 3639.34 36.2291 -39.9778 
134 3672.18 35.7271 -40.2906 
135 3704.98 35.2207 -40.5856 
136 3737.73 34.7101 -40.8623 
137 3770.42 34.1955 -41.1204 
138 3803.03 33.6767 -41.3595 
139 3835.56 33.1535 -41.5793 
140 3868 32.6254 -41.7794 
141 3900.33 32.0921 -41.9596 
142 3932.53 31.5544 -42.1195 
143 3964.62 31.0131 -42.2587 
144 3996.57 30.4692 -42.3767 
145 4028.38 29.9236 -42.4731 
146 4060.05 29.3772 -42.5476 
147 4091.56 28.8307 -42.5997 
148 4122.91 28.2849 -42.6292 
149 4154.09 27.7405 -42.6356 
150 4185.09 27.1982 -42.6188 
151 4215.9 26.6585 -42.5783 
152 4246.51 26.1219 -42.5139 
153 4276.92 25.5887 -42.4254 
154 4307.1 25.0594 -42.3125 
155 4337.06 24.5341 -42.175 
156 4366.77 24.0129 -42.0128 
157 4396.24 23.4958 -41.8257 
158 4425.44 22.9826 -41.6136 
159 4454.37 22.473 -41.3763 
160 4483.02 21.9667 -41.1139 
161 4511.37 21.4632 -40.8262 
162 4539.41 20.9632 -40.5131 
163 4567.14 20.4674 -40.1744 
164 4594.56 19.9765 -39.81 
165 4621.64 19.4913 -39.4199 
166 4648.39 19.0124 -39.0038 
167 4674.8 18.5406 -38.5617 
168 4700.85 18.0764 -38.0935 
169 4726.55 17.6203 -37.5991 
170 4751.88 17.173 -37.0786 
171 4776.83 16.7349 -36.532 
172 4801.4 16.3064 -35.9591 
173 4825.58 15.8879 -35.3601 
174 4849.36 15.4796 -34.7349 
175 4872.73 15.0817 -34.0837 
176 4895.68 14.6945 -33.4066 
177 4918.21 14.3179 -32.7036 
178 4940.29 13.952 -31.9748 
179 4961.94 13.5965 -31.2204 
180 4983.13 13.2514 -30.4406 
181 5003.85 12.9165 -29.6356 
182 5024.11 12.5921 -28.8054 
183 5043.89 12.2789 -27.9503 
184 5063.18 11.9773 -27.0704 
185 5081.99 11.6878 -26.166 
186 5100.31 11.411 -25.2372 
187 5118.13 11.1471 -24.2842 
188 5135.45 10.8967 -23.3073 
189 5152.25 10.6599 -22.3068 
190 5168.54 10.4372 -21.2829 
191 5184.31 10.2288 -20.236 
192 5199.55 10.0348 -19.1662 
193 5214.26 9.85542 -18.0739 
194 5228.44 9.69077 -16.9596 
195 5242.06 9.54086 -15.8234 
196 5255.15 9.40564 -14.6658 
197 5267.67 9.28503 -13.4871 
198 5279.64 9.17885 -12.2879 
199 5291.05 9.08687 -11.0683 
200 5301.88 9.00875 -9.82897 
201 5312.14 8.94425 -8.57023 
202 5321.83 8.89361 -7.29255 
203 5330.93 8.85719 -5.99637 
204 5339.45 8.83532 -4.68217 
205 5347.39 8.82833 -3.35042 
206 5354.74 8.83652 -2.00162 
207 5361.49 8.86014 -0.636256 
208 5367.66 8.89945 0.745153 
209 5373.24 8.95464 2.14209 
210 5378.22 9.02592 3.55401 
211 5382.6 9.11343 4.98039 
212 5386.39 9.21728 6.42066 
213 5389.58 9.33757 7.87428 
214 5392.17 9.47433 9.34066 
215 5394.15 9.62757 10.8192 
216 5395.54 9.79726 12.3094 
217 5396.32 9.98333 13.8107 
218 5396.5 10.1856 15.3223 
219 5396.08 10.404 16.8438 
220 5395.06 10.6383 18.3745 
221 5393.43 10.8882 19.9139 
222 5391.2 11.1533 21.4612 
223 5388.37 11.4334 23.0159 
224 5384.93 11.728 24.5774 
225 5380.89 12.0365 26.1451 
226 5376.26 12.3586 27.7183 
227 5371.02 12.6942 29.2963 
228 5365.19 13.0434 30.8784 
229 5358.77 13.4063 32.464 
230 5351.75 13.783 34.0523 
231 5344.14 14.1733 35.6427 
232 5335.95 14.5775 37.2343 
233 5327.17 14.9953 38.8265 
234 5317.81 15.4269 40.4186 
235 5307.88 15.8721 42.0099 
236 5297.37 16.3308 43.5996 
237 5286.29 16.8031 45.1871 
238 5274.64 17.2886 46.7715 
239 5262.44 17.7874 48.3524 
240 5249.67 18.2992 49.9288 
241 5236.35 18.8238 51.5002 
242 5222.49 19.361 53.0658 
243 5208.08 19.9105 54.625 
244 5193.14 20.472 56.1771 
245 5177.66 21.0453 57.7214 
246 5161.66 21.63 59.2573 
247 5145.14 22.2256 60.7842 
248 5128.11 22.8318 62.3013 
249 5110.57 23.4481 63.8082 
250 5092.53 24.074 65.3041 
251 5073.99 24.7091 66.7885 
252 5054.97 25.3532 68.2607 
253 5035.47 26.0061 69.7199 
254 5015.49 26.6678 71.1652 
255 4995.05 27.3379 72.5961 
256 4974.14 28.0164 74.0117 
257 4952.77 28.703 75.4113 
258 4930.96 29.3975 76.7942 
259 4908.7 30.0998 78.1597 
260 4886.01 30.8096 79.5071 
261 4862.89 31.5267 80.8357 
262 4839.35 32.2507 82.1448 
263 4815.4 32.9814 83.4338 
264 4791.04 33.7186 84.702 
265 4766.29 34.4619 85.9488 
266 4741.16 35.211 87.1736 
267 4715.64 35.9655 88.3758 
268 4689.76 36.7252 89.5548 
269 4663.51 37.4895 90.7101 
270 4636.92 38.2582 91.8411 
271 4609.98 39.0309 92.9474 
272 4582.72 39.807 94.0285 
273 4555.13 40.5862 95.0838 
274 4527.23 41.3679 96.113 
275 4499.03 42.1518 97.1157 
276 4470.54 42.9373 98.0915 
277 4441.77 43.7242 99.0397 
278 4412.73 44.5122 99.96 
279 4383.43 45.3009 100.852 
280 4353.87 46.0903 101.714 
281 4324.07 46.8798 102.548 
282 4294.04 47.6694 103.351 
283 4263.78 48.4587 104.124 
284 4233.31 49.2474 104.866 
285 4202.63 50.0352 105.576 
286 4171.76 50.8218 106.256 
287 4140.71 51.6068 106.903 
288 4109.49 52.3901 107.518 
289 4078.1 53.1712 108.101 
290 4046.57 53.9499 108.651 
291 4014.89 54.7258 109.168 
292 3983.1 55.4985 109.652 
293 3951.18 56.2677 110.102 
294 3919.16 57.0332 110.52 
295 3887.05 57.7944 110.904 
296 3854.87 58.5511 111.255 
297 3822.61 59.3029 111.572 
298 3790.3 60.0494 111.856 
299 3757.95 60.7902 112.107 
300 3725.57 61.525 112.325 
301 3693.18 62.2534 112.51 
302 3660.78 62.9751 112.661 
303 3628.38 63.6899 112.779 
304 3595.98 64.3974 112.864 
305 3563.6 65.0974 112.913 
306 3531.24 65.7897 112.928 
307 3498.92 66.4739 112.909 
308 3466.63 67.1499 112.854 
309 3434.38 67.8174 112.763 
310 3402.19 68.476 112.637 
311 3370.06 69.1257 112.475 
312 3338 69.766 112.277 
313 3306.02 70.3969 112.042 
314 3274.12 71.0179 111.771 
315 3242.31 71.6289 111.463 
316 3210.6 72.2297 111.119 
317 3179 72.82 110.737 
318 3147.52 73.3996 110.319 
319 3116.16 73.9682 109.864 
320 3084.93 74.5257 109.372 
321 3053.84 75.0718 108.843 
322 3022.9 75.6063 108.277 
323 2992.12 76.129 107.675 
324 2961.5 76.6397 107.036 
325 2931.05 77.1382 106.36 
326 2900.78 77.6244 105.648 
327 2870.71 78.0979 104.9 
328 2840.82 78.5587 104.115 
329 2811.15 79.0066 103.296 
330 2781.68 79.4414 102.441 
331 2752.44 79.863 101.55 
332 2723.43 80.2711 100.626 
333 2694.66 80.6657 99.6668 
334 2666.13 81.0466 98.6741 
335 2637.86 81.4137 97.6482 
336 2609.85 81.7669 96.5897 
337 2582.11 82.1061 95.499 
338 2554.66 82.431 94.3768 
339 2527.49 82.7418 93.2239 
340 2500.61 83.0382 92.0408 
341 2474.05 83.3202 90.8284 
342 2447.79 83.5878 89.5874 
343 2421.86 83.8408 88.3188 
344 2396.26 84.0793 87.0234 
345 2371 84.3031 85.7021 
346 2346.09 84.5124 84.3561 
347 2321.53 84.707 82.9862 
348 2297.34 84.8869 81.5937 
349 2273.52 85.0523 80.1797 
350 2250.09 85.203 78.7455 
351 2227.04 85.3392 77.292 
352 2204.39 85.4606 75.8198 
353 2182.13 85.5674 74.3293 
354 2160.28 85.6592 72.8208 
355 2138.82 85.7361 71.2945 
356 2117.77 85.798 69.7509 
357 2097.13 85.8447 68.1904 
358 2076.9 85.8763 66.6133 
359 2057.08 85.8927 65.02 
360 2037.67 85.8938 63.411 
361 2018.68 85.8796 61.7867 
362 2000.11 85.85 60.1475 
363 1981.95 85.805 58.4939 
364 1964.22 85.7446 56.8263 
365 1946.91 85.6688 55.1453 
366 1930.03 85.5776 53.4512 
367 1913.57 85.471 51.7448 
368 1897.53 85.349 50.0263 
369 1881.93 85.2116 48.2966 
370 1866.75 85.0589 46.5559 
371 1852 84.891 44.805 
372 1837.68 84.7078 43.0445 
373 1823.78 84.5095 41.2749 
374 1810.32 84.2961 39.4968 
375 1797.29 84.0677 37.711 
376 1784.69 83.8244 35.9179 
377 1772.51 83.5664 34.1184 
378 1760.77 83.2937 32.3131 
379 1749.46 83.0066 30.5027 
380 1738.57 82.705 28.6879 
381 1728.11 82.3893 26.8695 
382 1718.08 82.0596 25.0482 
383 1708.47 81.716 23.2248 
384 1699.28 81.3588 21.4 
385 1690.52 80.9881 19.5747 
386 1682.18 80.6043 17.7497 
387 1674.26 80.2076 15.9259 
388 1666.76 79.7981 14.1041 
389 1659.67 79.3763 12.2852 
390 1652.99 78.9423 10.47 
391 1646.73 78.4964 8.65961 
392 1640.87 78.0391 6.85483 
393 1635.42 77.5706 5.05666 
394 1630.37 77.0912 3.26607 
395 1625.72 76.6014 1.48406 
396 1621.47 76.1016 -0.288342 
397 1617.6 75.592 -2.05011 
398 1614.13 75.0732 -3.80018 
399 1611.04 74.5455 -5.53748 
400 1608.34 74.0095 -7.2609 
401 1606.01 73.4655 -8.96942 
402 1604.06 72.9138 -10.6624 
403 1602.48 72.3544 -12.3394 
404 1601.27 71.7875 -13.9997 
405 1600.42 71.2132 -15.643 
406 1599.94 70.6316 -17.2686 
407 1599.82 70.043 -18.8761 
408 1600.06 69.4474 -20.4649 
409 1600.65 68.8451 -22.0346 
410 1601.59 68.2361 -23.5846 
411 1602.87 67.6206 -25.1145 
412 1604.5 66.9989 -26.6237 
413 1606.47 66.371 -28.1117 
414 1608.77 65.7372 -29.5782 
415 1611.4 65.0977 -31.0225 
416 1614.35 64.4525 -32.4443 
417 1617.63 63.802 -33.843 
418 1621.22 63.1464 -35.2183 
419 1625.12 62.4857 -36.5696 
420 1629.32 61.8203 -37.8966 
421 1633.83 61.1504 -39.1987 
422 1638.63 60.4762 -40.4756 
423 1643.72 59.7978 -41.7268 
424 1649.09 59.1156 -42.9519 
425 1654.73 58.4298 -44.1506 
426 1660.65 57.7406 -45.3224 
427 1666.83 57.0482 -46.467 
428 1673.27 56.353 -47.5839 
429 1679.95 55.6552 -48.6729 
430 1686.89 54.955 -49.7335 
431 1694.05 54.2527 -50.7655 
432 1701.45 53.5487 -51.7684 
433 1709.07 52.8431 -52.742 
434 1716.91 52.1363 -53.686 
435 1724.94 51.4286 -54.6 
436 1733.18 50.7203 -55.4839 
437 1741.61 50.0116 -56.3372 
438 1750.22 49.303 -57.1599 
439 1759.01 48.5947 -57.9515 
440 1767.95 47.887 -58.7119 
441 1777.06 47.1804 -59.441 
442 1786.31 46.475 -60.1384 
443 1795.7 45.7714 -60.804 
444 1805.21 45.0698 -61.4376 
445 1814.85 44.3706 -62.0391 
446 1824.59 43.6741 -62.6083 
447 1834.43 42.9808 -63.1452 
448 1844.36 42.2911 -63.6496 
449 1854.36 41.6052 -64.1214 
450 1864.44 40.9237 -64.5606 
451 1874.57 40.2469 -64.967 
452 1884.75 39.5749 -65.3407 
453 1894.98 38.9081 -65.6814 
454 1905.26 38.2465 -65.989 
455 1915.58 37.5904 -66.2634 
456 1925.93 36.9398 -66.5046 
457 1936.32 36.2951 -66.7125 
458 1946.74 35.6563 -66.8869 
459 1957.18 35.0236 -67.0279 
460 1967.65 34.3972 -67.1355 
461 1978.13 33.7773 -67.2097 
462 1988.62 33.1641 -67.2505 
463 1999.12 32.5576 -67.2578 
464 2009.63 31.9581 -67.2319 
465 2020.13 31.3657 -67.1727 
466 2030.63 30.7807 -67.0804 
467 2041.11 30.203 -66.9551 
468 2051.58 29.633 -66.7968 
469 2062.03 29.0707 -66.6059 
470 2072.46 28.5163 -66.3824 
471 2082.86 27.97 -66.1266 
472 2093.22 27.4319 -65.8386 
473 2103.54 26.9022 -65.5188 
474 2113.81 26.3809 -65.1674 
475 2124.03 25.8683 -64.7848 
476 2134.2 25.3645 -64.3711 
477 2144.31 24.8695 -63.9269 
478 2154.34 24.3836 -63.4524 
479 2164.31 23.9069 -62.948 
480 2174.2 23.4395 -62.4142 
481 2184 22.9815 -61.8515 
482 2193.71 22.533 -61.2602 
483 2203.32 22.0941 -60.641 
484 2212.83 21.6651 -59.9943 
485 2222.24 21.2459 -59.3207 
486 2231.53 20.8366 -58.6208 
487 2240.69 20.4375 -57.8953 
488 2249.73 20.0485 -57.1447 
489 2258.64 19.6699 -56.3697 
490 2267.4 19.3015 -55.5711 
491 2276.02 18.9436 -54.7497 
492 2284.49 18.5963 -53.9061 
493 2292.79 18.2596 -53.0412 
494 2300.93 17.9335 -52.1559 
495 2308.89 17.6182 -51.2509 
496 2316.67 17.3137 -50.3273 
497 2324.26 17.02 -49.386 
498 2331.66 16.7373 -48.4279 
499 2338.85 16.4656 -47.454 
500 2345.84 16.2049 -46.4655 
501 2352.6 15.9552 -45.4633 
502 2359.15 15.7167 -44.4478 
503 2365.48 15.4893 -43.4193 
504 2371.59 15.2731 -42.3782 
505 2377.48 15.0683 -41.3249 
506 2383.15 14.8747 -40.2596 
507 2388.61 14.6925 -39.1828 
508 2393.84 14.5216 -38.0948 
509 2398.85 14.3622 -36.9961 
510 2403.64 14.2141 -35.8871 
511 2408.22 14.0775 -34.7682 
512 2412.57 13.9524 -33.6398 
513 2416.7 13.8387 -32.5024 
514 2420.62 13.7364 -31.3564 
515 2424.31 13.6456 -30.2024 
516 2427.79 13.5662 -29.0408 
517 2431.04 13.4983 -27.8722 
518 2434.08 13.4416 -26.6971 
519 2436.89 13.3964 -25.516 
520 2439.49 13.3624 -24.3295 
521 2441.86 13.3397 -23.1381 
522 2444.02 13.3282 -21.9425 
523 2445.96 13.3279 -20.7432 
524 2447.68 13.3386 -19.5409 
525 2449.19 13.3604 -18.3362 
526 2450.48 13.393 -17.1297 
527 2451.55 13.4365 -15.9222 
528 2452.4 13.4908 -14.7143 
529 2453.04 13.5556 -13.5067 
530 2453.46 13.631 -12.3002 
531 2453.67 13.7168 -11.0955 
532 2453.66 13.8129 -9.89326 
533 2453.44 13.9191 -8.69437 
534 2453 14.0353 -7.49959 
535 2452.36 14.1614 -6.30973 
536 2451.5 14.2972 -5.12562 
537 2450.43 14.4424 -3.94812 
538 2449.15 14.597 -2.77809 
539 2447.66 14.7607 -1.61641 
540 2445.96 14.9334 -0.464004 
541 2444.06 15.1149 0.678209 
542 2441.95 15.3048 1.80928 
543 2439.63 15.5031 2.92824 
544 2437.1 15.7094 4.0341 
545 2434.38 15.9236 5.12586 
546 2431.45 16.1453 6.20248 
547 2428.32 16.3744 7.2629 
548 2424.99 16.6104 8.30607 
549 2421.45 16.8532 9.33087 
550 2417.72 17.1025 10.3362 
551 2413.8 17.3579 11.3211 
552 2409.68 17.6194 12.285 
553 2405.37 17.8869 13.2277 
554 2400.87 18.1603 14.1488 
555 2396.18 18.4395 15.0481 
556 2391.32 18.7245 15.9253 
557 2386.28 19.0152 16.7799 
558 2381.06 19.3114 17.6118 
559 2375.67 19.6131 18.4207 
560 2370.11 19.9201 19.2062 
561 2364.39 20.2324 19.968 
562 2358.51 20.5498 20.7058 
563 2352.48 20.8723 21.4195 
564 2346.29 21.1996 22.1086 
565 2339.95 21.5317 22.7729 
566 2333.46 21.8685 23.4122 
567 2326.84 22.2097 24.026 
568 2320.08 22.5554 24.6143 
569 2313.18 22.9052 25.1766 
570 2306.16 23.2591 25.7128 
571 2299.01 23.617 26.2225 
572 2291.75 23.9786 26.7055 
573 2284.36 24.3438 27.1616 
574 2276.87 24.7123 27.5905 
575 2269.27 25.0842 27.9919 
576 2261.56 25.4591 28.3656 
577 2253.76 25.8368 28.7114 
578 2245.87 26.2173 29.029 
579 2237.89 26.6002 29.3182 
580 2229.82 26.9854 29.5788 
581 2221.68 27.3726 29.8105 
582 2213.46 27.7617 30.0131 
583 2205.18 28.1524 30.1865 
584 2196.83 28.5445 30.3303 
585 2188.43 28.9378 30.4444 
586 2179.97 29.332 30.5286 
587 2171.46 29.7269 30.5828 
588 2162.92 30.1222 30.6066 
589 2154.34 30.5176 30.5999 
590 2145.73 30.913 30.5626 
591 2137.09 31.3079 30.4945 
592 2128.43 31.7023 30.3954 
593 2119.76 32.0956 30.2651 
594 2111.09 32.4878 30.1036 
595 2102.41 32.8784 29.9105 
596 2093.74 33.2672 29.6859 
597 2085.07 33.6538 29.4295 
598 2076.43 34.0379 29.1412 
599 2067.81 34.4192 28.8209 
600 2059.21 34.7975 28.4686 
601 2050.66 35.1722 28.084 
602 2042.14 35.5434 27.6673 
603 2033.66 35.911 27.2186 
604 2025.23 36.2748 26.738 
605 2016.84 36.6348 26.2256 
606 2008.5 36.9909 25.6816 
607 2000.22 37.343 25.1062 
608 1991.99 37.691 24.4995 
609 1983.82 38.0349 23.8617 
610 1975.71 38.3745 23.1931 
611 1967.67 38.7097 22.4937 
612 1959.69 39.0406 21.764 
613 1951.78 39.3669 21.004 
614 1943.95 39.6886 20.2142 
615 1936.19 40.0055 19.3946 
616 1928.51 40.3177 18.5457 
617 1920.92 40.625 17.6678 
618 1913.41 40.9273 16.7611 
619 1905.99 41.2246 15.826 
620 1898.66 41.5167 14.8628 
621 1891.42 41.8035 13.8719 
622 1884.29 42.085 12.8538 
623 1877.25 42.361 11.8087 
624 1870.32 42.6315 10.7372 
625 1863.5 42.8964 9.6396 
626 1856.8 43.1555 8.51641 
627 1850.2 43.4089 7.36808 
628 1843.73 43.6563 6.1951 
629 1837.38 43.8976 4.99798 
630 1831.15 44.1329 3.77723 
631 1825.05 44.362 2.53341 
632 1819.09 44.5847 1.26706 
633 1813.26 44.8011 -0.0212336 
634 1807.57 45.0109 -1.33088 
635 1802.02 45.2141 -2.66126 
636 1796.63 45.4107 -4.01173 
637 1791.38 45.6004 -5.38165 
638 1786.29 45.7833 -6.77034 
639 1781.35 45.9591 -8.17711 
640 1776.58 46.1278 -9.60123 
641 1771.97 46.2894 -11.042 
642 1767.54 46.4436 -12.4986 
643 1763.28 46.5905 -13.9703 
644 1759.19 46.7298 -15.4563 
645 1755.29 46.8615 -16.9557 
646 1751.57 46.9855 -18.4678 
647 1748.04 47.1017 -19.9916 
648 1744.71 47.21 -21.5263 
649 1741.57 47.3102 -23.071 
650 1738.63 47.4024 -24.6247 
651 1735.9 47.4863 -26.1865 
652 1733.38 47.562 -27.756 
653 1731.06 47.6294 -29.3328 
654 1728.94 47.6887 -30.9163 
655 1727.03 47.7397 -32.5062 
656 1725.32 47.7825 -34.1021 
657 1723.81 47.8172 -35.7033 
658 1722.5 47.8437 -37.3096 
659 1721.39 47.862 -38.9203 
660 1720.49 47.8721 -40.5351 
661 1719.78 47.8742 -42.1534 
662 1719.27 47.8681 -43.7746 
663 1718.95 47.854 -45.3983 
664 1718.83 47.8318 -47.0239 
665 1718.91 47.8017 -48.6509 
666 1719.18 47.7635 -50.2787 
667 1719.65 47.7175 -51.9068 
668 1720.31 47.6635 -53.5345 
669 1721.15 47.6017 -55.1614 
670 1722.19 47.5321 -56.7866 
671 1723.42 47.4548 -58.4098 
672 1724.83 47.3697 -60.0301 
673 1726.44 47.277 -61.6471 
674 1728.22 47.1768 -63.2599 
675 1730.19 47.069 -64.8681 
676 1732.35 46.9537 -66.4708 
677 1734.68 46.8311 -68.0674 
678 1737.2 46.7011 -69.6572 
679 1739.89 46.5639 -71.2395 
680 1742.77 46.4195 -72.8136 
681 1745.82 46.2681 -74.3787 
682 1749.04 46.1096 -75.934 
683 1752.44 45.9443 -77.4788 
684 1756 45.7721 -79.0123 
685 1759.74 45.5932 -80.5338 
686 1763.65 45.4076 -82.0423 
687 1767.72 45.2156 -83.5371 
688 1771.96 45.0171 -85.0174 
689 1776.37 44.8123 -86.4823 
690 1780.93 44.6013 -87.9309 
691 1785.66 44.3842 -89.3623 
692 1790.54 44.1612 -90.7758 
693 1795.58 43.9323 -92.1702 
694 1800.78 43.6977 -93.5449 
695 1806.13 43.4576 -94.8987 
696 1811.63 43.212 -96.2307 
697 1817.28 42.9611 -97.54 
698 1823.08 42.7051 -98.8257 
699 1829.02 42.444 -100.087 
700 1835.1 42.1781 -101.322 
701 1841.33 41.9075 -102.53 
702 1847.7 41.6323 -103.712 
703 1854.2 41.3525 -104.866 
704 1860.83 41.0683 -105.993 
705 1867.59 40.7796 -107.092 
706 1874.47 40.4867 -108.163 
707 1881.48 40.1895 -109.206 
708 1888.61 39.8883 -110.22 
709 1895.85 39.5829 -111.205 
710 1903.2 39.2737 -112.162 
711 1910.66 38.9606 -113.089 
712 1918.22 38.6437 -113.987 
713 1925.89 38.3232 -114.854 
714 1933.65 37.9992 -115.692 
715 1941.51 37.6717 -116.5 
716 1949.45 37.3409 -117.277 
717 1957.48 37.0068 -118.024 
718 1965.59 36.6697 -118.739 
719 1973.78 36.3296 -119.424 
720 1982.05 35.9866 -120.077 
721 1990.38 35.6409 -120.699 
722 1998.78 35.2925 -121.289 
723 2007.24 34.9417 -121.847 
724 2015.76 34.5885 -122.373 
725 2024.33 34.2331 -122.866 
726 2032.95 33.8756 -123.327 
727 2041.61 33.5162 -123.755 
728 2050.32 33.1549 -124.15 
729 2059.06 32.792 -124.512 
730 2067.83 32.4276 -124.841 
731 2076.63 32.0618 -125.136 
732 2085.45 31.6949 -125.397 
733 2094.29 31.3269 -125.625 
734 2103.14 30.958 -125.818 
735 2112 30.5884 -125.977 
736 2120.87 30.2183 -126.102 
737 2129.73 29.8478 -126.192 
738 2138.58 29.4771 -126.248 
739 2147.43 29.1064 -126.268 
740 2156.26 28.7358 -126.254 
741 2165.07 28.3656 -126.205 
742 2173.85 27.996 -126.12 
743 2182.6 27.627 -126 
744 2191.31 27.259 -125.844 
745 2199.98 26.8921 -125.653 
746 2208.61 26.5266 -125.425 
747 2217.18 26.1626 -125.162 
748 2225.69 25.8003 -124.863 
749 2234.14 25.4399 -124.528 
750 2242.52 25.0818 -124.156 
751 2250.83 24.726 -123.748 
752 2259.06 24.3727 -123.304 
753 2267.22 24.0219 -122.824 
754 2275.29 23.6737 -122.308 
755 2283.27 23.3281 -121.757 
756 2291.17 22.9853 -121.17 
757 2298.98 22.6452 -120.549 
758 2306.7 22.3081 -119.892 
759 2314.33 21.9738 -119.201 
760 2321.86 21.6425 -118.475 
761 2329.29 21.3142 -117.716 
762 2336.62 20.9891 -116.922 
763 2343.84 20.6672 -116.096 
764 2350.96 20.3485 -115.236 
765 2357.96 20.0332 -114.343 
766 2364.86 19.7212 -113.418 
767 2371.64 19.4128 -112.461 
768 2378.3 19.1078 -111.473 
769 2384.84 18.8065 -110.453 
770 2391.26 18.5088 -109.402 
771 2397.55 18.2149 -108.32 
772 2403.71 17.9249 -107.209 
773 2409.75 17.6387 -106.067 
774 2415.64 17.3564 -104.897 
775 2421.4 17.0782 -103.698 
776 2427.02 16.8042 -102.471 
777 2432.5 16.5343 -101.216 
778 2437.83 16.2686 -99.9335 
779 2443.01 16.0073 -98.6245 
780 2448.04 15.7504 -97.2894 
781 2452.92 15.498 -95.9286 
782 2457.63 15.2502 -94.5428 
783 2462.19 15.007 -93.1325 
784 2466.58 14.7684 -91.6983 
785 2470.81 14.5347 -90.2409 
786 2474.86 14.3059 -88.7609 
787 2478.75 14.0819 -87.2588 
788 2482.45 13.863 -85.7355 
789 2485.98 13.6492 -84.1915 
790 2489.32 13.4406 -82.6275 
791 2492.48 13.2372 -81.0443 
792 2495.45 13.0391 -79.4425 
793 2498.22 12.8465 -77.823 
794 2500.8 12.6593 -76.1865 
795 2503.18 12.4777 -74.5337 
796 2505.36 12.3018 -72.8655 
797 2507.33 12.1316 -71.1826 
798 2509.1 11.9672 -69.4859 
799 2510.65 11.8087 -67.7762 
800 2511.99 11.6561 -66.0545 
801 2513.11 11.5096 -64.3214 
802 2514.01 11.3692 -62.5775 
803 2514.69 11.2348 -60.8233 
804 2515.15 11.1064 -59.0592 
805 2515.4 10.9841 -57.2857 
806 2515.43 10.8678 -55.5032 
807 2515.25 10.7575 -53.7123 
808 2514.85 10.6532 -51.9134 
809 2514.24 10.5548 -50.107 
810 2513.42 10.4624 -48.2937 
811 2512.38 10.376 -46.4739 
812 2511.14 10.2955 -44.6482 
813 2509.68 10.2208 -42.8172 
814 2508.02 10.1521 -40.9813 
815 2506.14 10.0892 -39.1412 
816 2504.06 10.0321 -37.2974 
817 2501.78 9.98082 -35.4505 
818 2499.28 9.93531 -33.6011 
819 2496.59 9.89552 -31.7499 
820 2493.69 9.86145 -29.8973 
821 2490.58 9.83303 -28.044 
822 2487.28 9.81025 -26.1907 
823 2483.77 9.79306 -24.3381 
824 2480.07 9.78143 -22.4867 
825 2476.16 9.7753 -20.6372 
826 2472.06 9.77464 -18.7904 
827 2467.77 9.7794 -16.9468 
828 2463.27 9.78953 -15.1073 
829 2458.59 9.80499 -13.2725 
830 2453.71 9.82572 -11.4432 
831 2448.64 9.85167 -9.61999 
832 2443.38 9.88278 -7.80374 
833 2437.93 9.919 -5.99518 
834 2432.3 9.96026 -4.19507 
835 2426.47 10.0065 -2.4042 
836 2420.47 10.0577 -0.623367 
837 2414.28 10.1137 1.14663 
838 2407.9 10.1745 2.90496 
839 2401.35 10.2401 4.6508 
840 2394.61 10.3103 6.38331 
841 2387.7 10.3851 8.10162 
842 2380.61 10.4643 9.80488 
843 2373.35 10.548 11.4922 
844 2365.91 10.6361 13.1627 
845 2358.3 10.7283 14.8154 
846 2350.52 10.8248 16.4495 
847 2342.57 10.9254 18.0639 
848 2334.45 11.0299 19.6579 
849 2326.16 11.1384 21.2303 
850 2317.71 11.2507 22.7802 
851 2309.1 11.3667 24.3068 
852 2300.33 11.4863 25.8097 
853 2291.4 11.6096 27.2887 
854 2282.32 11.7364 28.7434 
855 2273.08 11.8667 30.1737 
856 2263.7 12.0004 31.5793 
857 2254.17 12.1374 32.96 
858 2244.51 12.2778 34.3155 
859 2234.7 12.4214 35.6456 
860 2224.75 12.5681 36.95 
861 2214.68 12.7179 38.2285 
862 2204.47 12.8707 39.4809 
863 2194.14 13.0264 40.7069 
864 2183.68 13.185 41.9063 
865 2173.1 13.3464 43.0789 
866 2162.41 13.5105 44.2243 
867 2151.61 13.6772 45.3425 
868 2140.69 13.8464 46.433 
869 2129.67 14.0181 47.4958 
870 2118.55 14.1921 48.5305 
871 2107.33 14.3684 49.537 
872 2096.01 14.5468 50.515 
873 2084.6 14.7274 51.4642 
874 2073.1 14.9099 52.3845 
875 2061.52 15.0944 53.2756 
876 2049.86 15.2806 54.1373 
877 2038.12 15.4685 54.9693 
878 2026.3 15.658 55.7715 
879 2014.42 15.849 56.5435 
880 2002.47 16.0414 57.2852 
881 1990.46 16.235 57.9964 
882 1978.39 16.4298 58.6768 
883 1966.26 16.6256 59.3262 
884 1954.09 16.8224 59.9445 
885 1941.87 17.0199 60.5312 
886 1929.61 17.2182 61.0864 
887 1917.31 17.417 61.6096 
888 1904.97 17.6162 62.1008 
889 1892.61 17.8158 62.5597 
890 1880.22 18.0155 62.9861 
891 1867.81 18.2153 63.3798 
892 1855.38 18.4151 63.7405 
893 1842.94 18.6146 64.0681 
894 1830.49 18.8137 64.3623 
895 1818.04 19.0124 64.623 
896 1805.59 19.2104 64.85 
897 1793.14 19.4077 65.043 
898 1780.7 19.604 65.2018 
899 1768.28 19.7992 65.3263 
900 1755.87 19.9932 65.4162 
901 1743.49 20.1859 65.4714 
902 1731.14 20.3771 65.4921 
903 1718.81 20.5668 65.4783 
904 1706.51 20.755 65.4304 
905 1694.24 20.9417 65.3484 
906 1682.01 21.1267 65.2327 
907 1669.82 21.3101 65.0834 
908 1657.66 21.4918 64.9007 
909 1645.55 21.6717 64.6849 
910 1633.48 21.8498 64.4362 
911 1621.46 22.0261 64.1549 
912 1609.49 22.2005 63.8412 
913 1597.57 22.3729 63.4955 
914 1585.7 22.5433 63.1179 
915 1573.89 22.7117 62.7088 
916 1562.14 22.878 62.2684 
917 1550.46 23.0421 61.7972 
918 1538.83 23.204 61.2953 
919 1527.28 23.3636 60.7632 
920 1515.79 23.521 60.2011 
921 1504.38 23.6759 59.6094 
922 1493.04 23.8285 58.9884 
923 1481.78 23.9786 58.3386 
924 1470.6 24.1261 57.6603 
925 1459.5 24.2711 56.9539 
926 1448.49 24.4134 56.2197 
927 1437.57 24.553 55.4582 
928 1426.74 24.6898 54.6699 
929 1416 24.8238 53.855 
930 1405.36 24.955 53.0141 
931 1394.82 25.0832 52.1477 
932 1384.38 25.2084 51.2561 
933 1374.05 25.3306 50.3398 
934 1363.82 25.4496 49.3994 
935 1353.71 25.5655 48.4353 
936 1343.71 25.6781 47.448 
937 1333.83 25.7874 46.438 
938 1324.07 25.8933 45.4059 
939 1314.43 25.9958 44.3522 
940 1304.92 26.0948 43.2774 
941 1295.53 26.1903 42.1821 
942 1286.28 26.2821 41.0669 
943 1277.16 26.3702 39.9323 
944 1268.18 26.4545 38.7791 
945 1259.34 26.535 37.6076 
946 1250.65 26.6117 36.4187 
947 1242.1 26.6843 35.2128 
948 1233.71 26.7529 33.9908 
949 1225.46 26.8174 32.7531 
950 1217.38 26.8777 31.5005 
951 1209.45 26.9338 30.2337 
952 1201.69 26.9856 28.953 
953 1194.08 27.0332 27.6588 
954 1186.63 27.0766 26.3516 
955 1179.34 27.1157 25.0318 
956 1172.22 27.1507 23.6998 
957 1165.25 27.1814 22.356 
958 1158.43 27.208 21.0009 
959 1151.78 27.2303 19.6349 
960 1145.29 27.2486 18.2585 
961 1138.95 27.2627 16.8721 
962 1132.77 27.2726 15.4762 
963 1126.75 27.2784 14.0712 
964 1120.88 27.2802 12.6578 
965 1115.17 27.2778 11.2363 
966 1109.62 27.2714 9.80723 
967 1104.22 27.261 8.37117 
968 1098.98 27.2465 6.92863 
969 1093.9 27.228 5.48012 
970 1088.96 27.2056 4.02618 
971 1084.19 27.1791 2.56736 
972 1079.57 27.1488 1.10423 
973 1075.1 27.1145 -0.362657 
974 1070.79 27.0763 -1.83272 
975 1066.63 27.0343 -3.30538 
976 1062.62 26.9884 -4.78003 
977 1058.76 26.9388 -6.25608 
978 1055.06 26.8853 -7.73291 
979 1051.51 26.8281 -9.20989 
980 1048.1 26.7671 -10.6864 
981 1044.85 26.7025 -12.1618 
982 1041.75 26.6342 -13.6354 
983 1038.8 26.5623 -15.1067 
984 1036 26.4868 -16.5748 
985 1033.35 26.4077 -18.0391 
986 1030.84 26.3251 -19.499 
987 1028.49 26.239 -20.9537 
988 1026.28 26.1494 -22.4025 
989 1024.21 26.0564 -23.8447 
990 1022.3 25.9601 -25.2796 
991 1020.52 25.8604 -26.7064 
992 1018.9 25.7574 -28.1244 
993 1017.42 25.6512 -29.5328 
994 1016.08 25.5418 -30.9308 
995 1014.88 25.4292 -32.3177 
996 1013.83 25.3135 -33.6927 
997 1012.92 25.1947 -35.0549 
998 1012.15 25.0729 -36.4036 
999 1011.52 24.9481 -37.7379 
1000 1011.03 24.8204 -39.057 
1001 1010.68 24.6898 -40.3601 
1002 1010.47 24.5563 -41.6469 
1003 1010.4 24.4201 -42.9172 
1004 1010.45 24.2812 -44.1709 
1005 1010.64 24.1395 -45.4076 
1006 1010.96 23.9952 -46.6272 
1007 1011.4 23.8483 -47.8294 
1008 1011.97 23.6988 -49.0141 
1009 1012.66 23.5469 -50.1811 
1010 1013.47 23.3925 -51.33 
1011 1014.4 23.2357 -52.4608 
1012 1015.45 23.0766 -53.5731 
1013 1016.61 22.9152 -54.6668 
1014 1017.88 22.7515 -55.7416 
1015 1019.25 22.5857 -56.7973 
1016 1020.74 22.4178 -57.8338 
1017 1022.33 22.2478 -58.8507 
1018 1024.02 22.0759 -59.8479 
1019 1025.81 21.9019 -60.8251 
1020 1027.7 21.7262 -61.7821 
1021 1029.68 21.5486 -62.7187 
1022 1031.76 21.3693 -63.6346 
1023 1033.92 21.1883 -64.5297 
1024 1036.17 21.0057 -65.4037 
1025 1038.51 20.8215 -66.2563 
1026 1040.92 20.6359 -67.0874 
1027 1043.42 20.4489 -67.8967 
1028 1045.99 20.2605 -68.684 
1029 1048.64 20.0709 -69.449 
1030 1051.36 19.8802 -70.1915 
1031 1054.14 19.6883 -70.9114 
1032 1057 19.4953 -71.6082 
1033 1059.91 19.3015 -72.2819 
1034 1062.89 19.1067 -72.9322 
1035 1065.92 18.9112 -73.5588 
1036 1069.01 18.7149 -74.1615 
1037 1072.15 18.518 -74.7401 
1038 1075.34 18.3206 -75.2943 
1039 1078.58 18.1227 -75.8239 
1040 1081.86 17.9244 -76.3287 
1041 1085.18 17.7259 -76.8083 
1042 1088.53 17.5271 -77.2627 
1043 1091.93 17.3282 -77.6914 
1044 1095.35 17.1294 -78.0943 
1045 1098.8 16.9306 -78.4712 
1046 1102.28 16.7319 -78.8218 
1047 1105.78 16.5335 -79.1457 
1048 1109.3 16.3355 -79.4429 
1049 1112.84 16.138 -79.7131 
1050 1116.39 15.941 -79.9559 
1051 1119.94 15.7446 -80.1713 
1052 1123.51 15.549 -80.3593 
1053 1127.09 15.3541 -80.52 
1054 1130.66 15.1599 -80.6537 
1055 1134.25 14.9666 -80.7604 
1056 1137.83 14.7741 -80.8405 
1057 1141.41 14.5824 -80.894 
1058 1144.99 14.3917 -80.9211 
1059 1148.57 14.2019 -80.9221 
1060 1152.13 14.0131 -80.8971 
1061 1155.7 13.8254 -80.8463 
1062 1159.25 13.6387 -80.7699 
1063 1162.79 13.4531 -80.6683 
1064 1166.31 13.2686 -80.5415 
1065 1169.82 13.0853 -80.3898 
1066 1173.31 12.9033 -80.2134 
1067 1176.79 12.7225 -80.0126 
1068 1180.24 12.5429 -79.7876 
1069 1183.67 12.3648 -79.5387 
1070 1187.07 12.188 -79.2662 
1071 1190.45 12.0127 -78.9702 
1072 1193.79 11.8388 -78.651 
1073 1197.11 11.6664 -78.309 
1074 1200.39 11.4956 -77.9445 
1075 1203.64 11.3264 -77.5576 
1076 1206.85 11.1588 -77.1487 
1077 1210.02 10.9929 -76.7181 
1078 1213.14 10.8287 -76.2662 
1079 1216.23 10.6663 -75.7931 
1080 1219.27 10.5058 -75.2993 
1081 1222.26 10.3471 -74.7851 
1082 1225.2 10.1903 -74.2508 
1083 1228.08 10.0355 -73.6967 
1084 1230.92 9.88266 -73.1233 
1085 1233.69 9.7319 -72.5307 
1086 1236.41 9.58324 -71.9195 
1087 1239.07 9.43674 -71.29 
1088 1241.66 9.29244 -70.6426 
1089 1244.19 9.1504 -69.9776 
1090 1246.65 9.01065 -69.2954 
1091 1249.04 8.87326 -68.5965 
1092 1251.35 8.73827 -67.8812 
1093 1253.6 8.60573 -67.1499 
1094 1255.76 8.47571 -66.4032 
1095 1257.85 8.34824 -65.6413 
1096 1259.85 8.22338 -64.8648 
1097 1261.77 8.10118 -64.074 
1098 1263.6 7.98171 -63.2695 
1099 1265.35 7.865 -62.4516 
1100 1267 7.75112 -61.6209 
1101 1268.56 7.64012 -60.7778 
1102 1270.03 7.53199 -59.9227 
1103 1271.4 7.42674 -59.0558 
1104 1272.68 7.32436 -58.1776 
1105 1273.87 7.22485 -57.2884 
1106 1274.96 7.12821 -56.3884 
1107 1275.96 7.03442 -55.4782 
1108 1276.86 6.94348 -54.558 
1109 1277.68 6.8554 -53.6281 
1110 1278.4 6.77015 -52.6891 
1111 1279.03 6.68774 -51.7413 
1112 1279.56 6.60816 -50.785 
1113 1280 6.5314 -49.8206 
1114 1280.35 6.45746 -48.8486 
1115 1280.61 6.38632 -47.8694 
1116 1280.77 6.31798 -46.8833 
1117 1280.85 6.25243 -45.8908 
1118 1280.83 6.18966 -44.8923 
1119 1280.72 6.12966 -43.8882 
1120 1280.51 6.07242 -42.879 
1121 1280.22 6.01792 -41.8651 
1122 1279.83 5.96617 -40.8469 
1123 1279.36 5.91714 -39.825 
1124 1278.79 5.87083 -38.7998 
1125 1278.13 5.82722 -37.7717 
1126 1277.38 5.7863 -36.7412 
1127 1276.54 5.74805 -35.7088 
1128 1275.61 5.71247 -34.675 
1129 1274.58 5.67954 -33.6404 
1130 1273.47 5.64924 -32.6053 
1131 1272.27 5.62156 -31.5703 
1132 1270.98 5.59649 -30.5359 
1133 1269.6 5.574 -29.5027 
1134 1268.13 5.55408 -28.4711 
1135 1266.56 5.53672 -27.4418 
1136 1264.92 5.52189 -26.4152 
1137 1263.18 5.50958 -25.3919 
1138 1261.35 5.49977 -24.3725 
1139 1259.43 5.49244 -23.3574 
1140 1257.43 5.48757 -22.3474 
1141 1255.34 5.48514 -21.343 
1142 1253.16 5.48513 -20.3448 
1143 1250.89 5.48753 -19.3533 
1144 1248.54 5.49229 -18.3691 
1145 1246.1 5.49942 -17.393 
1146 1243.57 5.50888 -16.4254 
1147 1240.95 5.52064 -15.4671 
1148 1238.25 5.5347 -14.5186 
1149 1235.46 5.55101 -13.5806 
1150 1232.59 5.56957 -12.6537 
1151 1229.63 5.59033 -11.7386 
1152 1226.58 5.61327 -10.8354 
1153 1223.46 5.63837 -9.94434 
1154 1220.25 5.66559 -9.06558 
1155 1216.96 5.6949 -8.19929 
1156 1213.59 5.72626 -7.34565 
1157 1210.15 5.75965 -6.50482 
1158 1206.63 5.79503 -5.67699 
1159 1203.04 5.83237 -4.86232 
1160 1199.38 5.87163 -4.061 
1161 1195.64 5.91277 -3.27319 
1162 1191.84 5.95577 -2.49908 
1163 1187.97 6.00058 -1.73885 
1164 1184.03 6.04717 -0.992677 
1165 1180.03 6.0955 -0.260741 
1166 1175.97 6.14553 0.456775 
1167 1171.84 6.19723 1.15969 
1168 1167.66 6.25054 1.84781 
1169 1163.42 6.30543 2.52097 
1170 1159.13 6.36187 3.17896 
1171 1154.78 6.4198 3.82161 
1172 1150.37 6.47919 4.44872 
1173 1145.92 6.53999 5.06011 
1174 1141.42 6.60215 5.65558 
1175 1136.87 6.66564 6.23495 
1176 1132.28 6.73041 6.79803 
1177 1127.64 6.79641 7.34461 
1178 1122.97 6.86359 7.8745 
1179 1118.25 6.93191 8.38752 
1180 1113.49 7.00131 8.88345 
1181 1108.7 7.07176 9.36211 
1182 1103.87 7.14319 9.8233 
1183 1099.01 7.21556 10.2668 
1184 1094.12 7.28882 10.6924 
1185 1089.21 7.36292 11.1 
1186 1084.26 7.43779 11.4893 
1187 1079.29 7.51339 11.8601 
1188 1074.3 7.58967 12.2122 
1189 1069.29 7.66657 12.5454 
1190 1064.25 7.74402 12.8595 
1191 1059.2 7.82199 13.1543 
1192 1054.14 7.9004 13.4296 
1193 1049.06 7.9792 13.6852 
1194 1043.97 8.05833 13.9208 
1195 1038.87 8.13773 14.1362 
1196 1033.77 8.21734 14.3313 
1197 1028.66 8.29709 14.5058 
1198 1023.55 8.37694 14.6595 
1199 1018.43 8.4568 14.7922 
1200 1013.32 8.53662 14.9036 
1201 1008.21 8.61635 14.9937 
1202 1003.11 8.69594 15.0624 
1203 998.01 8.77537 15.1099 
1204 992.919 8.85462 15.1364 
1205 987.836 8.93367 15.1421 
1206 982.763 9.01249 15.127 
1207 977.702 9.09104 15.0913 
1208 972.652 9.16931 15.0351 
1209 967.617 9.24728 14.9587 
1210 962.596 9.3249 14.8623 
1211 957.592 9.40216 14.7458 
1212 952.605 9.47903 14.6097 
1213 947.637 9.55548 14.4539 
1214 942.69 9.63148 14.2788 
1215 937.764 9.707 14.0844 
1216 932.862 9.78202 13.871 
1217 927.984 9.8565 13.6388 
1218 923.131 9.93042 13.388 
1219 918.306 10.0038 13.1187 
1220 913.51 10.0765 12.8312 
1221 908.744 10.1485 12.5257 
1222 904.009 10.2199 12.2023 
1223 899.307 10.2905 11.8614 
1224 894.639 10.3604 11.5031 
1225 890.007 10.4296 11.1277 
1226 885.412 10.4979 10.7354 
1227 880.856 10.5654 10.3264 
1228 876.34 10.632 9.901 
1229 871.866 10.6976 9.45938 
1230 867.435 10.7624 9.00183 
1231 863.048 10.8262 8.52858 
1232 858.707 10.8889 8.0399 
1233 854.414 10.9507 7.53604 
1234 850.17 11.0113 7.01728 
1235 845.977 11.0708 6.48388 
1236 841.836 11.1292 5.93612 
1237 837.749 11.1864 5.37428 
1238 833.716 11.2424 4.79863 
1239 829.741 11.2971 4.20947 
1240 825.824 11.3505 3.6071 
1241 821.967 11.4026 2.9918 
1242 818.171 11.4533 2.36388 
1243 814.439 11.5026 1.72365 
1244 810.771 11.5505 1.07143 
1245 807.17 11.5969 0.407515 
1246 803.637 11.6417 -0.267757 
1247 800.173 11.685 -0.954063 
1248 796.78 11.7267 -1.65107 
1249 793.461 11.7667 -2.35845 
1250 790.216 11.8051 -3.07585 
1251 787.046 11.8417 -3.80295 
1252 783.953 11.8766 -4.53944 
1253 780.936 11.9098 -5.28506 
1254 777.995 11.9412 -6.0395 
1255 775.129 11.971 -6.80249 
1256 772.339 11.999 -7.57372 
1257 769.625 12.0253 -8.3529 
1258 766.986 12.0499 -9.13972 
1259 764.422 12.0727 -9.93387 
1260 761.934 12.0939 -10.735 
1261 759.521 12.1134 -11.5429 
1262 757.182 12.1311 -12.3572 
1263 754.919 12.1472 -13.1775 
1264 752.73 12.1615 -14.0036 
1265 750.615 12.1742 -14.835 
1266 748.575 12.1852 -15.6715 
1267 746.61 12.1944 -16.5127 
1268 744.718 12.202 -17.3583 
1269 742.9 12.2079 -18.2079 
1270 741.157 12.2122 -19.0611 
1271 739.487 12.2148 -19.9177 
1272 737.89 12.2157 -20.7771 
1273 736.367 12.2149 -21.6391 
1274 734.917 12.2125 -22.5033 
1275 733.54 12.2084 -23.3693 
1276 732.236 12.2027 -24.2368 
1277 731.005 12.1954 -25.1052 
1278 729.846 12.1864 -25.9743 
1279 728.759 12.1757 -26.8436 
1280 727.745 12.1635 -27.7127 
1281 726.803 12.1496 -28.5813 
1282 725.933 12.1342 -29.4489 
1283 725.134 12.1171 -30.315 
1284 724.407 12.0984 -31.1793 
1285 723.751 12.0782 -32.0414 
1286 723.166 12.0563 -32.9007 
1287 722.652 12.0329 -33.7569 
1288 722.209 12.0079 -34.6095 
1289 721.837 11.9813 -35.4581 
1290 721.534 11.9532 -36.3022 
1291 721.302 11.9236 -37.1414 
1292 721.139 11.8924 -37.9751 
1293 721.047 11.8597 -38.803 
1294 721.023 11.8255 -39.6245 
1295 721.069 11.7897 -40.4391 
1296 721.184 11.7525 -41.2465 
1297 721.368 11.7137 -42.046 
1298 721.621 11.6735 -42.8372 
1299 721.941 11.6318 -43.6196 
1300 722.33 11.5887 -44.3927 
1301 722.787 11.5441 -45.156 
1302 723.31 11.4981 -45.9094 
1303 723.899 11.4506 -46.6526 
1304 724.552 11.4018 -47.3856 
1305 725.268 11.3516 -48.1081 
1306 726.046 11.3001 -48.8201 
1307 726.885 11.2472 -49.5214 
1308 727.784 11.193 -50.2118 
1309 728.741 11.1376 -50.8912 
1310 729.755 11.0809 -51.5594 
1311 730.825 11.0229 -52.2164 
1312 731.949 10.9638 -52.8618 
1313 733.127 10.9035 -53.4957 
1314 734.357 10.842 -54.1177 
1315 735.637 10.7793 -54.7279 
1316 736.968 10.7156 -55.3259 
1317 738.346 10.6508 -55.9117 
1318 739.771 10.5849 -56.4851 
1319 741.242 10.518 -57.0459 
1320 742.758 10.4501 -57.594 
1321 744.316 10.3812 -58.1292 
1322 745.916 10.3114 -58.6513 
1323 747.556 10.2406 -59.1603 
1324 749.235 10.1689 -59.6558 
1325 750.951 10.0964 -60.1378 
1326 752.704 10.023 -60.6061 
1327 754.492 9.94887 -61.0605 
1328 756.312 9.87393 -61.5008 
1329 758.165 9.79823 -61.927 
1330 760.049 9.72182 -62.3387 
1331 761.961 9.64473 -62.7358 
1332 763.902 9.56698 -63.1183 
1333 765.869 9.48861 -63.4858 
1334 767.86 9.40965 -63.8382 
1335 769.875 9.33013 -64.1753 
1336 771.912 9.25009 -64.4971 
1337 773.969 9.16955 -64.8031 
1338 776.046 9.08857 -65.0934 
1339 778.139 9.00715 -65.3677 
1340 780.249 8.92536 -65.6259 
1341 782.373 8.8432 -65.8677 
1342 784.511 8.76074 -66.093 
1343 786.659 8.67799 -66.3015 
1344 788.818 8.595 -66.4932 
1345 790.984 8.5118 -66.6678 
1346 793.158 8.42843 -66.8251 
1347 795.337 8.34492 -66.9649 
1348 797.519 8.26133 -67.0871 
1349 799.703 8.17768 -67.1915 
1350 801.888 8.09401 -67.2778 
1351 804.072 8.01037 -67.3459 
1352 806.254 7.92676 -67.396 
1353 808.432 7.84321 -67.428 
1354 810.606 7.75975 -67.4421 
1355 812.775 7.67637 -67.4384 
1356 814.938 7.59311 -67.4171 
1357 817.093 7.50998 -67.3783 
1358 819.24 7.42701 -67.322 
1359 821.377 7.3442 -67.2485 
1360 823.504 7.26159 -67.1578 
1361 825.619 7.17918 -67.05 
1362 827.722 7.097 -66.9254 
1363 829.811 7.01507 -66.784 
1364 831.885 6.93341 -66.626 
1365 833.943 6.85204 -66.4516 
1366 835.983 6.77097 -66.2608 
1367 838.006 6.69024 -66.0538 
1368 840.01 6.60986 -65.8308 
1369 841.993 6.52985 -65.5919 
1370 843.954 6.45023 -65.3374 
1371 845.893 6.37102 -65.0672 
1372 847.808 6.29225 -64.7817 
1373 849.699 6.21394 -64.4809 
1374 851.563 6.13611 -64.1651 
1375 853.4 6.05878 -63.8343 
1376 855.208 5.98198 -63.4889 
1377 856.987 5.90572 -63.1289 
1378 858.735 5.83004 -62.7545 
1379 860.451 5.75495 -62.366 
1380 862.134 5.68047 -61.9634 
1381 863.783 5.60663 -61.547 
1382 865.396 5.53346 -61.117 
1383 866.973 5.46098 -60.6736 
1384 868.512 5.38921 -60.217 
1385 870.011 5.31818 -59.7473 
1386 871.47 5.24791 -59.2648 
1387 872.888 5.17842 -58.7697 
1388 874.262 5.10975 -58.2621 
1389 875.593 5.04192 -57.7424 
1390 876.878 4.97495 -57.2107 
1391 878.117 4.90886 -56.6672 
1392 879.307 4.84369 -56.1121 
1393 880.449 4.77946 -55.5457 
1394 881.54 4.7162 -54.9683 
1395 882.58 4.65394 -54.38 
1396 883.566 4.59269 -53.781 
1397 884.498 4.5325 -53.1717 
1398 885.375 4.47338 -52.5522 
1399 886.195 4.41536 -51.9227 
1400 886.956 4.35848 -51.2837 
1401 887.659 4.30275 -50.6352 
1402 888.301 4.24818 -49.9775 
1403 888.885 4.19477 -49.311 
1404 889.409 4.14252 -48.6357 
1405 889.873 4.09143 -47.9519 
1406 890.278 4.04151 -47.26 
1407 890.623 3.99274 -46.5601 
1408 890.909 3.94514 -45.8525 
1409 891.136 3.8987 -45.1374 
1410 891.303 3.85342 -44.4151 
1411 891.411 3.8093 -43.686 
1412 891.46 3.76634 -42.9502 
1413 891.449 3.72454 -42.2079 
1414 891.379 3.6839 -41.4596 
1415 891.25 3.64442 -40.7054 
1416 891.062 3.60609 -39.9457 
1417 890.814 3.56893 -39.1807 
1418 890.508 3.53292 -38.4107 
1419 890.142 3.49807 -37.636 
1420 889.717 3.46437 -36.8569 
1421 889.233 3.43182 -36.0736 
1422 888.69 3.40043 -35.2866 
1423 888.088 3.37019 -34.4961 
1424 887.427 3.34109 -33.7023 
1425 886.708 3.31315 -32.9057 
1426 885.929 3.28635 -32.1065 
1427 885.092 3.2607 -31.305 
1428 884.196 3.23619 -30.5016 
1429 883.241 3.21282 -29.6966 
1430 882.227 3.19059 -28.8903 
1431 881.155 3.1695 -28.0831 
1432 880.024 3.14954 -27.2752 
1433 878.835 3.13072 -26.4671 
1434 877.587 3.11303 -25.659 
1435 876.281 3.09646 -24.8513 
1436 874.917 3.08103 -24.0445 
1437 873.494 3.06671 -23.2387 
1438 872.013 3.05352 -22.4344 
1439 870.473 3.04144 -21.6319 
1440 868.876 3.03048 -20.8317 
1441 867.22 3.02063 -20.034 
1442 865.507 3.01189 -19.2393 
1443 863.735 3.00425 -18.4478 
1444 861.906 2.99772 -17.6601 
1445 860.019 2.99229 -16.8765 
1446 858.074 2.98795 -16.0974 
1447 856.071 2.9847 -15.3231 
1448 854.011 2.98255 -14.5542 
1449 851.893 2.98147 -13.7908 
1450 849.718 2.98148 -13.0336 
1451 847.485 2.98256 -12.2828 
1452 845.196 2.98471 -11.5386 
1453 842.851 2.9879 -10.8012 
1454 840.451 2.99213 -10.0706 
1455 837.998 2.99738 -9.34709 
1456 835.491 3.00364 -8.63073 
1457 832.933 3.0109 -7.92166 
1458 830.323 3.01913 -7.22002 
1459 827.664 3.02832 -6.52597 
1460 824.955 3.03847 -5.83963 
1461 822.197 3.04954 -5.16116 
1462 819.392 3.06154 -4.49069 
1463 816.541 3.07444 -3.82836 
1464 813.644 3.08822 -3.17433 
1465 810.702 3.10287 -2.52875 
1466 807.717 3.11838 -1.89174 
1467 804.689 3.13472 -1.26348 
1468 801.62 3.15189 -0.644093 
1469 798.51 3.16986 -0.0337467 
1470 795.36 3.18861 0.567413 
1471 792.171 3.20813 1.15923 
1472 788.945 3.2284 1.74156 
1473 785.682 3.24941 2.31424 
1474 782.383 3.27112 2.87712 
1475 779.049 3.29354 3.43004 
1476 775.682 3.31663 3.97283 
1477 772.282 3.34038 4.50536 
1478 768.85 3.36477 5.02744 
1479 765.388 3.38977 5.53893 
1480 761.896 3.41538 6.03965 
1481 758.376 3.44157 6.52946 
1482 754.828 3.46832 7.00817 
1483 751.254 3.4956 7.47563 
1484 747.654 3.52341 7.93167 
1485 744.031 3.55171 8.37613 
1486 740.384 3.58049 8.80882 
1487 736.715 3.60973 9.22959 
1488 733.025 3.63939 9.63826 
1489 729.315 3.66947 10.0347 
1490 725.586 3.69994 10.4186 
1491 721.839 3.73078 10.79 
1492 718.076 3.76196 11.1485 
1493 714.298 3.79346 11.4941 
1494 710.505 3.82526 11.8265 
1495 706.699 3.85734 12.1456 
1496 702.881 3.88966 12.4512 
1497 699.052 3.92222 12.7431 
1498 695.214 3.95497 13.0211 
1499 691.366 3.98791 13.2851 
1500 687.512 4.02099 13.5349 
1501 683.65 4.05421 13.7702 
1502 679.784 4.08755 13.9912 
1503 675.913 4.12098 14.1979 
1504 672.038 4.15451 14.3904 
1505 668.161 4.18812 14.5688 
1506 664.281 4.22178 14.7331 
1507 660.4 4.25551 14.8834 
1508 656.519 4.28926 15.0198 
1509 652.638 4.32305 15.1425 
1510 648.759 4.35684 15.2513 
1511 644.882 4.39063 15.3466 
1512 641.008 4.4244 15.4282 
1513 637.138 4.45814 15.4964 
1514 633.274 4.49184 15.5512 
1515 629.415 4.52548 15.5927 
1516 625.563 4.55904 15.621 
1517 621.718 4.59252 15.6362 
1518 617.882 4.62589 15.6384 
1519 614.055 4.65914 15.6277 
1520 610.239 4.69226 15.6042 
1521 606.434 4.72523 15.568 
1522 602.641 4.75803 15.5191 
1523 598.862 4.79066 15.4578 
1524 595.096 4.82309 15.3841 
1525 591.346 4.85531 15.298 
1526 587.611 4.8873 15.1998 
1527 583.893 4.91905 15.0896 
1528 580.193 4.95054 14.9674 
1529 576.512 4.98175 14.8334 
1530 572.851 5.01267 14.6876 
1531 569.21 5.04328 14.5303 
1532 565.592 5.07356 14.3614 
1533 561.995 5.1035 14.1813 
1534 558.423 5.13308 13.9899 
1535 554.875 5.16228 13.7874 
1536 551.353 5.19109 13.5739 
1537 547.857 5.21948 13.3496 
1538 544.389 5.24744 13.1146 
1539 540.95 5.27495 12.869 
1540 537.54 5.302 12.613 
1541 534.161 5.32856 12.3467 
1542 530.813 5.35461 12.0702 
1543 527.499 5.38014 11.7837 
1544 524.217 5.40513 11.4874 
1545 520.971 5.42956 11.1813 
1546 517.761 5.45341 10.8656 
1547 514.587 5.47665 10.5405 
1548 511.451 5.49928 10.2061 
1549 508.354 5.52127 9.86265 
1550 505.297 5.5426 9.51019 
1551 502.281 5.56326 9.14893 
1552 499.306 5.58324 8.77903 
1553 496.372 5.60253 8.40069 
1554 493.479 5.62114 8.01409 
1555 490.628 5.63907 7.6194 
1556 487.819 5.65631 7.21682 
1557 485.051 5.67287 6.80654 
1558 482.325 5.68873 6.38875 
1559 479.64 5.70391 5.96364 
1560 476.998 5.7184 5.53142 
1561 474.398 5.73219 5.09227 
1562 471.84 5.7453 4.64641 
1563 469.324 5.7577 4.19404 
1564 466.85 5.76942 3.73536 
1565 464.419 5.78043 3.27058 
1566 462.03 5.79075 2.79991 
1567 459.684 5.80037 2.32356 
1568 457.381 5.80929 1.84176 
1569 455.12 5.81752 1.35472 
1570 452.903 5.82503 0.862662 
1571 450.728 5.83185 0.365805 
1572 448.597 5.83796 -0.135622 
1573 446.509 5.84337 -0.641391 
1574 444.464 5.84807 -1.15127 
1575 442.462 5.85207 -1.66503 
1576 440.504 5.85536 -2.18244 
1577 438.59 5.85794 -2.70324 
1578 436.72 5.85982 -3.22722 
1579 434.893 5.86098 -3.75411 
1580 433.11 5.86143 -4.28368 
1581 431.371 5.86118 -4.81568 
1582 429.676 5.86021 -5.34985 
1583 428.026 5.85853 -5.88595 
1584 426.42 5.85613 -6.42371 
1585 424.858 5.85302 -6.96288 
1586 423.34 5.8492 -7.5032 
1587 421.868 5.84466 -8.04441 
1588 420.439 5.83941 -8.58622 
1589 419.056 5.83344 -9.12839 
1590 417.718 5.82676 -9.67063 
1591 416.424 5.81936 -10.2127 
1592 415.176 5.81124 -10.7542 
1593 413.972 5.80241 -11.295 
1594 412.814 5.79285 -11.8348 
1595 411.701 5.78258 -12.3733 
1596 410.634 5.77159 -12.9101 
1597 409.612 5.75988 -13.445 
1598 408.636 5.74746 -13.9777 
1599 407.705 5.73431 -14.508 
1600 406.821 5.72044 -15.0354 
1601 405.982 5.70586 -15.5598 
1602 405.188 5.69056 -16.0809 
1603 404.439 5.67456 -16.5988 
1604 403.735 5.65787 -17.1132 
1605 403.074 5.64049 -17.624 
1606 402.456 5.62244 -18.1311 
1607 401.88 5.60372 -18.6345 
1608 401.346 5.58434 -19.1339 
1609 400.854 5.56431 -19.6293 
1610 400.402 5.54365 -20.1205 
1611 399.99 5.52235 -20.6074 
1612 399.618 5.50044 -21.0899 
1613 399.285 5.47791 -21.5678 
1614 398.99 5.45478 -22.0411 
1615 398.732 5.43107 -22.5096 
1616 398.511 5.40677 -22.9731 
1617 398.327 5.3819 -23.4316 
1618 398.179 5.35648 -23.885 
1619 398.066 5.3305 -24.333 
1620 397.987 5.30399 -24.7755 
1621 397.942 5.27695 -25.2125 
1622 397.931 5.24939 -25.6437 
1623 397.952 5.22133 -26.0691 
1624 398.005 5.19277 -26.4884 
1625 398.089 5.16373 -26.9017 
1626 398.204 5.13422 -27.3087 
1627 398.349 5.10424 -27.7092 
1628 398.523 5.07382 -28.1033 
1629 398.726 5.04296 -28.4906 
1630 398.957 5.01168 -28.8711 
1631 399.215 4.97998 -29.2446 
1632 399.5 4.94789 -29.6109 
1633 399.811 4.9154 -29.97 
1634 400.147 4.88254 -30.3217 
1635 400.508 4.84932 -30.6658 
1636 400.892 4.81575 -31.0022 
1637 401.3 4.78183 -31.3307 
1638 401.731 4.7476 -31.6512 
1639 402.183 4.71305 -31.9635 
1640 402.656 4.67821 -32.2674 
1641 403.15 4.64308 -32.5629 
1642 403.664 4.60768 -32.8498 
1643 404.196 4.57202 -33.1278 
1644 404.747 4.53612 -33.3969 
1645 405.315 4.49999 -33.6569 
1646 405.9 4.46364 -33.9076 
1647 406.502 4.4271 -34.1488 
1648 407.118 4.39036 -34.3804 
1649 407.75 4.35346 -34.6023 
1650 408.395 4.3164 -34.8143 
1651 409.053 4.27919 -35.0161 
1652 409.724 4.24185 -35.2079 
1653 410.406 4.20439 -35.3897 
1654 411.1 4.16681 -35.5615 
1655 411.805 4.12913 -35.7234 
1656 412.52 4.09135 -35.8754 
1657 413.244 4.05348 -36.0176 
1658 413.977 4.01553 -36.1499 
1659 414.718 3.97752 -36.2726 
1660 415.467 3.93944 -36.3855 
1661 416.223 3.90132 -36.4887 
1662 416.985 3.86316 -36.5824 
1663 417.752 3.82496 -36.6665 
1664 418.525 3.78675 -36.7411 
1665 419.302 3.74853 -36.8063 
1666 420.083 3.71032 -36.8621 
1667 420.866 3.67211 -36.9085 
1668 421.653 3.63392 -36.9457 
1669 422.441 3.59577 -36.9736 
1670 423.23 3.55766 -36.9924 
1671 424.019 3.5196 -37.002 
1672 424.808 3.48161 -37.0026 
1673 425.597 3.44369 -36.9942 
1674 426.383 3.40585 -36.9769 
1675 427.168 3.36812 -36.9508 
1676 427.949 3.33049 -36.9158 
1677 428.727 3.29298 -36.8721 
1678 429.501 3.25561 -36.8197 
1679 430.269 3.21837 -36.7587 
1680 431.032 3.18129 -36.6891 
1681 431.788 3.14438 -36.6111 
1682 432.537 3.10764 -36.5247 
1683 433.279 3.07109 -36.4299 
1684 434.012 3.03474 -36.3269 
1685 434.735 2.99861 -36.2157 
1686 435.449 2.9627 -36.0964 
1687 436.152 2.92702 -35.969 
1688 436.844 2.8916 -35.8337 
1689 437.524 2.85644 -35.6904 
1690 438.19 2.82156 -35.5394 
1691 438.843 2.78696 -35.3806 
1692 439.482 2.75266 -35.2142 
1693 440.106 2.71868 -35.0402 
1694 440.714 2.68502 -34.8587 
1695 441.306 2.6517 -34.6697 
1696 441.88 2.61873 -34.4735 
1697 442.436 2.58613 -34.27 
1698 442.974 2.55391 -34.0593 
1699 443.492 2.52208 -33.8416 
1700 443.989 2.49066 -33.6169 
1701 444.466 2.45966 -33.3853 
1702 444.922 2.42908 -33.1469 
1703 445.356 2.39892 -32.9019 
1704 445.769 2.36918 -32.6505 
1705 446.16 2.33988 -32.3926 
1706 446.53 2.311 -32.1285 
1707 446.878 2.28256 -31.8583 
1708 447.204 2.25455 -31.5822 
1709 447.508 2.22697 -31.3002 
1710 447.79 2.19983 -31.0125 
1711 448.05 2.17313 -30.7194 
1712 448.287 2.14687 -30.4208 
1713 448.502 2.12106 -30.117 
1714 448.694 2.09568 -29.8081 
1715 448.863 2.07076 -29.4943 
1716 449.01 2.04628 -29.1756 
1717 449.134 2.02225 -28.8524 
1718 449.234 1.99867 -28.5246 
1719 449.311 1.97555 -28.1925 
1720 449.365 1.95288 -27.8562 
1721 449.396 1.93066 -27.516 
1722 449.402 1.90891 -27.1718 
1723 449.386 1.88762 -26.824 
1724 449.345 1.86679 -26.4726 
1725 449.28 1.84642 -26.1179 
1726 449.191 1.82652 -25.76 
1727 449.078 1.80709 -25.399 
1728 448.941 1.78812 -25.0352 
1729 448.779 1.76963 -24.6687 
1730 448.592 1.75161 -24.2997 
1731 448.381 1.73407 -23.9283 
1732 448.145 1.717 -23.5548 
1733 447.884 1.70041 -23.1793 
1734 447.597 1.6843 -22.802 
1735 447.286 1.66867 -22.4231 
1736 446.949 1.65353 -22.0428 
1737 446.586 1.63887 -21.6612 
1738 446.198 1.6247 -21.2785 
1739 445.784 1.61101 -20.895 
1740 445.345 1.59782 -20.5107 
1741 444.879 1.58512 -20.126 
1742 444.387 1.57292 -19.741 
1743 443.869 1.56121 -19.3559 
1744 443.324 1.54999 -18.9708 
1745 442.753 1.53928 -18.5861 
1746 442.155 1.52906 -18.2019 
1747 441.53 1.51935 -17.8184 
1748 440.878 1.51015 -17.4357 
1749 440.2 1.50145 -17.0542 
1750 439.494 1.49325 -16.674 
1751 438.76 1.48557 -16.2953 
1752 438 1.47838 -15.9183 
1753 437.213 1.4717 -15.5429 
1754 436.4 1.46551 -15.1694 
1755 435.561 1.45981 -14.7977 
1756 434.696 1.4546 -14.4281 
1757 433.807 1.44986 -14.0606 
1758 432.892 1.4456 -13.6952 
1759 431.953 1.4418 -13.3321 
1760 430.99 1.43847 -12.9714 
1761 430.004 1.43559 -12.6132 
1762 428.994 1.43316 -12.2576 
1763 427.962 1.43118 -11.9046 
1764 426.906 1.42964 -11.5545 
1765 425.829 1.42853 -11.2072 
1766 424.73 1.42785 -10.8629 
1767 423.61 1.42759 -10.5217 
1768 422.469 1.42774 -10.1837 
1769 421.308 1.42831 -9.84895 
1770 420.126 1.42928 -9.51764 
1771 418.924 1.43065 -9.18984 
1772 417.704 1.4324 -8.86565 
1773 416.464 1.43454 -8.54519 
1774 415.206 1.43706 -8.22857 
1775 413.93 1.43996 -7.91589 
1776 412.636 1.44321 -7.60726 
1777 411.325 1.44683 -7.3028 
1778 409.997 1.45079 -7.00262 
1779 408.653 1.4551 -6.70682 
1780 407.292 1.45975 -6.41553 
1781 405.916 1.46472 -6.12886 
1782 404.525 1.47003 -5.84693 
1783 403.119 1.47564 -5.56984 
1784 401.699 1.48157 -5.29773 
1785 400.265 1.4878 -5.0307 
1786 398.818 1.49432 -4.76887 
1787 397.357 1.50113 -4.51236 
1788 395.884 1.50822 -4.26131 
1789 394.399 1.51558 -4.01581 
1790 392.902 1.5232 -3.77601 
1791 391.394 1.53108 -3.54201 
1792 389.875 1.53921 -3.31395 
1793 388.346 1.54758 -3.09195 
1794 386.806 1.55619 -2.87613 
1795 385.258 1.56501 -2.66663 
1796 383.7 1.57406 -2.46357 
1797 382.134 1.58331 -2.26707 
1798 380.559 1.59276 -2.07727 
1799 378.977 1.6024 -1.8943 
1800 377.388 1.61223 -1.71828 
1801 375.792 1.62223 -1.54933 
1802 374.19 1.6324 -1.38744 
1803 372.582 1.64273 -1.23259 
1804 370.969 1.65321 -1.08475 
1805 369.35 1.66385 -0.943894 
1806 367.727 1.67463 -0.809997 
1807 366.1 1.68555 -0.683029 
1808 364.468 1.69661 -0.562962 
1809 362.834 1.70778 -0.449767 
1810 361.197 1.71908 -0.343414 
1811 359.557 1.73049 -0.243874 
1812 357.916 1.74201 -0.151115 
1813 356.272 1.75363 -0.0651074 
1814 354.628 1.76534 0.0141812 
1815 352.983 1.77714 0.0867827 
1816 351.338 1.78901 0.15273 
1817 349.693 1.80096 0.212056 
1818 348.048 1.81298 0.264795 
1819 346.405 1.82506 0.31098 
1820 344.763 1.83719 0.350648 
1821 343.124 1.84937 0.383832 
1822 341.487 1.86158 0.41057 
1823 339.852 1.87383 0.430897 
1824 338.222 1.8861 0.444851 
1825 336.595 1.89839 0.452469 
1826 334.972 1.91068 0.45379 
1827 333.354 1.92299 0.448851 
1828 331.742 1.93528 0.437693 
1829 330.135 1.94756 0.420356 
1830 328.535 1.95983 0.396879 
1831 326.941 1.97206 0.367304 
1832 325.354 1.98426 0.331672 
1833 323.775 1.99642 0.290026 
1834 322.204 2.00852 0.242409 
1835 320.642 2.02057 0.188862 
1836 319.089 2.03255 0.129432 
1837 317.546 2.04445 0.0641616 
1838 316.012 2.05628 -0.00690364 
1839 314.489 2.06801 -0.0837179 
1840 312.977 2.07964 -0.166235 
1841 311.477 2.09116 -0.254408 
1842 309.989 2.10257 -0.348189 
1843 308.513 2.11385 -0.44753 
1844 307.051 2.125 -0.552383 
1845 305.602 2.13601 -0.662698 
1846 304.167 2.14687 -0.778425 
1847 302.747 2.15756 -0.899514 
1848 301.342 2.1681 -1.02591 
1849 299.952 2.17845 -1.15757 
1850 298.578 2.18862 -1.29443 
1851 297.221 2.19859 -1.43645 
1852 295.881 2.20837 -1.58352 
1853 294.558 2.21795 -1.73556 
1854 293.251 2.22733 -1.89249 
1855 291.962 2.23651 -2.0542 
1856 290.69 2.24548 -2.22061 
1857 289.435 2.25424 -2.39161 
1858 288.197 2.26279 -2.56711 
1859 286.977 2.27114 -2.74702 
1860 285.774 2.27926 -2.93124 
1861 284.59 2.28718 -3.11967 
1862 283.422 2.29487 -3.3122 
1863 282.273 2.30234 -3.50874 
1864 281.142 2.30959 -3.70919 
1865 280.029 2.31662 -3.91344 
1866 278.934 2.32341 -4.12139 
1867 277.858 2.32998 -4.33294 
1868 276.8 2.33631 -4.54797 
1869 275.761 2.34242 -4.76639 
1870 274.74 2.34828 -4.98808 
1871 273.738 2.3539 -5.21293 
1872 272.755 2.35929 -5.44084 
1873 271.791 2.36443 -5.6717 
1874 270.846 2.36932 -5.90539 
1875 269.92 2.37397 -6.14179 
1876 269.014 2.37836 -6.38081 
1877 268.127 2.3825 -6.62231 
1878 267.26 2.38639 -6.86619 
1879 266.412 2.39002 -7.11232 
1880 265.584 2.39339 -7.36059 
1881 264.776 2.39649 -7.61088 
1882 263.988 2.39933 -7.86308 
1883 263.221 2.4019 -8.11704 
1884 262.473 2.4042 -8.37267 
1885 261.746 2.40623 -8.62982 
1886 261.039 2.40798 -8.88838 
1887 260.353 2.40946 -9.14822 
1888 259.687 2.41065 -9.40921 
1889 259.043 2.41156 -9.67123 
1890 258.419 2.41219 -9.93415 
1891 257.816 2.41253 -10.1978 
1892 257.235 2.41257 -10.4621 
1893 256.675 2.41233 -10.727 
1894 256.136 2.41178 -10.9922 
1895 255.618 2.41094 -11.2576 
1896 255.123 2.4098 -11.5231 
1897 254.649 2.40836 -11.7886 
1898 254.197 2.40661 -12.0539 
1899 253.767 2.40455 -12.3189 
1900 253.359 2.40217 -12.5834 
1901 252.973 2.39949 -12.8473 
1902 252.609 2.39649 -13.1106 
1903 252.266 2.39319 -13.373 
1904 251.945 2.38958 -13.6346 
1905 251.645 2.38568 -13.8953 
1906 251.365 2.38148 -14.1548 
1907 251.106 2.37699 -14.4132 
1908 250.866 2.37221 -14.6703 
1909 250.646 2.36715 -14.9261 
1910 250.445 2.36181 -15.1804 
1911 250.263 2.3562 -15.4332 
1912 250.1 2.35032 -15.6843 
1913 249.954 2.34417 -15.9337 
1914 249.827 2.33776 -16.1812 
1915 249.717 2.33109 -16.4267 
1916 249.624 2.32417 -16.6702 
1917 249.549 2.317 -16.9116 
1918 249.489 2.30958 -17.1506 
1919 249.446 2.30193 -17.3873 
1920 249.418 2.29404 -17.6215 
1921 249.406 2.28593 -17.8532 
1922 249.408 2.27758 -18.0821 
1923 249.426 2.26902 -18.3083 
1924 249.458 2.26024 -18.5315 
1925 249.503 2.25125 -18.7517 
1926 249.562 2.24205 -18.9688 
1927 249.635 2.23265 -19.1827 
1928 249.72 2.22306 -19.3932 
1929 249.818 2.21327 -19.6002 
1930 249.927 2.2033 -19.8037 
1931 250.049 2.19315 -20.0035 
1932 250.182 2.18282 -20.1994 
1933 250.325 2.17232 -20.3914 
1934 250.48 2.16165 -20.5794 
1935 250.644 2.15083 -20.7633 
1936 250.819 2.13984 -20.9428 
1937 251.002 2.12871 -21.118 
1938 251.195 2.11744 -21.2886 
1939 251.397 2.10602 -21.4546 
1940 251.606 2.09448 -21.6158 
1941 251.824 2.0828 -21.7722 
1942 252.049 2.07101 -21.9235 
1943 252.281 2.05909 -22.0697 
1944 252.52 2.04707 -22.2107 
1945 252.766 2.03494 -22.3462 
1946 253.017 2.02272 -22.4763 
1947 253.273 2.0104 -22.6007 
1948 253.535 1.99799 -22.7193 
1949 253.801 1.9855 -22.8321 
1950 254.072 1.97294 -22.9388 
1951 254.347 1.96031 -23.0394 
1952 254.625 1.9476 -23.1339 
1953 254.908 1.93483 -23.2224 
1954 255.193 1.92199 -23.305 
1955 255.483 1.90908 -23.3819 
1956 255.776 1.8961 -23.453 
1957 256.073 1.88306 -23.5186 
1958 256.373 1.86994 -23.5786 
1959 256.676 1.85675 -23.6332 
1960 256.983 1.8435 -23.6825 
1961 257.293 1.83017 -23.7266 
1962 257.606 1.81678 -23.7656 
1963 257.922 1.80331 -23.7996 
1964 258.241 1.78978 -23.8287 
1965 258.563 1.77617 -23.8529 
1966 258.888 1.7625 -23.8725 
1967 259.216 1.74876 -23.8874 
1968 259.547 1.73494 -23.8979 
1969 259.88 1.72106 -23.904 
1970 260.217 1.70711 -23.9058 
1971 260.555 1.69308 -23.9035 
1972 260.896 1.67899 -23.8971 
1973 261.24 1.66483 -23.8867 
1974 261.586 1.65059 -23.8725 
1975 261.934 1.63629 -23.8546 
1976 262.284 1.62192 -23.8331 
1977 262.637 1.60748 -23.8081 
1978 262.991 1.59296 -23.7797 
1979 263.348 1.57838 -23.7481 
1980 263.706 1.56373 -23.7133 
1981 264.067 1.549 -23.6756 
1982 264.429 1.53421 -23.6349 
1983 264.793 1.51934 -23.5914 
1984 265.158 1.50441 -23.5453 
1985 265.525 1.4894 -23.4967 
1986 265.894 1.47433 -23.4457 
1987 266.264 1.45918 -23.3923 
1988 266.635 1.44396 -23.3369 
1989 267.008 1.42868 -23.2794 
1990 267.381 1.41332 -23.22 
1991 267.756 1.39789 -23.1589 
1992 268.132 1.38239 -23.0961 
1993 268.509 1.36682 -23.0318 
1994 268.887 1.35119 -22.9662 
1995 269.266 1.33548 -22.8994 
1996 269.645 1.31969 -22.8314 
1997 270.025 1.30384 -22.7625 
1998 270.406 1.28792 -22.6928 
1999 270.787 1.27193 -22.6223 
2000 271.169 1.25587 -22.5514 
