2 12.0065 0.123014 0.000955832 
3 20.1218 0.289955 0.00177746 
4 29.9612 0.497474 0.00215915 
5 41.2585 0.743213 0.00186051 
6 53.7059 1.02486 0.000772984 
7 67.041 1.3404 -0.00112566 
8 81.06 1.68796 -0.00381344 
9 95.6094 2.06464 -0.00726831 
10 110.58 2.47245 -0.0113953 
11 125.882 2.90587 -0.0162086 
12 141.451 3.36589 -0.0216647 
13 157.23 3.84669 -0.0277677 
14 173.179 4.35315 -0.0344612 
15 189.254 4.88618 -0.0417154 
16 205.405 5.43044 -0.0496042 
17 221.61 5.98845 -0.0581313 
18 237.849 6.57045 -0.0672703 
19 254.096 7.18246 -0.0770039 
20 270.313 7.81904 -0.0873293 
21 286.455 8.46251 -0.0982565 
22 302.503 9.11175 -0.109786 
23 318.444 9.77185 -0.121911 
24 334.262 10.4461 -0.134609 
25 349.933 11.1334 -0.147841 
26 365.428 11.8286 -0.161544 
27 380.734 12.533 -0.175688 
28 395.839 13.2493 -0.190249 
29 410.727 13.9766 -0.205195 
30 425.375 14.7086 -0.220476 
31 439.76 15.4354 -0.236036 
32 453.877 16.1579 -0.251851 
33 467.726 16.8806 -0.267911 
34 481.306 17.6081 -0.284208 
35 494.614 18.3452 -0.30073 
36 507.647 19.0952 -0.317461 
37 520.397 19.8601 -0.334374 
38 532.855 20.639 -0.351427 
39 545.008 21.4274 -0.368555 
40 556.838 22.216 -0.385667 
41 568.328 22.9929 -0.402655 
42 579.477 23.7567 -0.419476 
43 590.288 24.5092 -0.436109 
44 600.763 25.2524 -0.452535 
45 610.905 25.9882 -0.468732 
46 620.714 26.7182 -0.484679 
47 630.191 27.4434 -0.500351 
48 639.336 28.164 -0.515715 
49 648.144 28.8791 -0.53073 
50 656.613 29.5861 -0.545345 
51 664.739 30.282 -0.559503 
52 672.524 30.9676 -0.573183 
53 679.973 31.6447 -0.586374 
54 687.092 32.3151 -0.599065 
55 693.884 32.9799 -0.61124 
56 700.352 33.6396 -0.622881 
57 706.498 34.2941 -0.633965 
58 712.325 34.9422 -0.644457 
59 717.832 35.5814 -0.654316 
60 723.018 36.2076 -0.663486 
61 727.882 36.8164 -0.671907 
62 732.43 37.4078 -0.679566 
63 736.668 37.983 -0.686461 
64 740.602 38.5431 -0.692591 
65 744.238 39.0891 -0.697953 
66 747.582 39.6215 -0.702543 
67 750.638 40.1405 -0.706354 
68 753.409 40.646 -0.709373 
69 755.9 41.137 -0.711583 
70 758.113 41.612 -0.712959 
71 760.05 42.0694 -0.713474 
72 761.717 42.5096 -0.713133 
73 763.122 42.9337 -0.711948 
74 764.272 43.3423 -0.709931 
75 765.173 43.7361 -0.707091 
76 765.831 44.1153 -0.703437 
77 766.251 44.4799 -0.698971 
78 766.439 44.8292 -0.693693 
79 766.398 45.1622 -0.687596 
80 766.133 45.4771 -0.680668 
81 765.646 45.7722 -0.672894 
82 764.945 46.0478 -0.664294 
83 764.037 46.3049 -0.654894 
84 762.93 46.5441 -0.64472 
85 761.63 46.7662 -0.6338 
86 760.144 46.9716 -0.622155 
87 758.478 47.1604 -0.609808 
88 756.637 47.3325 -0.596776 
89 754.626 47.4876 -0.583072 
90 752.45 47.6247 -0.568705 
91 750.114 47.7431 -0.553685 
92 747.624 47.8432 -0.53804 
93 744.986 47.9254 -0.521807 
94 742.207 47.9904 -0.505018 
95 739.294 48.0383 -0.487704 
96 736.251 48.0692 -0.469893 
97 733.083 48.0829 -0.451609 
98 729.797 48.079 -0.432873 
99 726.394 48.0567 -0.413699 
100 722.88 48.0147 -0.394096 
101 719.258 47.9521 -0.374075 
102 715.536 47.8694 -0.353682 
103 711.72 47.7679 -0.332974 
104 707.819 47.6487 -0.312007 
105 703.839 47.5129 -0.290839 
106 699.787 47.3615 -0.269526 
107 695.671 47.1956 -0.248125 
108 691.496 47.0162 -0.226692 
109 687.268 46.8241 -0.20528 
110 682.994 46.62 -0.183943 
111 678.679 46.4047 -0.16273 
112 674.328 46.1785 -0.141689 
113 669.945 45.9418 -0.120864 
114 665.535 45.6948 -0.100295 
115 661.102 45.4373 -0.0800191 
116 656.65 45.169 -0.0600663 
117 652.181 44.8895 -0.0404621 
118 647.698 44.5977 -0.0212257 
119 643.204 44.2926 -0.00236894 
120 638.699 43.9727 0.0161038 
121 634.187 43.6365 0.0341846 
122 629.671 43.2845 0.0518229 
123 625.159 42.9178 0.0689569 
124 620.655 42.5373 0.085525 
125 616.165 42.144 0.101466 
126 611.694 41.7388 0.11672 
127 607.248 41.3227 0.131229 
128 602.832 40.8965 0.144933 
129 598.448 40.461 0.157778 
130 594.103 40.0169 0.169709 
131 589.799 39.5651 0.180674 
132 585.542 39.106 0.190623 
133 581.333 38.6403 0.199512 
134 577.175 38.1684 0.207295 
135 573.073 37.6905 0.213935 
136 569.028 37.207 0.219395 
137 565.042 36.7178 0.223645 
138 561.117 36.2228 0.226657 
139 557.255 35.722 0.228412 
140 553.456 35.2148 0.228894 
141 549.721 34.7009 0.228086 
142 546.055 34.181 0.22594 
143 542.46 33.6561 0.222406 
144 538.941 33.127 0.21743 
145 535.5 32.5946 0.210963 
146 532.141 32.0596 0.202958 
147 528.867 31.523 0.193368 
148 525.68 30.9854 0.18215 
149 522.583 30.4476 0.169263 
150 519.578 29.91 0.154668 
151 516.668 29.3734 0.138329 
152 513.853 28.8382 0.120215 
153 511.135 28.3048 0.100295 
154 508.516 27.7734 0.0785467 
155 505.996 27.2444 0.0549469 
156 503.576 26.7179 0.0294792 
157 501.257 26.1938 0.00213133 
158 499.037 25.672 -0.0271043 
159 496.918 25.1522 -0.0582302 
160 494.898 24.6342 -0.091243 
161 492.977 24.1175 -0.126142 
162 491.157 23.6028 -0.162952 
163 489.439 23.0908 -0.201703 
164 487.826 22.5822 -0.242425 
165 486.318 22.0779 -0.285144 
166 484.916 21.5785 -0.329884 
167 483.623 21.0846 -0.376669 
168 482.439 20.5969 -0.425518 
169 481.365 20.116 -0.476448 
170 480.401 19.6423 -0.529475 
171 479.548 19.1764 -0.584609 
172 478.806 18.7188 -0.64186 
173 478.174 18.2697 -0.701234 
174 477.652 17.8296 -0.762732 
175 477.24 17.3985 -0.826353 
176 476.937 16.9768 -0.892093 
177 476.743 16.5645 -0.959942 
178 476.655 16.1616 -1.02989 
179 476.672 15.7681 -1.10191 
180 476.792 15.3837 -1.176 
181 477.015 15.0084 -1.25212 
182 477.339 14.6426 -1.33027 
183 477.766 14.2869 -1.41047 
184 478.295 13.9418 -1.4927 
185 478.926 13.6078 -1.57697 
186 479.658 13.2855 -1.66328 
187 480.492 12.9753 -1.75161 
188 481.428 12.6775 -1.84195 
189 482.463 12.3926 -1.9343 
190 483.598 12.121 -2.02865 
191 484.831 11.8628 -2.12497 
192 486.161 11.6183 -2.22325 
193 487.586 11.3877 -2.32346 
194 489.106 11.1711 -2.42559 
195 490.718 10.9687 -2.5296 
196 492.421 10.7803 -2.63546 
197 494.211 10.6061 -2.74315 
198 496.088 10.4457 -2.85261 
199 498.048 10.2991 -2.96382 
200 500.089 10.1659 -3.07673 
201 502.207 10.046 -3.19129 
202 504.404 9.93965 -3.30749 
203 506.676 9.84723 -3.42529 
204 509.025 9.76913 -3.54467 
205 511.449 9.70571 -3.6656 
206 513.946 9.65732 -3.78807 
207 516.517 9.62426 -3.91203 
208 519.159 9.60682 -4.03746 
209 521.872 9.60526 -4.16433 
210 524.654 9.6198 -4.29259 
211 527.504 9.65065 -4.42222 
212 530.419 9.69796 -4.55318 
213 533.399 9.76185 -4.68543 
214 536.44 9.84243 -4.81892 
215 539.542 9.93973 -4.95362 
216 542.703 10.0538 -5.08948 
217 545.919 10.1845 -5.22645 
218 549.188 10.3319 -5.36449 
219 552.509 10.4958 -5.50355 
220 555.877 10.676 -5.64357 
221 559.292 10.8723 -5.7845 
222 562.748 11.0844 -5.92628 
223 566.245 11.3121 -6.06886 
224 569.777 11.5548 -6.21218 
225 573.343 11.8122 -6.35617 
226 576.938 12.0838 -6.50078 
227 580.562 12.3697 -6.64595 
228 584.213 12.67 -6.79165 
229 587.89 12.9848 -6.93782 
230 591.591 13.3142 -7.08441 
231 595.314 13.6582 -7.23137 
232 599.06 14.017 -7.37866 
233 602.824 14.3905 -7.52623 
234 606.607 14.7788 -7.67403 
235 610.407 15.1818 -7.822 
236 614.221 15.5995 -7.97009 
237 618.048 16.0319 -8.11826 
238 621.885 16.4787 -8.26644 
239 625.732 16.9401 -8.4146 
240 629.585 17.4157 -8.56267 
241 633.443 17.9054 -8.7106 
242 637.304 18.4091 -8.85833 
243 641.165 18.9265 -9.00582 
244 645.024 19.4573 -9.15301 
245 648.878 20.0013 -9.29984 
246 652.726 20.5581 -9.44626 
247 656.563 21.1273 -9.59222 
248 660.389 21.7086 -9.73766 
249 664.2 22.3016 -9.88252 
250 667.993 22.9057 -10.0268 
251 671.767 23.5205 -10.1703 
252 675.518 24.1459 -10.3131 
253 679.246 24.7818 -10.4551 
254 682.951 25.428 -10.5963 
255 686.629 26.0843 -10.7366 
256 690.281 26.7508 -10.8759 
257 693.905 27.4271 -11.0142 
258 697.499 28.1131 -11.1515 
259 701.063 28.8087 -11.2876 
260 704.594 29.5136 -11.4226 
261 708.091 30.2276 -11.5564 
262 711.553 30.9504 -11.6889 
263 714.979 31.6819 -11.8202 
264 718.366 32.4216 -11.95 
265 721.713 33.1694 -12.0785 
266 725.019 33.925 -12.2055 
267 728.282 34.6879 -12.331 
268 731.5 35.4579 -12.455 
269 734.672 36.2346 -12.5773 
270 737.796 37.0176 -12.6981 
271 740.871 37.8064 -12.8172 
272 743.894 38.6008 -12.9346 
273 746.863 39.4001 -13.0502 
274 749.778 40.204 -13.164 
275 752.636 41.012 -13.276 
276 755.436 41.8235 -13.3862 
277 758.176 42.6383 -13.4944 
278 760.856 43.4562 -13.6007 
279 763.475 44.2768 -13.705 
280 766.033 45.1 -13.8074 
281 768.528 45.9254 -13.9076 
282 770.959 46.7527 -14.0058 
283 773.327 47.5817 -14.1019 
284 775.63 48.4121 -14.1958 
285 777.868 49.2436 -14.2876 
286 780.04 50.0758 -14.3772 
287 782.145 50.9084 -14.4645 
288 784.182 51.7412 -14.5496 
289 786.151 52.5737 -14.6324 
290 788.05 53.4057 -14.713 
291 789.88 54.2367 -14.7912 
292 791.64 55.0664 -14.8672 
293 793.328 55.8945 -14.9407 
294 794.945 56.7206 -15.012 
295 796.489 57.5443 -15.0809 
296 797.959 58.3651 -15.1475 
297 799.356 59.1828 -15.2117 
298 800.678 59.9968 -15.2735 
299 801.925 60.8067 -15.3331 
300 803.096 61.6122 -15.3902 
301 804.19 62.4128 -15.4451 
302 805.208 63.2082 -15.4975 
303 806.148 63.9982 -15.5476 
304 807.013 64.7824 -15.5953 
305 807.8 65.5606 -15.6405 
306 808.512 66.3326 -15.6833 
307 809.147 67.098 -15.7236 
308 809.705 67.8566 -15.7614 
309 810.188 68.6082 -15.7967 
310 810.594 69.3523 -15.8295 
311 810.925 70.0889 -15.8597 
312 811.18 70.8176 -15.8873 
313 811.36 71.5382 -15.9123 
314 811.465 72.2503 -15.9348 
315 811.495 72.9538 -15.9547 
316 811.451 73.6484 -15.9719 
317 811.333 74.3338 -15.9865 
318 811.141 75.0098 -15.9986 
319 810.876 75.6761 -16.008 
320 810.538 76.3325 -16.0147 
321 810.127 76.9787 -16.0189 
322 809.645 77.6146 -16.0204 
323 809.091 78.2397 -16.0193 
324 808.466 78.8541 -16.0156 
325 807.771 79.4573 -16.0093 
326 807.007 80.0491 -16.0004 
327 806.173 80.6294 -15.9889 
328 805.27 81.198 -15.9748 
329 804.3 81.7545 -15.9583 
330 803.263 82.2989 -15.9391 
331 802.159 82.8309 -15.9175 
332 800.99 83.3503 -15.8934 
333 799.756 83.8568 -15.8669 
334 798.457 84.3505 -15.8379 
335 797.096 84.8309 -15.8066 
336 795.672 85.2981 -15.7729 
337 794.187 85.7517 -15.7369 
338 792.641 86.1917 -15.6986 
339 791.036 86.6179 -15.6581 
340 789.373 87.0301 -15.6155 
341 787.651 87.4283 -15.5706 
342 785.874 87.8122 -15.5238 
343 784.041 88.1817 -15.4749 
344 782.154 88.5368 -15.424 
345 780.213 88.8774 -15.3713 
346 778.221 89.2032 -15.3167 
347 776.179 89.5143 -15.2604 
348 774.086 89.8105 -15.2024 
349 771.946 90.0919 -15.1427 
350 769.759 90.3582 -15.0816 
351 767.526 90.6095 -15.019 
352 765.249 90.8457 -14.955 
353 762.927 91.0665 -14.8896 
354 760.563 91.272 -14.8228 
355 758.157 91.4618 -14.7547 
356 755.709 91.636 -14.6852 
357 753.221 91.7945 -14.6144 
358 750.693 91.937 -14.5424 
359 748.127 92.0636 -14.4691 
360 745.523 92.1741 -14.3945 
361 742.883 92.2684 -14.3188 
362 740.207 92.3466 -14.2419 
363 737.497 92.4085 -14.1638 
364 734.753 92.454 -14.0846 
365 731.977 92.4832 -14.0044 
366 729.169 92.4959 -13.9231 
367 726.332 92.4923 -13.8408 
368 723.465 92.4721 -13.7575 
369 720.57 92.4355 -13.6732 
370 717.648 92.3824 -13.588 
371 714.701 92.3129 -13.502 
372 711.73 92.227 -13.4151 
373 708.736 92.1246 -13.3274 
374 705.72 92.0059 -13.2389 
375 702.683 91.8709 -13.1497 
376 699.627 91.7196 -13.0599 
377 696.554 91.5522 -12.9694 
378 693.464 91.3687 -12.8783 
379 690.359 91.1693 -12.7866 
380 687.24 90.954 -12.6945 
381 684.11 90.7229 -12.6019 
382 680.968 90.4763 -12.5088 
383 677.817 90.2143 -12.4155 
384 674.659 89.937 -12.3218 
385 671.495 89.6446 -12.2278 
386 668.325 89.3373 -12.1336 
387 665.153 89.0154 -12.0393 
388 661.98 88.679 -11.9448 
389 658.806 88.3284 -11.8503 
390 655.635 87.9638 -11.7558 
391 652.467 87.5855 -11.6614 
392 649.304 87.1939 -11.5671 
393 646.149 86.7891 -11.473 
394 643.002 86.3716 -11.3791 
395 639.866 85.9417 -11.2855 
396 636.742 85.4996 -11.1923 
397 633.633 85.0459 -11.0995 
398 630.539 84.5808 -11.0072 
399 627.464 84.1048 -10.9155 
400 624.409 83.6183 -10.8244 
401 621.375 83.1217 -10.734 
402 618.364 82.6152 -10.6443 
403 615.376 82.0988 -10.5554 
404 612.412 81.5727 -10.4673 
405 609.472 81.037 -10.38 
406 606.557 80.4919 -10.2936 
407 603.668 79.9373 -10.208 
408 600.805 79.3735 -10.1234 
409 597.969 78.8007 -10.0398 
410 595.161 78.2189 -9.95714 
411 592.38 77.6282 -9.8755 
412 589.629 77.029 -9.79491 
413 586.907 76.4213 -9.71541 
414 584.214 75.8052 -9.63701 
415 581.553 75.181 -9.55975 
416 578.923 74.5488 -9.48366 
417 576.324 73.9089 -9.40876 
418 573.758 73.2614 -9.33508 
419 571.225 72.6065 -9.26266 
420 568.726 71.9444 -9.19151 
421 566.262 71.2753 -9.12166 
422 563.832 70.5995 -9.05313 
423 561.438 69.9171 -8.98596 
424 559.08 69.2285 -8.92016 
425 556.759 68.5338 -8.85575 
426 554.475 67.8332 -8.79277 
427 552.229 67.1271 -8.73123 
428 550.022 66.4158 -8.67115 
429 547.855 65.6993 -8.61256 
430 545.727 64.9781 -8.55546 
431 543.64 64.2525 -8.49989 
432 541.594 63.5226 -8.44585 
433 539.589 62.7888 -8.39337 
434 537.627 62.0515 -8.34246 
435 535.708 61.3109 -8.29313 
436 533.832 60.5673 -8.24541 
437 532.001 59.8211 -8.19929 
438 530.214 59.0726 -8.1548 
439 528.473 58.3222 -8.11195 
440 526.778 57.5701 -8.07074 
441 525.129 56.8169 -8.03118 
442 523.527 56.0627 -7.99328 
443 521.974 55.3081 -7.95705 
444 520.468 54.5534 -7.9225 
445 519.012 53.7991 -7.88961 
446 517.605 53.0454 -7.85841 
447 516.248 52.2928 -7.82889 
448 514.942 51.5418 -7.80105 
449 513.687 50.7928 -7.77488 
450 512.484 50.0462 -7.7504 
451 511.334 49.3024 -7.72759 
452 510.236 48.5617 -7.70646 
453 509.19 47.8243 -7.68702 
454 508.196 47.0903 -7.66928 
455 507.254 46.3599 -7.65325 
456 506.364 45.6334 -7.63893 
457 505.526 44.9108 -7.62633 
458 504.739 44.1925 -7.61545 
459 504.003 43.4786 -7.60629 
460 503.318 42.7692 -7.59886 
461 502.684 42.0647 -7.59316 
462 502.101 41.3651 -7.58918 
463 501.567 40.6706 -7.58693 
464 501.084 39.9815 -7.58641 
465 500.65 39.2979 -7.5876 
466 500.266 38.62 -7.5905 
467 499.93 37.948 -7.59511 
468 499.643 37.2821 -7.60142 
469 499.404 36.6224 -7.60942 
470 499.213 35.9692 -7.6191 
471 499.07 35.3226 -7.63045 
472 498.973 34.6828 -7.64345 
473 498.924 34.05 -7.65809 
474 498.92 33.4244 -7.67436 
475 498.962 32.8061 -7.69223 
476 499.05 32.1954 -7.71168 
477 499.182 31.5923 -7.7327 
478 499.358 30.9971 -7.75527 
479 499.578 30.4099 -7.77935 
480 499.842 29.831 -7.80493 
481 500.148 29.2604 -7.83197 
482 500.496 28.6984 -7.86045 
483 500.885 28.145 -7.89033 
484 501.315 27.6006 -7.92159 
485 501.786 27.0652 -7.95419 
486 502.295 26.5389 -7.98809 
487 502.844 26.022 -8.02326 
488 503.431 25.5147 -8.05965 
489 504.056 25.0169 -8.09722 
490 504.717 24.529 -8.13594 
491 505.415 24.051 -8.17574 
492 506.147 23.5832 -8.21659 
493 506.914 23.1255 -8.25844 
494 507.715 22.6783 -8.30123 
495 508.549 22.2416 -8.34491 
496 509.415 21.8155 -8.38942 
497 510.313 21.4002 -8.43471 
498 511.24 20.9958 -8.48071 
499 512.197 20.6024 -8.52736 
500 513.183 20.2202 -8.5746 
501 514.197 19.8493 -8.62236 
502 515.237 19.4898 -8.67062 
503 516.304 19.1416 -8.71937 
504 517.397 18.8051 -8.7686 
505 518.516 18.4801 -8.81828 
506 519.659 18.1668 -8.86839 
507 520.825 17.8652 -8.91893 
508 522.016 17.5755 -8.96987 
509 523.228 17.2976 -9.02119 
510 524.463 17.0316 -9.07288 
511 525.719 16.7776 -9.1249 
512 526.995 16.5355 -9.17725 
513 528.291 16.3055 -9.2299 
514 529.606 16.0876 -9.28282 
515 530.939 15.8817 -9.33599 
516 532.289 15.688 -9.38939 
517 533.656 15.5064 -9.44299 
518 535.039 15.3368 -9.49677 
519 536.437 15.1794 -9.5507 
520 537.849 15.0342 -9.60474 
521 539.274 14.901 -9.65889 
522 540.712 14.7799 -9.71309 
523 542.161 14.6709 -9.76733 
524 543.62 14.5739 -9.82156 
525 545.089 14.4889 -9.87577 
526 546.567 14.4158 -9.92991 
527 548.053 14.3546 -9.98396 
528 549.546 14.3053 -10.0379 
529 551.044 14.2677 -10.0916 
530 552.547 14.2418 -10.1452 
531 554.054 14.2275 -10.1985 
532 555.564 14.2247 -10.2515 
533 557.075 14.2333 -10.3042 
534 558.587 14.2532 -10.3565 
535 560.099 14.2843 -10.4084 
536 561.609 14.3265 -10.4599 
537 563.117 14.3797 -10.5109 
538 564.621 14.4436 -10.5613 
539 566.119 14.5181 -10.6112 
540 567.612 14.6032 -10.6604 
541 569.098 14.6986 -10.709 
542 570.575 14.8041 -10.7569 
543 572.043 14.9196 -10.8039 
544 573.5 15.0448 -10.8501 
545 574.945 15.1797 -10.8955 
546 576.376 15.3238 -10.9399 
547 577.793 15.4771 -10.9833 
548 579.194 15.6393 -11.0257 
549 580.578 15.8101 -11.067 
550 581.943 15.9893 -11.1071 
551 583.288 16.1766 -11.146 
552 584.614 16.372 -11.1836 
553 585.918 16.5755 -11.22 
554 587.202 16.7868 -11.2552 
555 588.464 17.0061 -11.2891 
556 589.704 17.2331 -11.3217 
557 590.922 17.4679 -11.353 
558 592.117 17.7103 -11.383 
559 593.289 17.9603 -11.4117 
560 594.437 18.2177 -11.439 
561 595.562 18.4825 -11.4651 
562 596.662 18.7545 -11.4898 
563 597.737 19.0337 -11.5131 
564 598.787 19.3199 -11.5351 
565 599.812 19.613 -11.5557 
566 600.81 19.9129 -11.5749 
567 601.782 20.2195 -11.5927 
568 602.727 20.5326 -11.6092 
569 603.644 20.8521 -11.6242 
570 604.534 21.1778 -11.6378 
571 605.395 21.5096 -11.65 
572 606.227 21.8473 -11.6608 
573 607.03 22.1908 -11.6701 
574 607.803 22.5398 -11.6779 
575 608.546 22.8943 -11.6844 
576 609.258 23.254 -11.6893 
577 609.939 23.6187 -11.6928 
578 610.588 23.9883 -11.6948 
579 611.206 24.3625 -11.6954 
580 611.79 24.7412 -11.6944 
581 612.342 25.124 -11.692 
582 612.859 25.5109 -11.6881 
583 613.343 25.9015 -11.6827 
584 613.792 26.2956 -11.6758 
585 614.206 26.693 -11.6673 
586 614.584 27.0934 -11.6574 
587 614.926 27.4966 -11.6459 
588 615.231 27.9023 -11.633 
589 615.5 28.3102 -11.6185 
590 615.73 28.7201 -11.6025 
591 615.922 29.1316 -11.5849 
592 616.075 29.5445 -11.5659 
593 616.189 29.9585 -11.5453 
594 616.263 30.3731 -11.5232 
595 616.297 30.7883 -11.4995 
596 616.29 31.2035 -11.4744 
597 616.241 31.6185 -11.4477 
598 616.15 32.0329 -11.4194 
599 616.016 32.4464 -11.3897 
600 615.84 32.8585 -11.3584 
601 615.619 33.2691 -11.3256 
602 615.355 33.6779 -11.2913 
603 615.047 34.0848 -11.2555 
604 614.697 34.4898 -11.2181 
605 614.303 34.8928 -11.1794 
606 613.866 35.2935 -11.1391 
607 613.387 35.692 -11.0974 
608 612.865 36.0882 -11.0542 
609 612.301 36.4819 -11.0097 
610 611.695 36.873 -10.9637 
611 611.047 37.2614 -10.9163 
612 610.357 37.6471 -10.8675 
613 609.626 38.0298 -10.8174 
614 608.854 38.4095 -10.7659 
615 608.041 38.7861 -10.7132 
616 607.187 39.1595 -10.6591 
617 606.293 39.5295 -10.6037 
618 605.359 39.8961 -10.5471 
619 604.385 40.259 -10.4892 
620 603.372 40.6182 -10.4301 
621 602.319 40.9736 -10.3699 
622 601.228 41.3251 -10.3084 
623 600.098 41.6724 -10.2458 
624 598.929 42.0156 -10.1821 
625 597.722 42.3544 -10.1173 
626 596.478 42.6888 -10.0515 
627 595.196 43.0185 -9.98457 
628 593.877 43.3436 -9.91667 
629 592.522 43.6637 -9.8478 
630 591.13 43.9789 -9.77799 
631 589.702 44.2889 -9.70727 
632 588.238 44.5937 -9.63567 
633 586.739 44.8931 -9.56323 
634 585.206 45.1869 -9.48998 
635 583.637 45.475 -9.41595 
636 582.035 45.7572 -9.34119 
637 580.398 46.0335 -9.26574 
638 578.729 46.3036 -9.18962 
639 577.026 46.5675 -9.11289 
640 575.291 46.8249 -9.03558 
641 573.524 47.0757 -8.95773 
642 571.725 47.3197 -8.87939 
643 569.894 47.5569 -8.8006 
644 568.033 47.787 -8.72141 
645 566.142 48.0099 -8.64186 
646 564.221 48.2253 -8.56199 
647 562.27 48.4333 -8.48187 
648 560.29 48.6335 -8.40153 
649 558.282 48.8259 -8.32103 
650 556.246 49.0101 -8.24041 
651 554.182 49.1862 -8.15973 
652 552.091 49.3541 -8.07902 
653 549.974 49.5137 -7.99829 
654 547.831 49.665 -7.91756 
655 545.663 49.808 -7.83687 
656 543.469 49.9427 -7.75624 
657 541.252 50.0691 -7.67568 
658 539.01 50.1871 -7.59523 
659 536.746 50.2969 -7.51491 
660 534.458 50.3982 -7.43474 
661 532.149 50.4912 -7.35475 
662 529.819 50.5759 -7.27497 
663 527.467 50.6522 -7.19542 
664 525.095 50.7202 -7.11612 
665 522.704 50.7798 -7.03712 
666 520.294 50.8311 -6.95842 
667 517.865 50.8741 -6.88007 
668 515.419 50.9087 -6.80209 
669 512.955 50.9351 -6.72451 
670 510.475 50.9531 -6.64736 
671 507.98 50.963 -6.57067 
672 505.469 50.9645 -6.49447 
673 502.944 50.9579 -6.41879 
674 500.405 50.9431 -6.34366 
675 497.853 50.9201 -6.26911 
676 495.289 50.889 -6.19518 
677 492.713 50.8498 -6.1219 
678 490.127 50.8025 -6.0493 
679 487.53 50.7473 -5.97742 
680 484.924 50.6841 -5.90628 
681 482.309 50.6129 -5.83593 
682 479.686 50.5339 -5.76639 
683 477.056 50.4471 -5.69771 
684 474.42 50.3525 -5.62992 
685 471.778 50.2502 -5.56306 
686 469.131 50.1402 -5.49716 
687 466.48 50.0227 -5.43226 
688 463.826 49.8977 -5.3684 
689 461.17 49.7652 -5.30562 
690 458.511 49.6253 -5.24395 
691 455.853 49.4782 -5.18345 
692 453.194 49.3238 -5.12414 
693 450.536 49.1623 -5.06606 
694 447.88 48.9938 -5.00926 
695 445.227 48.8183 -4.95379 
696 442.577 48.636 -4.89967 
697 439.932 48.4468 -4.84696 
698 437.292 48.2511 -4.7957 
699 434.658 48.0488 -4.74593 
700 432.031 47.84 -4.6977 
701 429.413 47.6249 -4.65105 
702 426.802 47.4035 -4.60598 
703 424.201 47.1759 -4.56252 
704 421.608 46.9421 -4.52067 
705 419.026 46.7023 -4.48044 
706 416.453 46.4566 -4.44184 
707 413.89 46.2049 -4.40488 
708 411.338 45.9474 -4.36958 
709 408.797 45.6841 -4.33593 
710 406.268 45.4152 -4.30394 
711 403.75 45.1407 -4.27363 
712 401.245 44.8608 -4.24501 
713 398.753 44.5754 -4.21807 
714 396.273 44.2848 -4.19283 
715 393.807 43.989 -4.16929 
716 391.355 43.6882 -4.14747 
717 388.917 43.3824 -4.12736 
718 386.494 43.0717 -4.10897 
719 384.087 42.7562 -4.09232 
720 381.694 42.4362 -4.0774 
721 379.318 42.1116 -4.06422 
722 376.958 41.7827 -4.05279 
723 374.615 41.4495 -4.0431 
724 372.289 41.1121 -4.03517 
725 369.981 40.7708 -4.02899 
726 367.691 40.4256 -4.02458 
727 365.419 40.0767 -4.02193 
728 363.167 39.7242 -4.02105 
729 360.934 39.3683 -4.02194 
730 358.721 39.0091 -4.02459 
731 356.529 38.6467 -4.02903 
732 354.357 38.2814 -4.03523 
733 352.206 37.9133 -4.04322 
734 350.078 37.5425 -4.05298 
735 347.971 37.1693 -4.06451 
736 345.887 36.7937 -4.07783 
737 343.827 36.416 -4.09292 
738 341.789 36.0364 -4.10978 
739 339.776 35.6549 -4.12842 
740 337.788 35.2719 -4.14883 
741 335.825 34.8875 -4.171 
742 333.887 34.5019 -4.19495 
743 331.975 34.1153 -4.22066 
744 330.09 33.7279 -4.24813 
745 328.232 33.3398 -4.27736 
746 326.401 32.9514 -4.30834 
747 324.598 32.5628 -4.34106 
748 322.824 32.1743 -4.37553 
749 321.079 31.786 -4.41173 
750 319.363 31.3982 -4.44967 
751 317.678 31.0111 -4.48932 
752 316.022 30.6249 -4.53069 
753 314.396 30.2394 -4.57376 
754 312.8 29.855 -4.61852 
755 311.234 29.4716 -4.66494 
756 309.698 29.0893 -4.71303 
757 308.191 28.7082 -4.76277 
758 306.714 28.3283 -4.81413 
759 305.267 27.9499 -4.86711 
760 303.849 27.5729 -4.92169 
761 302.46 27.1974 -4.97785 
762 301.101 26.8235 -5.03557 
763 299.772 26.4513 -5.09484 
764 298.471 26.0809 -5.15564 
765 297.2 25.7124 -5.21794 
766 295.957 25.3459 -5.28173 
767 294.744 24.9815 -5.34699 
768 293.559 24.6192 -5.41369 
769 292.403 24.2591 -5.48181 
770 291.275 23.9014 -5.55134 
771 290.177 23.5461 -5.62224 
772 289.106 23.1933 -5.69449 
773 288.064 22.8432 -5.76806 
774 287.05 22.4959 -5.84294 
775 286.065 22.1513 -5.91909 
776 285.107 21.8097 -5.99648 
777 284.177 21.4711 -6.0751 
778 283.274 21.1356 -6.1549 
779 282.4 20.8034 -6.23586 
780 281.552 20.4746 -6.31795 
781 280.732 20.1492 -6.40114 
782 279.94 19.8273 -6.4854 
783 279.174 19.5091 -6.57069 
784 278.435 19.1947 -6.65697 
785 277.723 18.8842 -6.74423 
786 277.037 18.5777 -6.83241 
787 276.378 18.2753 -6.92149 
788 275.745 17.9771 -7.01142 
789 275.138 17.6833 -7.10217 
790 274.557 17.3939 -7.1937 
791 274.002 17.1091 -7.28597 
792 273.473 16.829 -7.37894 
793 272.969 16.5537 -7.47258 
794 272.49 16.2834 -7.56682 
795 272.036 16.0181 -7.66164 
796 271.607 15.7581 -7.757 
797 271.203 15.5033 -7.85283 
798 270.823 15.254 -7.94911 
799 270.467 15.0102 -8.04577 
800 270.135 14.7722 -8.14278 
801 269.828 14.5399 -8.24009 
802 269.544 14.3135 -8.33768 
803 269.283 14.093 -8.43552 
804 269.045 13.8783 -8.53359 
805 268.829 13.6695 -8.63188 
806 268.636 13.4666 -8.73035 
807 268.464 13.2696 -8.82899 
808 268.314 13.0785 -8.92778 
809 268.185 12.8933 -9.02669 
810 268.077 12.714 -9.1257 
811 267.989 12.5407 -9.22478 
812 267.921 12.3733 -9.3239 
813 267.873 12.2118 -9.42306 
814 267.844 12.0563 -9.52221 
815 267.834 11.9067 -9.62134 
816 267.843 11.763 -9.72041 
817 267.869 11.6252 -9.81941 
818 267.913 11.4934 -9.9183 
819 267.975 11.3675 -10.0171 
820 268.053 11.2475 -10.1156 
821 268.148 11.1334 -10.214 
822 268.258 11.0252 -10.3122 
823 268.384 10.9229 -10.4102 
824 268.526 10.8264 -10.5078 
825 268.682 10.7358 -10.6052 
826 268.852 10.6511 -10.7022 
827 269.036 10.5722 -10.7988 
828 269.233 10.4991 -10.8951 
829 269.443 10.4318 -10.9909 
830 269.666 10.3702 -11.0862 
831 269.9 10.3144 -11.1811 
832 270.146 10.2644 -11.2754 
833 270.403 10.22 -11.3691 
834 270.671 10.1813 -11.4623 
835 270.948 10.1483 -11.5548 
836 271.235 10.1208 -11.6466 
837 271.531 10.099 -11.7377 
838 271.836 10.0827 -11.8281 
839 272.148 10.0719 -11.9177 
840 272.468 10.0666 -12.0065 
841 272.795 10.0667 -12.0944 
842 273.128 10.0723 -12.1814 
843 273.467 10.0832 -12.2675 
844 273.812 10.0994 -12.3526 
845 274.161 10.1209 -12.4367 
846 274.514 10.1477 -12.5197 
847 274.872 10.1796 -12.6016 
848 275.232 10.2166 -12.6824 
849 275.595 10.2587 -12.762 
850 275.96 10.3059 -12.8404 
851 276.326 10.358 -12.9175 
852 276.693 10.415 -12.9934 
853 277.062 10.4769 -13.0679 
854 277.431 10.5436 -13.1412 
855 277.8 10.6151 -13.2131 
856 278.169 10.6913 -13.2837 
857 278.539 10.7721 -13.353 
858 278.907 10.8576 -13.421 
859 279.275 10.9475 -13.4876 
860 279.642 11.042 -13.5529 
861 280.008 11.1408 -13.6168 
862 280.372 11.244 -13.6793 
863 280.734 11.3514 -13.7405 
864 281.094 11.4631 -13.8003 
865 281.452 11.5789 -13.8587 
866 281.807 11.6987 -13.9157 
867 282.159 11.8225 -13.9713 
868 282.507 11.9502 -14.0254 
869 282.852 12.0818 -14.0782 
870 283.193 12.217 -14.1295 
871 283.529 12.356 -14.1794 
872 283.861 12.4985 -14.2278 
873 284.189 12.6444 -14.2748 
874 284.511 12.7938 -14.3203 
875 284.827 12.9465 -14.3644 
876 285.138 13.1023 -14.407 
877 285.442 13.2613 -14.4481 
878 285.74 13.4233 -14.4877 
879 286.031 13.5882 -14.5258 
880 286.315 13.7559 -14.5625 
881 286.592 13.9263 -14.5976 
882 286.86 14.0993 -14.6312 
883 287.121 14.2747 -14.6633 
884 287.373 14.4526 -14.6938 
885 287.616 14.6326 -14.7229 
886 287.85 14.8149 -14.7504 
887 288.074 14.9991 -14.7763 
888 288.289 15.1852 -14.8008 
889 288.493 15.3731 -14.8236 
890 288.686 15.5627 -14.8449 
891 288.869 15.7537 -14.8647 
892 289.04 15.9462 -14.8829 
893 289.2 16.1399 -14.8995 
894 289.347 16.3347 -14.9145 
895 289.482 16.5305 -14.928 
896 289.604 16.7271 -14.9399 
897 289.713 16.9244 -14.9501 
898 289.808 17.1223 -14.9588 
899 289.89 17.3205 -14.9659 
900 289.957 17.519 -14.9714 
901 290.009 17.7176 -14.9753 
902 290.047 17.9163 -14.9776 
903 290.069 18.1149 -14.9784 
904 290.077 18.3134 -14.9775 
905 290.071 18.5118 -14.9751 
906 290.05 18.71 -14.9711 
907 290.014 18.908 -14.9656 
908 289.963 19.1056 -14.9585 
909 289.898 19.3029 -14.9499 
910 289.819 19.4997 -14.9398 
911 289.725 19.6961 -14.9282 
912 289.616 19.8918 -14.9152 
913 289.493 20.087 -14.9006 
914 289.355 20.2815 -14.8845 
915 289.204 20.4752 -14.8671 
916 289.037 20.6681 -14.8481 
917 288.857 20.8601 -14.8278 
918 288.662 21.0511 -14.806 
919 288.453 21.2411 -14.7829 
920 288.229 21.4301 -14.7583 
921 287.991 21.6178 -14.7325 
922 287.74 21.8043 -14.7052 
923 287.474 21.9895 -14.6767 
924 287.194 22.1733 -14.6468 
925 286.9 22.3556 -14.6156 
926 286.592 22.5363 -14.5831 
927 286.27 22.7155 -14.5494 
928 285.934 22.8929 -14.5145 
929 285.584 23.0686 -14.4783 
930 285.22 23.2423 -14.441 
931 284.843 23.4142 -14.4024 
932 284.452 23.584 -14.3627 
933 284.047 23.7517 -14.3219 
934 283.628 23.9171 -14.2799 
935 283.196 24.0803 -14.2369 
936 282.751 24.2411 -14.1928 
937 282.292 24.3995 -14.1476 
938 281.819 24.5553 -14.1014 
939 281.333 24.7084 -14.0542 
940 280.834 24.8588 -14.0061 
941 280.321 25.0064 -13.957 
942 279.795 25.151 -13.907 
943 279.256 25.2926 -13.8561 
944 278.704 25.4311 -13.8043 
945 278.138 25.5663 -13.7517 
946 277.56 25.6983 -13.6982 
947 276.969 25.8268 -13.644 
948 276.365 25.9518 -13.589 
949 275.748 26.0732 -13.5333 
950 275.118 26.1908 -13.477 
951 274.475 26.3046 -13.4199 
952 273.821 26.4146 -13.3622 
953 273.153 26.5207 -13.3039 
954 272.474 26.623 -13.2449 
955 271.783 26.7214 -13.1854 
956 271.08 26.8159 -13.1252 
957 270.366 26.9065 -13.0645 
958 269.641 26.9933 -13.0033 
959 268.905 27.0761 -12.9415 
960 268.159 27.1551 -12.8791 
961 267.402 27.2301 -12.8163 
962 266.635 27.3013 -12.753 
963 265.858 27.3685 -12.6892 
964 265.071 27.4318 -12.6249 
965 264.275 27.4912 -12.5603 
966 263.47 27.5466 -12.4952 
967 262.655 27.5982 -12.4297 
968 261.833 27.6458 -12.3638 
969 261.001 27.6894 -12.2976 
970 260.162 27.7292 -12.2311 
971 259.315 27.765 -12.1642 
972 258.46 27.7968 -12.0971 
973 257.598 27.8248 -12.0296 
974 256.729 27.8488 -11.9619 
975 255.853 27.8689 -11.894 
976 254.971 27.885 -11.8259 
977 254.082 27.8973 -11.7576 
978 253.188 27.9056 -11.6891 
979 252.288 27.91 -11.6205 
980 251.382 27.9104 -11.5517 
981 250.472 27.907 -11.4829 
982 249.557 27.8997 -11.414 
983 248.637 27.8884 -11.345 
984 247.713 27.8733 -11.2761 
985 246.785 27.8543 -11.2071 
986 245.853 27.8314 -11.1382 
987 244.919 27.8047 -11.0693 
988 243.981 27.7741 -11.0005 
989 243.04 27.7396 -10.9318 
990 242.098 27.7013 -10.8633 
991 241.153 27.6592 -10.7949 
992 240.206 27.6132 -10.7267 
993 239.258 27.5634 -10.6587 
994 238.309 27.5099 -10.591 
995 237.359 27.4525 -10.5235 
996 236.409 27.3914 -10.4564 
997 235.459 27.3265 -10.3896 
998 234.509 27.2579 -10.3231 
999 233.559 27.1856 -10.2571 
1000 232.61 27.1095 -10.1915 
1001 231.663 27.0297 -10.1263 
1002 230.717 26.9463 -10.0616 
1003 229.772 26.8593 -9.99739 
1004 228.83 26.7687 -9.93364 
1005 227.889 26.6746 -9.87038 
1006 226.95 26.5769 -9.8076 
1007 226.014 26.4758 -9.74532 
1008 225.08 26.3712 -9.68354 
1009 224.149 26.2633 -9.62226 
1010 223.221 26.1521 -9.5615 
1011 222.296 26.0375 -9.50126 
1012 221.374 25.9198 -9.44154 
1013 220.456 25.7988 -9.38235 
1014 219.541 25.6747 -9.32369 
1015 218.631 25.5475 -9.26558 
1016 217.724 25.4172 -9.20802 
1017 216.822 25.284 -9.15101 
1018 215.924 25.1478 -9.09457 
1019 215.031 25.0087 -9.03868 
1020 214.142 24.8668 -8.98337 
1021 213.259 24.7221 -8.92864 
1022 212.381 24.5747 -8.87449 
1023 211.509 24.4246 -8.82093 
1024 210.642 24.2719 -8.76796 
1025 209.781 24.1167 -8.71559 
1026 208.927 23.959 -8.66384 
1027 208.078 23.7989 -8.61269 
1028 207.237 23.6365 -8.56216 
1029 206.402 23.4717 -8.51226 
1030 205.574 23.3047 -8.46298 
1031 204.753 23.1356 -8.41435 
1032 203.94 22.9644 -8.36635 
1033 203.134 22.7912 -8.319 
1034 202.337 22.616 -8.2723 
1035 201.547 22.439 -8.22627 
1036 200.766 22.2601 -8.18089 
1037 199.993 22.0796 -8.13619 
1038 199.229 21.8974 -8.09217 
1039 198.475 21.7136 -8.04882 
1040 197.729 21.5283 -8.00616 
1041 196.993 21.3416 -7.9642 
1042 196.266 21.1536 -7.92293 
1043 195.55 20.9644 -7.88237 
1044 194.844 20.774 -7.84252 
1045 194.148 20.5825 -7.80339 
1046 193.463 20.39 -7.76497 
1047 192.789 20.1966 -7.72729 
1048 192.126 20.0024 -7.69033 
1049 191.474 19.8075 -7.65411 
1050 190.834 19.612 -7.61864 
1051 190.206 19.4159 -7.58391 
1052 189.59 19.2193 -7.54993 
1053 188.985 19.0223 -7.51669 
1054 188.393 18.8249 -7.48417 
1055 187.812 18.6271 -7.45238 
1056 187.243 18.429 -7.42131 
1057 186.686 18.2306 -7.39095 
1058 186.141 18.032 -7.36129 
1059 185.607 17.8332 -7.33233 
1060 185.085 17.6343 -7.30406 
1061 184.575 17.4352 -7.27647 
1062 184.077 17.2362 -7.24956 
1063 183.59 17.0371 -7.22331 
1064 183.114 16.8382 -7.19772 
1065 182.651 16.6393 -7.17278 
1066 182.199 16.4406 -7.14848 
1067 181.758 16.2421 -7.12481 
1068 181.329 16.0439 -7.10176 
1069 180.911 15.8459 -7.07933 
1070 180.505 15.6484 -7.0575 
1071 180.11 15.4513 -7.03627 
1072 179.727 15.2547 -7.01562 
1073 179.355 15.0586 -6.99555 
1074 178.995 14.8631 -6.97603 
1075 178.645 14.6682 -6.95708 
1076 178.307 14.4741 -6.93866 
1077 177.98 14.2807 -6.92078 
1078 177.665 14.0881 -6.90341 
1079 177.36 13.8965 -6.88655 
1080 177.067 13.7058 -6.87019 
1081 176.785 13.5161 -6.85432 
1082 176.514 13.3274 -6.83892 
1083 176.253 13.1399 -6.82397 
1084 176.004 12.9536 -6.80948 
1085 175.766 12.7686 -6.79541 
1086 175.539 12.5848 -6.78177 
1087 175.322 12.4025 -6.76854 
1088 175.117 12.2216 -6.75569 
1089 174.922 12.0423 -6.74323 
1090 174.738 11.8646 -6.73113 
1091 174.564 11.6885 -6.71939 
1092 174.402 11.5141 -6.70798 
1093 174.249 11.3416 -6.69689 
1094 174.108 11.1709 -6.6861 
1095 173.977 11.0021 -6.67561 
1096 173.856 10.8354 -6.66539 
1097 173.746 10.6708 -6.65542 
1098 173.646 10.5083 -6.6457 
1099 173.557 10.3481 -6.63621 
1100 173.478 10.1902 -6.62692 
1101 173.409 10.0347 -6.61782 
1102 173.35 9.88161 -6.60891 
1103 173.301 9.73091 -6.60017 
1104 173.262 9.58264 -6.5916 
1105 173.232 9.43681 -6.58319 
1106 173.212 9.29342 -6.57493 
1107 173.201 9.15249 -6.56681 
1108 173.199 9.01402 -6.55882 
1109 173.206 8.87803 -6.55096 
1110 173.221 8.74452 -6.54321 
1111 173.245 8.6135 -6.53556 
1112 173.277 8.48498 -6.52802 
1113 173.318 8.35897 -6.52056 
1114 173.366 8.23548 -6.51318 
1115 173.422 8.11452 -6.50586 
1116 173.486 7.99609 -6.49861 
1117 173.557 7.8802 -6.4914 
1118 173.636 7.76687 -6.48423 
1119 173.721 7.65609 -6.47709 
1120 173.813 7.54788 -6.46996 
1121 173.912 7.44224 -6.46284 
1122 174.017 7.33919 -6.45571 
1123 174.128 7.23872 -6.44857 
1124 174.245 7.14084 -6.4414 
1125 174.368 7.04557 -6.43419 
1126 174.497 6.9529 -6.42694 
1127 174.631 6.86285 -6.41962 
1128 174.77 6.77541 -6.41223 
1129 174.914 6.6906 -6.40475 
1130 175.063 6.60842 -6.39717 
1131 175.217 6.52888 -6.38949 
1132 175.374 6.45198 -6.38168 
1133 175.536 6.37773 -6.37374 
1134 175.702 6.30612 -6.36565 
1135 175.871 6.23718 -6.3574 
1136 176.044 6.17089 -6.34897 
1137 176.22 6.10727 -6.34036 
1138 176.399 6.04631 -6.33154 
1139 176.581 5.98803 -6.32251 
1140 176.766 5.93242 -6.31325 
1141 176.953 5.87949 -6.30375 
1142 177.141 5.82925 -6.29399 
1143 177.332 5.78169 -6.28396 
1144 177.524 5.73681 -6.27364 
1145 177.718 5.69463 -6.26302 
1146 177.913 5.65513 -6.25208 
1147 178.109 5.61833 -6.24082 
1148 178.305 5.58423 -6.2292 
1149 178.502 5.55282 -6.21723 
1150 178.699 5.52411 -6.20487 
1151 178.895 5.4981 -6.19212 
1152 179.092 5.47476 -6.17898 
1153 179.288 5.45408 -6.16544 
1154 179.484 5.43603 -6.15151 
1155 179.679 5.42058 -6.13719 
1156 179.874 5.40772 -6.12247 
1157 180.067 5.39741 -6.10735 
1158 180.259 5.38963 -6.09184 
1159 180.45 5.38436 -6.07594 
1160 180.64 5.38156 -6.05964 
1161 180.828 5.38122 -6.04295 
1162 181.014 5.38329 -6.02587 
1163 181.199 5.38776 -6.00839 
1164 181.381 5.39459 -5.99052 
1165 181.561 5.40376 -5.97226 
1166 181.739 5.41523 -5.95361 
1167 181.914 5.42896 -5.93456 
1168 182.087 5.44494 -5.91512 
1169 182.257 5.46313 -5.89529 
1170 182.424 5.48349 -5.87507 
1171 182.587 5.50599 -5.85446 
1172 182.748 5.53059 -5.83346 
1173 182.904 5.55727 -5.81207 
1174 183.058 5.58598 -5.7903 
1175 183.207 5.61668 -5.76813 
1176 183.352 5.64935 -5.74558 
1177 183.493 5.68394 -5.72265 
1178 183.63 5.72042 -5.69932 
1179 183.763 5.75874 -5.67562 
1180 183.89 5.79887 -5.65153 
1181 184.013 5.84076 -5.62705 
1182 184.131 5.88438 -5.6022 
1183 184.243 5.92968 -5.57696 
1184 184.351 5.97661 -5.55134 
1185 184.452 6.02514 -5.52535 
1186 184.548 6.07523 -5.49897 
1187 184.638 6.12682 -5.47222 
1188 184.722 6.17987 -5.44509 
1189 184.799 6.23434 -5.41759 
1190 184.871 6.29018 -5.38971 
1191 184.935 6.34733 -5.36146 
1192 184.993 6.40576 -5.33284 
1193 185.043 6.46541 -5.30385 
1194 185.086 6.52624 -5.2745 
1195 185.122 6.58818 -5.24477 
1196 185.151 6.6512 -5.21468 
1197 185.171 6.71523 -5.18423 
1198 185.184 6.78023 -5.15341 
1199 185.188 6.84614 -5.12223 
1200 185.184 6.91291 -5.09069 
1201 185.171 6.98048 -5.05879 
1202 185.15 7.04883 -5.02655 
1203 185.12 7.11792 -4.99396 
1204 185.082 7.18772 -4.96104 
1205 185.035 7.2582 -4.92779 
1206 184.98 7.32933 -4.89422 
1207 184.916 7.40109 -4.86034 
1208 184.843 7.47343 -4.82617 
1209 184.762 7.54632 -4.7917 
1210 184.673 7.61974 -4.75695 
1211 184.574 7.69365 -4.72193 
1212 184.467 7.76801 -4.68664 
1213 184.352 7.8428 -4.65109 
1214 184.228 7.91797 -4.6153 
1215 184.096 7.99349 -4.57927 
1216 183.955 8.06933 -4.54302 
1217 183.805 8.14545 -4.50654 
1218 183.647 8.22181 -4.46986 
1219 183.481 8.29838 -4.43299 
1220 183.306 8.37512 -4.39592 
1221 183.122 8.45199 -4.35868 
1222 182.93 8.52895 -4.32127 
1223 182.729 8.60596 -4.28371 
1224 182.52 8.68299 -4.246 
1225 182.302 8.75999 -4.20816 
1226 182.076 8.83693 -4.1702 
1227 181.842 8.91375 -4.13212 
1228 181.598 8.99043 -4.09394 
1229 181.347 9.06692 -4.05568 
1230 181.087 9.14317 -4.01733 
1231 180.818 9.21914 -3.97892 
1232 180.541 9.29479 -3.94046 
1233 180.256 9.37008 -3.90195 
1234 179.962 9.44496 -3.86342 
1235 179.66 9.51938 -3.82487 
1236 179.349 9.5933 -3.78631 
1237 179.03 9.66668 -3.74776 
1238 178.702 9.73946 -3.70924 
1239 178.366 9.8116 -3.67074 
1240 178.022 9.88305 -3.63229 
1241 177.669 9.95376 -3.59391 
1242 177.308 10.0237 -3.55559 
1243 176.939 10.0928 -3.51737 
1244 176.561 10.161 -3.47924 
1245 176.175 10.2282 -3.44123 
1246 175.78 10.2945 -3.40335 
1247 175.377 10.3597 -3.36561 
1248 174.966 10.4239 -3.32803 
1249 174.547 10.4869 -3.29063 
1250 174.119 10.5487 -3.2534 
1251 173.683 10.6092 -3.21638 
1252 173.239 10.6685 -3.17957 
1253 172.786 10.7265 -3.14298 
1254 172.326 10.7832 -3.10661 
1255 171.858 10.8387 -3.07047 
1256 171.383 10.8928 -3.03458 
1257 170.9 10.9457 -2.99893 
1258 170.409 10.9972 -2.96354 
1259 169.911 11.0474 -2.92842 
1260 169.407 11.0963 -2.89357 
1261 168.895 11.1438 -2.85901 
1262 168.376 11.19 -2.82473 
1263 167.85 11.2348 -2.79076 
1264 167.318 11.2783 -2.75709 
1265 166.779 11.3204 -2.72374 
1266 166.234 11.3611 -2.69072 
1267 165.683 11.4005 -2.65803 
1268 165.126 11.4384 -2.62569 
1269 164.562 11.4749 -2.59369 
1270 163.993 11.51 -2.56206 
1271 163.418 11.5437 -2.5308 
1272 162.838 11.576 -2.49993 
1273 162.253 11.6068 -2.46944 
1274 161.662 11.6362 -2.43935 
1275 161.066 11.6641 -2.40967 
1276 160.465 11.6906 -2.3804 
1277 159.859 11.7155 -2.35157 
1278 159.249 11.739 -2.32317 
1279 158.634 11.7611 -2.29522 
1280 158.015 11.7816 -2.26773 
1281 157.391 11.8006 -2.24071 
1282 156.764 11.8181 -2.21416 
1283 156.132 11.8341 -2.18811 
1284 155.497 11.8485 -2.16255 
1285 154.859 11.8614 -2.1375 
1286 154.216 11.8728 -2.11297 
1287 153.571 11.8826 -2.08896 
1288 152.922 11.8908 -2.0655 
1289 152.271 11.8975 -2.04259 
1290 151.617 11.9026 -2.02025 
1291 150.96 11.9061 -1.99847 
1292 150.3 11.908 -1.97728 
1293 149.638 11.9083 -1.95668 
1294 148.974 11.907 -1.93669 
1295 148.308 11.904 -1.91732 
1296 147.641 11.8995 -1.89858 
1297 146.971 11.8933 -1.88047 
1298 146.3 11.8854 -1.86302 
1299 145.628 11.8759 -1.84623 
1300 144.954 11.8647 -1.83012 
1301 144.28 11.8519 -1.81469 
1302 143.605 11.8374 -1.79995 
1303 142.929 11.8213 -1.78589 
1304 142.252 11.8036 -1.77252 
1305 141.575 11.7842 -1.75983 
1306 140.897 11.7632 -1.74783 
1307 140.219 11.7407 -1.73651 
1308 139.541 11.7165 -1.72588 
1309 138.863 11.6909 -1.71592 
1310 138.185 11.6636 -1.70665 
1311 137.507 11.6349 -1.69805 
1312 136.83 11.6046 -1.69014 
1313 136.153 11.5729 -1.6829 
1314 135.477 11.5397 -1.67634 
1315 134.801 11.505 -1.67046 
1316 134.127 11.4689 -1.66525 
1317 133.453 11.4313 -1.66071 
1318 132.781 11.3924 -1.65685 
1319 132.109 11.352 -1.65365 
1320 131.44 11.3103 -1.65112 
1321 130.771 11.2673 -1.64926 
1322 130.105 11.2229 -1.64807 
1323 129.44 11.1772 -1.64754 
1324 128.777 11.1302 -1.64767 
1325 128.116 11.082 -1.64846 
1326 127.457 11.0325 -1.6499 
1327 126.801 10.9817 -1.65201 
1328 126.147 10.9298 -1.65476 
1329 125.496 10.8766 -1.65817 
1330 124.847 10.8223 -1.66223 
1331 124.202 10.7669 -1.66694 
1332 123.559 10.7103 -1.67229 
1333 122.92 10.6527 -1.67828 
1334 122.284 10.5939 -1.68492 
1335 121.651 10.5341 -1.69219 
1336 121.022 10.4733 -1.70009 
1337 120.397 10.4115 -1.70863 
1338 119.776 10.3487 -1.71779 
1339 119.159 10.2849 -1.72759 
1340 118.546 10.2202 -1.738 
1341 117.937 10.1546 -1.74904 
1342 117.333 10.0881 -1.76069 
1343 116.733 10.0208 -1.77296 
1344 116.139 9.95265 -1.78584 
1345 115.549 9.88369 -1.79932 
1346 114.964 9.81395 -1.81341 
1347 114.385 9.74348 -1.8281 
1348 113.811 9.67228 -1.84339 
1349 113.242 9.6004 -1.85927 
1350 112.679 9.52786 -1.87574 
1351 112.122 9.45468 -1.8928 
1352 111.571 9.38089 -1.91043 
1353 111.026 9.30651 -1.92864 
1354 110.487 9.23157 -1.94741 
1355 109.954 9.15607 -1.96673 
1356 109.426 9.08005 -1.98661 
1357 108.905 9.00353 -2.00702 
1358 108.39 8.92652 -2.02797 
1359 107.881 8.84906 -2.04944 
1360 107.378 8.77116 -2.07143 
1361 106.88 8.69284 -2.09393 
1362 106.39 8.61414 -2.11692 
1363 105.905 8.53507 -2.14041 
1364 105.426 8.45566 -2.16438 
1365 104.953 8.37592 -2.18882 
1366 104.487 8.2959 -2.21373 
1367 104.027 8.21561 -2.23909 
1368 103.573 8.13507 -2.2649 
1369 103.126 8.05431 -2.29114 
1370 102.684 7.97336 -2.31781 
1371 102.249 7.89225 -2.3449 
1372 101.82 7.81099 -2.3724 
1373 101.398 7.72962 -2.40029 
1374 100.982 7.64816 -2.42858 
1375 100.572 7.56665 -2.45723 
1376 100.169 7.4851 -2.48626 
1377 99.7723 7.40354 -2.51564 
1378 99.3819 7.32201 -2.54537 
1379 98.998 7.24053 -2.57544 
1380 98.6206 7.15913 -2.60583 
1381 98.2497 7.07784 -2.63653 
1382 97.8853 6.99669 -2.66753 
1383 97.5275 6.91571 -2.69882 
1384 97.1763 6.83493 -2.7304 
1385 96.8316 6.75437 -2.76224 
1386 96.4936 6.67408 -2.79433 
1387 96.1622 6.59407 -2.82667 
1388 95.8374 6.51439 -2.85925 
1389 95.5194 6.43506 -2.89204 
1390 95.208 6.35611 -2.92504 
1391 94.9034 6.27758 -2.95823 
1392 94.6055 6.19951 -2.99161 
1393 94.3143 6.12191 -3.02515 
1394 94.03 6.04483 -3.05885 
1395 93.7524 5.9683 -3.09269 
1396 93.4817 5.89235 -3.12667 
1397 93.2178 5.81702 -3.16076 
1398 92.9608 5.74235 -3.19495 
1399 92.7107 5.66836 -3.22923 
1400 92.4675 5.59509 -3.26358 
1401 92.2311 5.52258 -3.298 
1402 92.0017 5.45083 -3.33247 
1403 91.779 5.37986 -3.36699 
1404 91.5631 5.30966 -3.40154 
1405 91.3537 5.24026 -3.43613 
1406 91.151 5.17165 -3.47074 
1407 90.9547 5.10385 -3.50536 
1408 90.7648 5.03686 -3.53999 
1409 90.5813 4.97069 -3.57462 
1410 90.4039 4.90534 -3.60924 
1411 90.2328 4.84083 -3.64385 
1412 90.0678 4.77717 -3.67842 
1413 89.9087 4.71435 -3.71297 
1414 89.7557 4.65239 -3.74747 
1415 89.6084 4.59131 -3.78192 
1416 89.467 4.53109 -3.81631 
1417 89.3312 4.47176 -3.85063 
1418 89.201 4.41332 -3.88488 
1419 89.0764 4.35578 -3.91903 
1420 88.9572 4.29914 -3.9531 
1421 88.8433 4.24342 -3.98706 
1422 88.7348 4.18863 -4.0209 
1423 88.6314 4.13476 -4.05462 
1424 88.5331 4.08184 -4.08822 
1425 88.4398 4.02986 -4.12166 
1426 88.3515 3.97884 -4.15496 
1427 88.268 3.92878 -4.1881 
1428 88.1893 3.8797 -4.22107 
1429 88.1152 3.83159 -4.25385 
1430 88.0457 3.78448 -4.28645 
1431 87.9807 3.73836 -4.31884 
1432 87.9201 3.69325 -4.35103 
1433 87.8638 3.64915 -4.38299 
1434 87.8118 3.60607 -4.41473 
1435 87.7638 3.56403 -4.44622 
1436 87.7199 3.52303 -4.47746 
1437 87.6799 3.48307 -4.50844 
1438 87.6437 3.44417 -4.53914 
1439 87.6113 3.40634 -4.56956 
1440 87.5825 3.36958 -4.59968 
1441 87.5573 3.3339 -4.6295 
1442 87.5356 3.29932 -4.659 
1443 87.5172 3.26583 -4.68817 
1444 87.5021 3.23346 -4.71701 
1445 87.4902 3.2022 -4.74549 
1446 87.4813 3.17206 -4.77361 
1447 87.4754 3.14307 -4.80135 
1448 87.4724 3.11521 -4.82871 
1449 87.4721 3.08851 -4.85567 
1450 87.4745 3.06297 -4.88222 
1451 87.4795 3.0386 -4.90835 
1452 87.487 3.01539 -4.93405 
1453 87.4968 2.99333 -4.95933 
1454 87.509 2.97242 -4.98419 
1455 87.5234 2.95265 -5.00861 
1456 87.5399 2.93401 -5.03261 
1457 87.5585 2.9165 -5.05617 
1458 87.5791 2.90009 -5.07931 
1459 87.6015 2.88479 -5.10201 
1460 87.6258 2.87059 -5.12427 
1461 87.6517 2.85747 -5.1461 
1462 87.6792 2.84543 -5.16748 
1463 87.7083 2.83446 -5.18843 
1464 87.7388 2.82455 -5.20894 
1465 87.7706 2.81568 -5.229 
1466 87.8037 2.80785 -5.24862 
1467 87.8379 2.80106 -5.2678 
1468 87.8732 2.79527 -5.28653 
1469 87.9095 2.7905 -5.30481 
1470 87.9466 2.78673 -5.32264 
1471 87.9846 2.78394 -5.34002 
1472 88.0232 2.78212 -5.35695 
1473 88.0624 2.78127 -5.37342 
1474 88.1021 2.78137 -5.38944 
1475 88.1422 2.78242 -5.40501 
1476 88.1826 2.78439 -5.42012 
1477 88.2232 2.78728 -5.43477 
1478 88.2639 2.79108 -5.44896 
1479 88.3047 2.79577 -5.46269 
1480 88.3453 2.80134 -5.47595 
1481 88.3858 2.80778 -5.48876 
1482 88.4259 2.81507 -5.5011 
1483 88.4657 2.82321 -5.51297 
1484 88.505 2.83218 -5.52438 
1485 88.5437 2.84196 -5.53532 
1486 88.5817 2.85255 -5.5458 
1487 88.6189 2.86393 -5.5558 
1488 88.6552 2.87608 -5.56533 
1489 88.6905 2.88899 -5.57439 
1490 88.7247 2.90265 -5.58297 
1491 88.7576 2.91704 -5.59108 
1492 88.7893 2.93215 -5.59872 
1493 88.8195 2.94796 -5.60588 
1494 88.8482 2.96446 -5.61256 
1495 88.8753 2.98163 -5.61877 
1496 88.9006 2.99946 -5.62449 
1497 88.9241 3.01793 -5.62974 
1498 88.9456 3.03702 -5.6345 
1499 88.965 3.05673 -5.63878 
1500 88.9822 3.07703 -5.64258 
1501 88.9972 3.0979 -5.6459 
1502 89.0098 3.11934 -5.64873 
1503 89.0201 3.14133 -5.65109 
1504 89.0281 3.16385 -5.65298 
1505 89.0337 3.18689 -5.6544 
1506 89.0368 3.21044 -5.65536 
1507 89.0375 3.23448 -5.65586 
1508 89.0358 3.259 -5.6559 
1509 89.0316 3.28398 -5.6555 
1510 89.0249 3.30941 -5.65465 
1511 89.0157 3.33527 -5.65336 
1512 89.0039 3.36155 -5.65163 
1513 88.9896 3.38823 -5.64947 
1514 88.9726 3.41529 -5.64688 
1515 88.9531 3.44272 -5.64387 
1516 88.9309 3.4705 -5.64045 
1517 88.9061 3.49862 -5.63661 
1518 88.8785 3.52706 -5.63237 
1519 88.8482 3.5558 -5.62772 
1520 88.8153 3.58483 -5.62268 
1521 88.7795 3.61413 -5.61725 
1522 88.741 3.64368 -5.61143 
1523 88.6996 3.67346 -5.60523 
1524 88.6554 3.70345 -5.59866 
1525 88.6084 3.73365 -5.59172 
1526 88.5584 3.76403 -5.58442 
1527 88.5056 3.79456 -5.57676 
1528 88.4498 3.82524 -5.56875 
1529 88.3911 3.85605 -5.56039 
1530 88.3294 3.88696 -5.55169 
1531 88.2647 3.91795 -5.54266 
1532 88.1969 3.94902 -5.53331 
1533 88.1261 3.98013 -5.52363 
1534 88.0522 4.01126 -5.51364 
1535 87.9752 4.04241 -5.50334 
1536 87.8951 4.07354 -5.49274 
1537 87.8118 4.10464 -5.48184 
1538 87.7253 4.13569 -5.47066 
1539 87.6356 4.16666 -5.45919 
1540 87.5426 4.19754 -5.44745 
1541 87.4464 4.2283 -5.43544 
1542 87.3469 4.25893 -5.42317 
1543 87.2441 4.28939 -5.41065 
1544 87.1379 4.31968 -5.39788 
1545 87.0284 4.34976 -5.38487 
1546 86.9155 4.37961 -5.37163 
1547 86.7991 4.40922 -5.35817 
1548 86.6793 4.43855 -5.34448 
1549 86.5561 4.4676 -5.33059 
1550 86.4293 4.49632 -5.3165 
1551 86.299 4.52471 -5.30221 
1552 86.1652 4.55275 -5.28774 
1553 86.028 4.58044 -5.27308 
1554 85.8873 4.60778 -5.25823 
1555 85.7433 4.63474 -5.24321 
1556 85.596 4.66134 -5.22802 
1557 85.4454 4.68756 -5.21265 
1558 85.2916 4.7134 -5.19712 
1559 85.1345 4.73885 -5.18144 
1560 84.9743 4.76391 -5.16559 
1561 84.8111 4.78856 -5.1496 
1562 84.6447 4.81281 -5.13346 
1563 84.4753 4.83664 -5.11717 
1564 84.303 4.86005 -5.10075 
1565 84.1277 4.88303 -5.0842 
1566 83.9495 4.90558 -5.06752 
1567 83.7685 4.92769 -5.05071 
1568 83.5847 4.94935 -5.03379 
1569 83.3982 4.97056 -5.01675 
1570 83.2089 4.9913 -4.99961 
1571 83.017 5.01158 -4.98236 
1572 82.8224 5.03139 -4.96501 
1573 82.6253 5.05071 -4.94757 
1574 82.4257 5.06955 -4.93005 
1575 82.2236 5.08789 -4.91244 
1576 82.0191 5.10573 -4.89475 
1577 81.8122 5.12306 -4.87699 
1578 81.603 5.13988 -4.85916 
1579 81.3915 5.15617 -4.84127 
1580 81.1778 5.17193 -4.82333 
1581 80.9619 5.18716 -4.80533 
1582 80.7438 5.20184 -4.78729 
1583 80.5237 5.21597 -4.76921 
1584 80.3016 5.22953 -4.7511 
1585 80.0774 5.24253 -4.73296 
1586 79.8513 5.25496 -4.7148 
1587 79.6234 5.26681 -4.69662 
1588 79.3936 5.27806 -4.67843 
1589 79.162 5.28872 -4.66024 
1590 78.9286 5.29877 -4.64205 
1591 78.6937 5.30822 -4.62387 
1592 78.457 5.31704 -4.60571 
1593 78.2188 5.32523 -4.58756 
1594 77.9791 5.33279 -4.56944 
1595 77.7379 5.3397 -4.55136 
1596 77.4953 5.34596 -4.53332 
1597 77.2513 5.35157 -4.51532 
1598 77.006 5.3565 -4.49737 
1599 76.7595 5.36076 -4.47949 
1600 76.5117 5.36434 -4.46167 
1601 76.2628 5.36722 -4.44392 
1602 76.0128 5.36942 -4.42625 
1603 75.7618 5.37093 -4.40865 
1604 75.5098 5.37176 -4.39112 
1605 75.2568 5.3719 -4.37367 
1606 75.003 5.37138 -4.3563 
1607 74.7484 5.37018 -4.33901 
1608 74.493 5.36831 -4.32179 
1609 74.2369 5.36578 -4.30466 
1610 73.9802 5.36258 -4.2876 
1611 73.723 5.35873 -4.27062 
1612 73.4651 5.35423 -4.25373 
1613 73.2069 5.34907 -4.23692 
1614 72.9482 5.34327 -4.22019 
1615 72.6892 5.33682 -4.20354 
1616 72.4299 5.32974 -4.18698 
1617 72.1704 5.32203 -4.1705 
1618 71.9107 5.31368 -4.15411 
1619 71.6509 5.30471 -4.1378 
1620 71.3911 5.29512 -4.12159 
1621 71.1313 5.28491 -4.10546 
1622 70.8715 5.27409 -4.08942 
1623 70.612 5.26266 -4.07347 
1624 70.3526 5.25063 -4.05761 
1625 70.0935 5.238 -4.04184 
1626 69.8347 5.22478 -4.02617 
1627 69.5763 5.21097 -4.01059 
1628 69.3184 5.19657 -3.9951 
1629 69.061 5.1816 -3.9797 
1630 68.8041 5.16605 -3.9644 
1631 68.548 5.14993 -3.9492 
1632 68.2925 5.13325 -3.9341 
1633 68.0378 5.11601 -3.91909 
1634 67.784 5.09822 -3.90418 
1635 67.531 5.07989 -3.88937 
1636 67.2791 5.06101 -3.87466 
1637 67.0282 5.04159 -3.86005 
1638 66.7784 5.02164 -3.84554 
1639 66.5297 5.00117 -3.83113 
1640 66.2823 4.98018 -3.81683 
1641 66.0362 4.95868 -3.80264 
1642 65.7915 4.93667 -3.78854 
1643 65.5483 4.91416 -3.77456 
1644 65.3065 4.89115 -3.76068 
1645 65.0663 4.86766 -3.7469 
1646 64.8278 4.84368 -3.73324 
1647 64.591 4.81923 -3.71968 
1648 64.3559 4.79431 -3.70623 
1649 64.1228 4.76892 -3.6929 
1650 63.8915 4.74308 -3.67967 
1651 63.6623 4.71679 -3.66656 
1652 63.435 4.69005 -3.65356 
1653 63.2098 4.66289 -3.64067 
1654 62.9867 4.63531 -3.62788 
1655 62.7656 4.60731 -3.61519 
1656 62.5466 4.57891 -3.60261 
1657 62.3296 4.55012 -3.59013 
1658 62.1148 4.52095 -3.57774 
1659 61.9022 4.49141 -3.56545 
1660 61.6917 4.4615 -3.55325 
1661 61.4833 4.43125 -3.54114 
1662 61.2772 4.40065 -3.52912 
1663 61.0732 4.36972 -3.51719 
1664 60.8715 4.33848 -3.50534 
1665 60.672 4.30692 -3.49356 
1666 60.4748 4.27507 -3.48187 
1667 60.2798 4.24293 -3.47026 
1668 60.0871 4.21051 -3.45871 
1669 59.8968 4.17783 -3.44724 
1670 59.7087 4.1449 -3.43584 
1671 59.523 4.11172 -3.4245 
1672 59.3397 4.07832 -3.41323 
1673 59.1588 4.0447 -3.40201 
1674 58.9802 4.01087 -3.39085 
1675 58.8041 3.97685 -3.37975 
1676 58.6304 3.94264 -3.3687 
1677 58.4592 3.90826 -3.3577 
1678 58.2904 3.87373 -3.34675 
1679 58.1242 3.83905 -3.33584 
1680 57.9604 3.80424 -3.32497 
1681 57.7992 3.76931 -3.31414 
1682 57.6405 3.73427 -3.30335 
1683 57.4844 3.69914 -3.29259 
1684 57.3308 3.66392 -3.28185 
1685 57.1799 3.62864 -3.27115 
1686 57.0316 3.5933 -3.26046 
1687 56.8859 3.55793 -3.2498 
1688 56.7429 3.52252 -3.23915 
1689 56.6025 3.4871 -3.22852 
1690 56.4649 3.45168 -3.2179 
1691 56.33 3.41627 -3.20728 
1692 56.1978 3.38089 -3.19667 
1693 56.0683 3.34555 -3.18606 
1694 55.9416 3.31027 -3.17545 
1695 55.8178 3.27506 -3.16483 
1696 55.6967 3.23994 -3.15421 
1697 55.5784 3.20491 -3.14357 
1698 55.463 3.17 -3.13291 
1699 55.3505 3.13522 -3.12224 
1700 55.2409 3.10058 -3.11154 
1701 55.1341 3.06611 -3.10082 
1702 55.0303 3.03179 -3.09007 
1703 54.9293 2.99765 -3.07929 
1704 54.831 2.96369 -3.06847 
1705 54.7356 2.9299 -3.05763 
1706 54.643 2.8963 -3.04674 
1707 54.553 2.86289 -3.03583 
1708 54.4658 2.82968 -3.02487 
1709 54.3812 2.79666 -3.01387 
1710 54.2992 2.76386 -3.00282 
1711 54.2198 2.73126 -2.99174 
1712 54.143 2.69889 -2.9806 
1713 54.0687 2.66674 -2.96942 
1714 53.997 2.63481 -2.95818 
1715 53.9276 2.60312 -2.9469 
1716 53.8608 2.57167 -2.93556 
1717 53.7963 2.54046 -2.92416 
1718 53.7342 2.50951 -2.9127 
1719 53.6744 2.47881 -2.90118 
1720 53.6169 2.44837 -2.8896 
1721 53.5617 2.4182 -2.87796 
1722 53.5087 2.38831 -2.86624 
1723 53.4579 2.35869 -2.85446 
1724 53.4092 2.32936 -2.84261 
1725 53.3627 2.30032 -2.83068 
1726 53.3183 2.27158 -2.81867 
1727 53.2759 2.24314 -2.80659 
1728 53.2356 2.21501 -2.79443 
1729 53.1972 2.1872 -2.78218 
1730 53.1608 2.15971 -2.76985 
1731 53.1263 2.13254 -2.75744 
1732 53.0937 2.10571 -2.74493 
1733 53.063 2.07922 -2.73233 
1734 53.034 2.05307 -2.71964 
1735 53.0068 2.02728 -2.70685 
1736 52.9814 2.00185 -2.69396 
1737 52.9576 1.97678 -2.68097 
1738 52.9355 1.95208 -2.66788 
1739 52.915 1.92777 -2.65468 
1740 52.8961 1.90383 -2.64137 
1741 52.8788 1.88029 -2.62795 
1742 52.863 1.85715 -2.61442 
1743 52.8486 1.83441 -2.60077 
1744 52.8357 1.81208 -2.587 
1745 52.8241 1.79018 -2.57311 
1746 52.8139 1.76869 -2.5591 
1747 52.8051 1.74764 -2.54496 
1748 52.7975 1.72703 -2.53069 
1749 52.7911 1.70686 -2.51629 
1750 52.786 1.68715 -2.50175 
1751 52.782 1.66789 -2.48708 
1752 52.7791 1.64909 -2.47228 
1753 52.7773 1.63075 -2.45733 
1754 52.7765 1.61286 -2.44226 
1755 52.7768 1.59543 -2.42706 
1756 52.7779 1.57845 -2.41173 
1757 52.78 1.56192 -2.39627 
1758 52.783 1.54584 -2.38068 
1759 52.7867 1.5302 -2.36497 
1760 52.7913 1.51501 -2.34914 
1761 52.7966 1.50026 -2.33319 
1762 52.8026 1.48595 -2.31713 
1763 52.8092 1.47209 -2.30094 
1764 52.8164 1.45866 -2.28464 
1765 52.8242 1.44566 -2.26823 
1766 52.8325 1.4331 -2.25171 
1767 52.8413 1.42097 -2.23508 
1768 52.8506 1.40927 -2.21835 
1769 52.8602 1.398 -2.2015 
1770 52.8701 1.38715 -2.18456 
1771 52.8803 1.37673 -2.16752 
1772 52.8908 1.36672 -2.15037 
1773 52.9015 1.35714 -2.13313 
1774 52.9123 1.34797 -2.1158 
1775 52.9233 1.33921 -2.09837 
1776 52.9343 1.33087 -2.08086 
1777 52.9453 1.32293 -2.06325 
1778 52.9563 1.3154 -2.04556 
1779 52.9672 1.30828 -2.02779 
1780 52.978 1.30156 -2.00993 
1781 52.9886 1.29524 -1.992 
1782 52.9991 1.28931 -1.97398 
1783 53.0092 1.28378 -1.9559 
1784 53.019 1.27864 -1.93774 
1785 53.0285 1.27389 -1.91951 
1786 53.0375 1.26952 -1.90121 
1787 53.0461 1.26554 -1.88284 
1788 53.0542 1.26193 -1.86442 
1789 53.0617 1.25871 -1.84593 
1790 53.0686 1.25586 -1.82738 
1791 53.0749 1.25338 -1.80878 
1792 53.0805 1.25127 -1.79013 
1793 53.0853 1.24952 -1.77142 
1794 53.0892 1.24814 -1.75266 
1795 53.0924 1.24711 -1.73386 
1796 53.0946 1.24644 -1.71502 
1797 53.0959 1.24613 -1.69613 
1798 53.0961 1.24616 -1.67721 
1799 53.0953 1.24655 -1.65825 
1800 53.0934 1.24727 -1.63926 
1801 53.0903 1.24833 -1.62024 
1802 53.0861 1.24973 -1.60119 
1803 53.0806 1.25146 -1.58212 
1804 53.074 1.25351 -1.56302 
1805 53.0661 1.25588 -1.54391 
1806 53.0569 1.25857 -1.52478 
1807 53.0465 1.26156 -1.50564 
1808 53.0348 1.26485 -1.48649 
1809 53.0218 1.26844 -1.46733 
1810 53.0075 1.27232 -1.44817 
1811 52.9919 1.27649 -1.42901 
1812 52.9749 1.28094 -1.40986 
1813 52.9566 1.28566 -1.39071 
1814 52.9368 1.29064 -1.37157 
1815 52.9157 1.29589 -1.35244 
1816 52.8931 1.3014 -1.33334 
1817 52.8691 1.30715 -1.31425 
1818 52.8437 1.31315 -1.29518 
1819 52.8168 1.31939 -1.27614 
1820 52.7883 1.32585 -1.25713 
1821 52.7584 1.33255 -1.23815 
1822 52.727 1.33946 -1.21921 
1823 52.694 1.34658 -1.20031 
1824 52.6594 1.3539 -1.18146 
1825 52.6233 1.36143 -1.16265 
1826 52.5856 1.36915 -1.14389 
1827 52.5462 1.37705 -1.12519 
1828 52.5052 1.38513 -1.10655 
1829 52.4626 1.39338 -1.08797 
1830 52.4183 1.4018 -1.06945 
1831 52.3723 1.41037 -1.051 
1832 52.3246 1.4191 -1.03263 
1833 52.2751 1.42797 -1.01433 
1834 52.2239 1.43698 -0.996112 
1835 52.171 1.44611 -0.97798 
1836 52.1163 1.45537 -0.959936 
1837 52.0597 1.46474 -0.941984 
1838 52.0014 1.47421 -0.924128 
1839 51.9412 1.48379 -0.906372 
1840 51.8792 1.49346 -0.88872 
1841 51.8152 1.50321 -0.871176 
1842 51.7494 1.51304 -0.853744 
1843 51.6817 1.52294 -0.836429 
1844 51.612 1.5329 -0.819233 
1845 51.5404 1.54291 -0.802163 
1846 51.4668 1.55297 -0.78522 
1847 51.3912 1.56306 -0.76841 
1848 51.3135 1.57318 -0.751738 
1849 51.2339 1.58332 -0.735206 
1850 51.1522 1.59348 -0.71882 
1851 51.0684 1.60363 -0.702583 
1852 50.9826 1.61379 -0.686499 
1853 50.8948 1.62394 -0.670569 
1854 50.8049 1.63409 -0.654795 
1855 50.713 1.64422 -0.639181 
1856 50.6192 1.65433 -0.623728 
1857 50.5233 1.66442 -0.608439 
1858 50.4256 1.67449 -0.593317 
1859 50.3259 1.68452 -0.578362 
1860 50.2243 1.69452 -0.56358 
1861 50.1208 1.70448 -0.54897 
1862 50.0154 1.7144 -0.534537 
1863 49.9082 1.72427 -0.520281 
1864 49.7991 1.73409 -0.506207 
1865 49.6883 1.74385 -0.492316 
1866 49.5756 1.75354 -0.478612 
1867 49.4611 1.76317 -0.465095 
1868 49.3449 1.77273 -0.45177 
1869 49.227 1.78222 -0.438638 
1870 49.1073 1.79162 -0.425702 
1871 48.986 1.80094 -0.412964 
1872 48.863 1.81017 -0.400428 
1873 48.7383 1.8193 -0.388096 
1874 48.6119 1.82833 -0.37597 
1875 48.484 1.83726 -0.364053 
1876 48.3544 1.84608 -0.352348 
1877 48.2233 1.85478 -0.340857 
1878 48.0906 1.86336 -0.329584 
1879 47.9564 1.87182 -0.31853 
1880 47.8206 1.88014 -0.307698 
1881 47.6834 1.88833 -0.297092 
1882 47.5446 1.89638 -0.286714 
1883 47.4045 1.90429 -0.276566 
1884 47.2628 1.91204 -0.266652 
1885 47.1198 1.91964 -0.256974 
1886 46.9754 1.92707 -0.247535 
1887 46.8296 1.93434 -0.238338 
1888 46.6825 1.94143 -0.229385 
1889 46.534 1.94834 -0.22068 
1890 46.3842 1.95507 -0.212226 
1891 46.2331 1.96162 -0.204024 
1892 46.0808 1.96796 -0.196079 
1893 45.9272 1.97411 -0.188392 
1894 45.7724 1.98004 -0.180968 
1895 45.6164 1.98577 -0.173808 
1896 45.4593 1.99128 -0.166917 
1897 45.301 1.99656 -0.160295 
1898 45.1415 2.00162 -0.153948 
1899 44.9809 2.00643 -0.147877 
1900 44.8193 2.01101 -0.142087 
1901 44.6566 2.01534 -0.136578 
1902 44.4928 2.01942 -0.13135 
1903 44.3281 2.02326 -0.126403 
1904 44.1625 2.02685 -0.121735 
1905 43.9959 2.0302 -0.117345 
1906 43.8285 2.03331 -0.11323 
1907 43.6603 2.03617 -0.109391 
1908 43.4913 2.03879 -0.105825 
1909 43.3216 2.04117 -0.102531 
1910 43.1511 2.04332 -0.0995078 
1911 42.9801 2.04522 -0.0967539 
1912 42.8084 2.04689 -0.0942677 
1913 42.6362 2.04832 -0.0920478 
1914 42.4635 2.04952 -0.0900926 
1915 42.2903 2.05049 -0.0884007 
1916 42.1167 2.05122 -0.0869704 
1917 41.9427 2.05172 -0.0858002 
1918 41.7683 2.05199 -0.0848886 
1919 41.5937 2.05203 -0.0842337 
1920 41.4188 2.05184 -0.0838342 
1921 41.2437 2.05143 -0.0836881 
1922 41.0685 2.05079 -0.083794 
1923 40.8931 2.04993 -0.08415 
1924 40.7177 2.04885 -0.0847545 
1925 40.5422 2.04754 -0.0856056 
1926 40.3668 2.04602 -0.0867017 
1927 40.1914 2.04427 -0.0880409 
1928 40.0162 2.04231 -0.0896213 
1929 39.8411 2.04013 -0.0914412 
1930 39.6662 2.03774 -0.0934987 
1931 39.4916 2.03513 -0.0957918 
1932 39.3172 2.03231 -0.0983187 
1933 39.1433 2.02928 -0.101077 
1934 38.9697 2.02605 -0.104066 
1935 38.7965 2.0226 -0.107283 
1936 38.6239 2.01895 -0.110725 
1937 38.4517 2.0151 -0.114391 
1938 38.2802 2.01104 -0.118279 
1939 38.1093 2.00678 -0.122387 
1940 37.9391 2.00232 -0.126712 
1941 37.7696 1.99766 -0.131253 
1942 37.6009 1.9928 -0.136007 
1943 37.433 1.98775 -0.140972 
1944 37.266 1.98251 -0.146146 
1945 37.0999 1.97708 -0.151527 
1946 36.9348 1.97145 -0.157112 
1947 36.7707 1.96564 -0.1629 
1948 36.6077 1.95964 -0.168887 
1949 36.4458 1.95345 -0.175072 
1950 36.2851 1.94709 -0.181453 
1951 36.1256 1.94054 -0.188026 
1952 35.9673 1.93381 -0.194789 
1953 35.8102 1.9269 -0.201741 
1954 35.6542 1.91982 -0.208879 
1955 35.4993 1.91257 -0.216201 
1956 35.3456 1.90514 -0.223704 
1957 35.1928 1.89754 -0.231385 
1958 35.0411 1.88978 -0.239243 
1959 34.8904 1.88185 -0.247275 
1960 34.7407 1.87376 -0.255479 
1961 34.5919 1.8655 -0.263852 
1962 34.4441 1.85709 -0.272391 
1963 34.2971 1.84852 -0.281094 
1964 34.151 1.8398 -0.289958 
1965 34.0057 1.83092 -0.298982 
1966 33.8612 1.8219 -0.308161 
1967 33.7174 1.81272 -0.317494 
1968 33.5744 1.8034 -0.326979 
1969 33.4321 1.79394 -0.336611 
1970 33.2905 1.78433 -0.346388 
1971 33.1496 1.77459 -0.356309 
1972 33.0092 1.76471 -0.366369 
1973 32.8695 1.75469 -0.376567 
1974 32.7303 1.74454 -0.386899 
1975 32.5916 1.73427 -0.397362 
1976 32.4534 1.72387 -0.407954 
1977 32.3157 1.71334 -0.418671 
1978 32.1784 1.70269 -0.429511 
1979 32.0416 1.69192 -0.440472 
1980 31.9051 1.68104 -0.451548 
1981 31.7689 1.67004 -0.462739 
1982 31.6331 1.65893 -0.47404 
1983 31.4975 1.6477 -0.485449 
1984 31.3622 1.63638 -0.496963 
1985 31.227 1.62495 -0.508578 
1986 31.0921 1.61342 -0.520291 
1987 30.9573 1.60179 -0.5321 
1988 30.8227 1.59006 -0.544 
1989 30.6881 1.57824 -0.555989 
1990 30.5535 1.56633 -0.568063 
1991 30.419 1.55434 -0.58022 
1992 30.2845 1.54226 -0.592455 
1993 30.1499 1.5301 -0.604766 
1994 30.0153 1.51786 -0.617148 
1995 29.8805 1.50554 -0.6296 
1996 29.7456 1.49315 -0.642116 
1997 29.6105 1.48069 -0.654695 
1998 29.4752 1.46816 -0.667331 
1999 29.3396 1.45557 -0.680023 
2000 29.2038 1.44292 -0.692765 
