2 383.382 5.83881e-08 -0.00185228 
3 267.697 5.4586e-08 -0.00141423 
4 204.966 5.16674e-08 -0.00124944 
5 166.206 4.93241e-08 -0.00117574 
6 140.404 4.73583e-08 -0.00114006 
7 122.398 4.56608e-08 -0.00112273 
8 109.449 4.41633e-08 -0.0011153 
9 100.043 4.2795e-08 -0.00111411 
10 92.9924 4.16001e-08 -0.00111583 
11 87.7716 4.04736e-08 -0.0011199 
12 84.1716 3.9442e-08 -0.00112678 
13 81.5211 3.84405e-08 -0.00113393 
14 79.8228 3.75303e-08 -0.00114239 
15 78.9832 3.67095e-08 -0.00115219 
16 78.5447 3.58605e-08 -0.00116097 
17 78.5472 3.50243e-08 -0.00116966 
18 79.1236 3.4268e-08 -0.00117968 
19 80.2769 3.36106e-08 -0.00119142 
20 81.8492 3.30104e-08 -0.0012039 
21 83.5881 3.23892e-08 -0.00121537 
22 85.4784 3.17555e-08 -0.00122599 
23 87.5625 3.11364e-08 -0.00123638 
24 89.8565 3.05452e-08 -0.00124685 
25 92.3448 2.99782e-08 -0.00125732 
26 94.9917 2.94214e-08 -0.0012675 
27 97.7981 2.88811e-08 -0.00127754 
28 100.764 2.83638e-08 -0.00128757 
29 103.873 2.78669e-08 -0.00129754 
30 107.09 2.73777e-08 -0.00130715 
31 110.37 2.68797e-08 -0.001316 
32 113.715 2.63785e-08 -0.00132423 
33 117.135 2.58848e-08 -0.00133212 
34 120.637 2.54075e-08 -0.00133987 
35 124.227 2.49526e-08 -0.00134763 
36 127.902 2.45238e-08 -0.0013555 
37 131.66 2.41211e-08 -0.00136349 
38 135.49 2.37416e-08 -0.00137152 
39 139.377 2.33781e-08 -0.00137943 
40 143.3 2.30193e-08 -0.00138694 
41 147.236 2.26535e-08 -0.00139377 
42 151.182 2.22815e-08 -0.00139993 
43 155.14 2.1907e-08 -0.00140555 
44 159.111 2.15335e-08 -0.0014107 
45 163.094 2.11636e-08 -0.00141546 
46 167.089 2.07992e-08 -0.00141989 
47 171.095 2.04416e-08 -0.00142401 
48 175.108 2.0091e-08 -0.00142784 
49 179.126 1.97469e-08 -0.00143137 
50 183.143 1.94076e-08 -0.00143453 
51 187.154 1.90714e-08 -0.0014373 
52 191.158 1.87393e-08 -0.00143969 
53 195.154 1.84126e-08 -0.00144175 
54 199.142 1.80926e-08 -0.00144353 
55 203.118 1.77799e-08 -0.00144505 
56 207.082 1.74746e-08 -0.00144631 
57 211.03 1.71766e-08 -0.00144733 
58 214.96 1.68849e-08 -0.00144807 
59 218.867 1.65983e-08 -0.00144851 
60 222.747 1.63148e-08 -0.0014486 
61 226.595 1.60325e-08 -0.00144829 
62 230.411 1.57518e-08 -0.0014476 
63 234.193 1.54734e-08 -0.00144655 
64 237.941 1.51981e-08 -0.00144518 
65 241.653 1.49263e-08 -0.0014435 
66 245.329 1.46585e-08 -0.00144152 
67 248.966 1.43947e-08 -0.00143927 
68 252.565 1.41349e-08 -0.00143672 
69 256.122 1.38787e-08 -0.00143389 
70 259.636 1.36257e-08 -0.00143076 
71 263.106 1.33754e-08 -0.00142731 
72 266.53 1.3128e-08 -0.00142356 
73 269.908 1.28839e-08 -0.00141952 
74 273.239 1.26433e-08 -0.00141522 
75 276.522 1.24065e-08 -0.00141065 
76 279.757 1.21734e-08 -0.00140584 
77 282.941 1.19441e-08 -0.00140078 
78 286.074 1.17183e-08 -0.00139547 
79 289.156 1.14956e-08 -0.00138991 
80 292.183 1.12757e-08 -0.00138408 
81 295.156 1.1058e-08 -0.00137798 
82 298.074 1.08428e-08 -0.00137161 
83 300.936 1.06301e-08 -0.001365 
84 303.742 1.04204e-08 -0.00135814 
85 306.491 1.02136e-08 -0.00135106 
86 309.184 1.00098e-08 -0.00134376 
87 311.819 9.80913e-09 -0.00133625 
88 314.396 9.61146e-09 -0.00132853 
89 316.915 9.41665e-09 -0.0013206 
90 319.375 9.22452e-09 -0.00131245 
91 321.776 9.03485e-09 -0.00130409 
92 324.116 8.8477e-09 -0.00129552 
93 326.398 8.66318e-09 -0.00128675 
94 328.619 8.48135e-09 -0.00127779 
95 330.779 8.30221e-09 -0.00126864 
96 332.88 8.12574e-09 -0.00125931 
97 334.92 7.95186e-09 -0.0012498 
98 336.899 7.78045e-09 -0.00124012 
99 338.817 7.61132e-09 -0.00123025 
100 340.674 7.44426e-09 -0.00122019 
101 342.47 7.27906e-09 -0.00120995 
102 344.204 7.11584e-09 -0.00119953 
103 345.877 6.95475e-09 -0.00118895 
104 347.489 6.79596e-09 -0.00117821 
105 349.04 6.63959e-09 -0.00116733 
106 350.531 6.48575e-09 -0.00115632 
107 351.963 6.33456e-09 -0.00114519 
108 353.334 6.18607e-09 -0.00113394 
109 354.646 6.04035e-09 -0.00112259 
110 355.899 5.89742e-09 -0.00111114 
111 357.093 5.75731e-09 -0.00109959 
112 358.228 5.61999e-09 -0.00108796 
113 359.305 5.48543e-09 -0.00107624 
114 360.323 5.35357e-09 -0.00106444 
115 361.284 5.22433e-09 -0.00105256 
116 362.187 5.09758e-09 -0.00104059 
117 363.032 4.9732e-09 -0.00102855 
118 363.82 4.85101e-09 -0.00101641 
119 364.551 4.73082e-09 -0.00100419 
120 365.225 4.6124e-09 -0.000991878 
121 365.842 4.49556e-09 -0.000979464 
122 366.403 4.38033e-09 -0.000966958 
123 366.908 4.26678e-09 -0.000954369 
124 367.358 4.15499e-09 -0.000941706 
125 367.754 4.04502e-09 -0.000928977 
126 368.095 3.93692e-09 -0.000916189 
127 368.383 3.83075e-09 -0.00090335 
128 368.618 3.72654e-09 -0.000890467 
129 368.801 3.62433e-09 -0.000877546 
130 368.933 3.52413e-09 -0.000864593 
131 369.013 3.42596e-09 -0.000851613 
132 369.043 3.32982e-09 -0.00083861 
133 369.023 3.2357e-09 -0.000825589 
134 368.953 3.14359e-09 -0.000812554 
135 368.835 3.05346e-09 -0.000799507 
136 368.669 2.96526e-09 -0.000786451 
137 368.455 2.87895e-09 -0.000773387 
138 368.194 2.79447e-09 -0.000760316 
139 367.886 2.71175e-09 -0.000747239 
140 367.532 2.6307e-09 -0.000734154 
141 367.132 2.55125e-09 -0.000721063 
142 366.687 2.47342e-09 -0.00070797 
143 366.199 2.39722e-09 -0.000694881 
144 365.666 2.32269e-09 -0.000681803 
145 365.091 2.24985e-09 -0.000668741 
146 364.474 2.17871e-09 -0.0006557 
147 363.815 2.10928e-09 -0.000642684 
148 363.116 2.04157e-09 -0.000629699 
149 362.376 1.97558e-09 -0.000616749 
150 361.598 1.9113e-09 -0.000603838 
151 360.78 1.84872e-09 -0.000590968 
152 359.925 1.78782e-09 -0.000578142 
153 359.032 1.72859e-09 -0.000565364 
154 358.103 1.67098e-09 -0.000552635 
155 357.137 1.61498e-09 -0.000539958 
156 356.136 1.56053e-09 -0.000527333 
157 355.101 1.5076e-09 -0.000514761 
158 354.031 1.45612e-09 -0.000502242 
159 352.927 1.40603e-09 -0.000489777 
160 351.79 1.35728e-09 -0.000477364 
161 350.62 1.3098e-09 -0.000465004 
162 349.419 1.26358e-09 -0.000452699 
163 348.186 1.21865e-09 -0.000440455 
164 346.923 1.175e-09 -0.000428276 
165 345.63 1.13265e-09 -0.000416164 
166 344.309 1.09159e-09 -0.000404125 
167 342.959 1.05182e-09 -0.000392161 
168 341.581 1.01335e-09 -0.000380275 
169 340.177 9.76163e-10 -0.00036847 
170 338.747 9.40254e-10 -0.000356749 
171 337.29 9.05611e-10 -0.000345114 
172 335.809 8.72219e-10 -0.000333567 
173 334.304 8.40062e-10 -0.00032211 
174 332.775 8.09117e-10 -0.000310744 
175 331.223 7.79362e-10 -0.00029947 
176 329.649 7.50769e-10 -0.000288289 
177 328.053 7.23308e-10 -0.000277202 
178 326.435 6.96945e-10 -0.000266209 
179 324.797 6.71643e-10 -0.00025531 
180 323.138 6.47361e-10 -0.000244503 
181 321.459 6.24063e-10 -0.00023379 
182 319.762 6.0174e-10 -0.000223172 
183 318.045 5.80393e-10 -0.000212651 
184 316.311 5.60015e-10 -0.000202231 
185 314.56 5.40604e-10 -0.000191914 
186 312.793 5.22152e-10 -0.000181701 
187 311.009 5.0465e-10 -0.000171594 
188 309.21 4.8809e-10 -0.000161596 
189 307.397 4.72458e-10 -0.000151707 
190 305.569 4.57742e-10 -0.000141929 
191 303.728 4.43927e-10 -0.000132263 
192 301.874 4.30994e-10 -0.000122709 
193 300.007 4.18926e-10 -0.000113269 
194 298.128 4.07701e-10 -0.000103942 
195 296.238 3.97297e-10 -9.47295e-05 
196 294.337 3.87689e-10 -8.56303e-05 
197 292.425 3.78851e-10 -7.66444e-05 
198 290.503 3.70754e-10 -6.77712e-05 
199 288.571 3.63367e-10 -5.90098e-05 
200 286.629 3.56658e-10 -5.03592e-05 
201 284.679 3.50598e-10 -4.18185e-05 
202 282.721 3.45178e-10 -3.3389e-05 
203 280.754 3.40393e-10 -2.50725e-05 
204 278.781 3.3624e-10 -1.68703e-05 
205 276.8 3.32711e-10 -8.78411e-06 
206 274.814 3.29802e-10 -8.1504e-07 
207 272.822 3.27503e-10 7.03572e-06 
208 270.825 3.25808e-10 1.47672e-05 
209 268.823 3.24706e-10 2.23785e-05 
210 266.817 3.24189e-10 2.98689e-05 
211 264.807 3.24243e-10 3.72379e-05 
212 262.795 3.24859e-10 4.44851e-05 
213 260.779 3.26023e-10 5.16103e-05 
214 258.761 3.2772e-10 5.86134e-05 
215 256.741 3.29938e-10 6.54945e-05 
216 254.72 3.32658e-10 7.22539e-05 
217 252.698 3.35866e-10 7.88918e-05 
218 250.674 3.39544e-10 8.54091e-05 
219 248.65 3.43671e-10 9.18064e-05 
220 246.626 3.4823e-10 9.80847e-05 
221 244.602 3.53199e-10 0.000104245 
222 242.578 3.58555e-10 0.000110289 
223 240.555 3.64277e-10 0.000116218 
224 238.533 3.70341e-10 0.000122033 
225 236.511 3.7672e-10 0.000127737 
226 234.491 3.83393e-10 0.000133331 
227 232.472 3.90351e-10 0.000138814 
228 230.456 3.97587e-10 0.000144187 
229 228.441 4.05096e-10 0.000149449 
230 226.43 4.12871e-10 0.000154599 
231 224.422 4.20905e-10 0.000159638 
232 222.417 4.29191e-10 0.000164564 
233 220.417 4.3772e-10 0.000169378 
234 218.421 4.46485e-10 0.000174079 
235 216.429 4.55478e-10 0.000178669 
236 214.442 4.64688e-10 0.000183147 
237 212.461 4.74108e-10 0.000187514 
238 210.485 4.83727e-10 0.000191769 
239 208.515 4.93536e-10 0.000195914 
240 206.551 5.03523e-10 0.000199949 
241 204.593 5.13677e-10 0.000203875 
242 202.642 5.23988e-10 0.000207693 
243 200.697 5.34444e-10 0.000211404 
244 198.76 5.45032e-10 0.000215009 
245 196.829 5.55739e-10 0.000218509 
246 194.905 5.66553e-10 0.000221906 
247 192.989 5.7746e-10 0.000225201 
248 191.08 5.88445e-10 0.000228396 
249 189.178 5.99495e-10 0.000231493 
250 187.284 6.10594e-10 0.000234493 
251 185.398 6.21729e-10 0.000237398 
252 183.519 6.32893e-10 0.000240208 
253 181.649 6.4408e-10 0.000242925 
254 179.787 6.55286e-10 0.000245547 
255 177.933 6.66505e-10 0.000248075 
256 176.089 6.77731e-10 0.00025051 
257 174.253 6.88958e-10 0.000252851 
258 172.427 7.00181e-10 0.000255099 
259 170.611 7.11394e-10 0.000257256 
260 168.805 7.2259e-10 0.00025932 
261 167.008 7.33762e-10 0.000261294 
262 165.222 7.44906e-10 0.000263177 
263 163.446 7.56013e-10 0.000264971 
264 161.68 7.67077e-10 0.000266676 
265 159.925 7.78092e-10 0.000268294 
266 158.181 7.8905e-10 0.000269826 
267 156.447 7.99944e-10 0.000271272 
268 154.724 8.10767e-10 0.000272633 
269 153.013 8.21511e-10 0.000273912 
270 151.312 8.32168e-10 0.00027511 
271 149.622 8.42732e-10 0.000276227 
272 147.943 8.53193e-10 0.000277266 
273 146.276 8.63544e-10 0.000278228 
274 144.619 8.73776e-10 0.000279115 
275 142.973 8.83881e-10 0.000279929 
276 141.338 8.93852e-10 0.000280671 
277 139.715 9.03684e-10 0.000281342 
278 138.102 9.13375e-10 0.000281942 
279 136.501 9.2292e-10 0.000282473 
280 134.912 9.32318e-10 0.000282935 
281 133.333 9.41564e-10 0.000283329 
282 131.767 9.50656e-10 0.000283655 
283 130.212 9.5959e-10 0.000283915 
284 128.669 9.68364e-10 0.00028411 
285 127.138 9.76975e-10 0.00028424 
286 125.619 9.85418e-10 0.000284306 
287 124.111 9.93692e-10 0.000284309 
288 122.615 1.00179e-09 0.000284252 
289 121.132 1.00972e-09 0.000284134 
290 119.66 1.01746e-09 0.000283957 
291 118.2 1.02502e-09 0.000283722 
292 116.752 1.0324e-09 0.000283431 
293 115.315 1.03959e-09 0.000283085 
294 113.89 1.04659e-09 0.000282686 
295 112.477 1.05339e-09 0.000282234 
296 111.075 1.06e-09 0.000281732 
297 109.685 1.0664e-09 0.000281182 
298 108.306 1.0726e-09 0.000280584 
299 106.937 1.0786e-09 0.000279941 
300 105.58 1.08438e-09 0.000279254 
301 104.234 1.08995e-09 0.000278525 
302 102.898 1.09531e-09 0.000277755 
303 101.574 1.10045e-09 0.000276944 
304 100.26 1.10538e-09 0.000276092 
305 98.9584 1.11009e-09 0.0002752 
306 97.6678 1.11459e-09 0.000274268 
307 96.3887 1.11887e-09 0.000273296 
308 95.1213 1.12293e-09 0.000272285 
309 93.8657 1.12678e-09 0.000271235 
310 92.6219 1.1304e-09 0.000270147 
311 91.39 1.13381e-09 0.000269021 
312 90.1702 1.137e-09 0.000267858 
313 88.9624 1.13998e-09 0.000266658 
314 87.7668 1.14273e-09 0.000265422 
315 86.5834 1.14527e-09 0.00026415 
316 85.4122 1.14759e-09 0.000262843 
317 84.2533 1.14969e-09 0.000261502 
318 83.1068 1.15157e-09 0.000260126 
319 81.9726 1.15324e-09 0.000258718 
320 80.8508 1.15469e-09 0.000257277 
321 79.7414 1.15593e-09 0.000255804 
322 78.6443 1.15695e-09 0.000254299 
323 77.5596 1.15776e-09 0.000252764 
324 76.4873 1.15835e-09 0.0002512 
325 75.4273 1.15874e-09 0.000249606 
326 74.3796 1.15891e-09 0.000247985 
327 73.3441 1.15887e-09 0.000246336 
328 72.3209 1.15862e-09 0.00024466 
329 71.3097 1.15816e-09 0.000242959 
330 70.3106 1.1575e-09 0.000241233 
331 69.3235 1.15663e-09 0.000239483 
332 68.3483 1.15556e-09 0.00023771 
333 67.3849 1.15429e-09 0.000235915 
334 66.4332 1.15281e-09 0.000234098 
335 65.4931 1.15114e-09 0.000232262 
336 64.5643 1.14927e-09 0.000230407 
337 63.6469 1.14721e-09 0.000228534 
338 62.7407 1.14496e-09 0.000226644 
339 61.8454 1.14251e-09 0.000224738 
340 60.961 1.13988e-09 0.000222817 
341 60.0872 1.13706e-09 0.000220882 
342 59.2238 1.13406e-09 0.000218935 
343 58.3708 1.13088e-09 0.000216977 
344 57.5278 1.12752e-09 0.000215009 
345 56.6946 1.12399e-09 0.000213032 
346 55.871 1.12029e-09 0.000211048 
347 55.0568 1.11641e-09 0.000209057 
348 54.2517 1.11237e-09 0.000207061 
349 53.4555 1.10817e-09 0.000205062 
350 52.6678 1.10381e-09 0.00020306 
351 51.8885 1.09929e-09 0.000201057 
352 51.1175 1.09462e-09 0.000199054 
353 50.3549 1.08979e-09 0.00019705 
354 49.6007 1.08481e-09 0.000195047 
355 48.8549 1.07969e-09 0.000193044 
356 48.1177 1.07441e-09 0.000191041 
357 47.3889 1.06899e-09 0.000189039 
358 46.6686 1.06343e-09 0.000187038 
359 45.9569 1.05772e-09 0.000185039 
360 45.2538 1.05188e-09 0.000183042 
361 44.5592 1.04589e-09 0.000181046 
362 43.8732 1.03977e-09 0.000179053 
363 43.1958 1.03351e-09 0.000177062 
364 42.527 1.02713e-09 0.000175074 
365 41.8667 1.02061e-09 0.00017309 
366 41.215 1.01397e-09 0.000171109 
367 40.5718 1.0072e-09 0.000169131 
368 39.9372 1.00031e-09 0.000167158 
369 39.3111 9.93303e-10 0.000165189 
370 38.6935 9.86178e-10 0.000163225 
371 38.0843 9.78939e-10 0.000161265 
372 37.4836 9.71588e-10 0.000159311 
373 36.8912 9.6413e-10 0.000157362 
374 36.3072 9.56566e-10 0.000155419 
375 35.7314 9.48899e-10 0.000153483 
376 35.164 9.41134e-10 0.000151552 
377 34.6046 9.33272e-10 0.000149628 
378 34.0535 9.25318e-10 0.000147712 
379 33.5103 9.17274e-10 0.000145802 
380 32.9752 9.09144e-10 0.0001439 
381 32.4479 9.00931e-10 0.000142007 
382 31.9285 8.92639e-10 0.000140121 
383 31.4168 8.84272e-10 0.000138243 
384 30.9128 8.75832e-10 0.000136375 
385 30.4164 8.67325e-10 0.000134515 
386 29.9274 8.58753e-10 0.000132665 
387 29.4458 8.50121e-10 0.000130825 
388 28.9714 8.41432e-10 0.000128994 
389 28.5041 8.32691e-10 0.000127174 
390 28.0439 8.23902e-10 0.000125364 
391 27.5906 8.15069e-10 0.000123565 
392 27.144 8.06196e-10 0.000121777 
393 26.7041 7.97287e-10 0.000120001 
394 26.2706 7.88348e-10 0.000118236 
395 25.8435 7.79383e-10 0.000116483 
396 25.4226 7.70396e-10 0.000114743 
397 25.0077 7.61392e-10 0.000113015 
398 24.5988 7.52375e-10 0.0001113 
399 24.1955 7.43351e-10 0.000109599 
400 23.7977 7.34325e-10 0.000107911 
401 23.4054 7.25301e-10 0.000106236 
402 23.0184 7.16281e-10 0.000104576 
403 22.6368 7.07266e-10 0.000102929 
404 22.2606 6.98259e-10 0.000101297 
405 21.8897 6.89261e-10 9.96789e-05 
406 21.5241 6.80272e-10 9.80751e-05 
407 21.1639 6.71296e-10 9.64858e-05 
408 20.809 6.62333e-10 9.49109e-05 
409 20.4594 6.53385e-10 9.33506e-05 
410 20.1151 6.44453e-10 9.18051e-05 
411 19.7761 6.3554e-10 9.02742e-05 
412 19.4424 6.26647e-10 8.87582e-05 
413 19.1138 6.17775e-10 8.72572e-05 
414 18.7905 6.08927e-10 8.5771e-05 
415 18.4724 6.00103e-10 8.43e-05 
416 18.1594 5.91306e-10 8.2844e-05 
417 17.8515 5.82537e-10 8.14031e-05 
418 17.5487 5.73798e-10 7.99775e-05 
419 17.251 5.65091e-10 7.8567e-05 
420 16.9583 5.56418e-10 7.71719e-05 
421 16.6706 5.47779e-10 7.57921e-05 
422 16.3878 5.39177e-10 7.44276e-05 
423 16.1099 5.30615e-10 7.30784e-05 
424 15.8369 5.22092e-10 7.17447e-05 
425 15.5686 5.13612e-10 7.04264e-05 
426 15.3051 5.05176e-10 6.91234e-05 
427 15.0463 4.96786e-10 6.7836e-05 
428 14.7922 4.88444e-10 6.65639e-05 
429 14.5426 4.80152e-10 6.53073e-05 
430 14.2975 4.71911e-10 6.4066e-05 
431 14.0569 4.63723e-10 6.28402e-05 
432 13.8207 4.55591e-10 6.16298e-05 
433 13.5888 4.47516e-10 6.04347e-05 
434 13.3612 4.395e-10 5.9255e-05 
435 13.1378 4.31545e-10 5.80906e-05 
436 12.9184 4.23653e-10 5.69415e-05 
437 12.7032 4.15826e-10 5.58075e-05 
438 12.4918 4.08066e-10 5.46888e-05 
439 12.2844 4.00375e-10 5.35852e-05 
440 12.0807 3.92755e-10 5.24966e-05 
441 11.8807 3.85208e-10 5.14231e-05 
442 11.6843 3.77735e-10 5.03645e-05 
443 11.4915 3.7034e-10 4.93207e-05 
444 11.3021 3.63024e-10 4.82917e-05 
445 11.116 3.55789e-10 4.72774e-05 
446 10.9331 3.48637e-10 4.62777e-05 
447 10.7534 3.41571e-10 4.52925e-05 
448 10.5766 3.34592e-10 4.43218e-05 
449 10.4028 3.27702e-10 4.33653e-05 
450 10.2318 3.20904e-10 4.2423e-05 
451 10.0635 3.142e-10 4.14947e-05 
452 9.89789 3.0759e-10 4.05805e-05 
453 9.73493 3.01074e-10 3.96804e-05 
454 9.57464 2.94653e-10 3.87941e-05 
455 9.417 2.88327e-10 3.79219e-05 
456 9.26199 2.82097e-10 3.70635e-05 
457 9.10962 2.75962e-10 3.62189e-05 
458 8.95985 2.69923e-10 3.53881e-05 
459 8.81269 2.6398e-10 3.45711e-05 
460 8.66812 2.58134e-10 3.37678e-05 
461 8.52611 2.52384e-10 3.29781e-05 
462 8.38666 2.4673e-10 3.22019e-05 
463 8.24974 2.41174e-10 3.14392e-05 
464 8.11535 2.35714e-10 3.06899e-05 
465 7.98345 2.30351e-10 2.99539e-05 
466 7.85403 2.25085e-10 2.92311e-05 
467 7.72706 2.19917e-10 2.85215e-05 
468 7.60254 2.14845e-10 2.78249e-05 
469 7.48042 2.09871e-10 2.71413e-05 
470 7.3607 2.04994e-10 2.64705e-05 
471 7.24334 2.00214e-10 2.58125e-05 
472 7.12832 1.95531e-10 2.51671e-05 
473 7.01562 1.90945e-10 2.45341e-05 
474 6.90519 1.86456e-10 2.39136e-05 
475 6.79703 1.82064e-10 2.33053e-05 
476 6.69109 1.77768e-10 2.27092e-05 
477 6.58735 1.73569e-10 2.2125e-05 
478 6.48577 1.69466e-10 2.15527e-05 
479 6.38633 1.6546e-10 2.09921e-05 
480 6.28899 1.61549e-10 2.0443e-05 
481 6.19371 1.57734e-10 1.99053e-05 
482 6.10047 1.54015e-10 1.93789e-05 
483 6.00921 1.5039e-10 1.88635e-05 
484 5.91992 1.4686e-10 1.8359e-05 
485 5.83254 1.43425e-10 1.78653e-05 
486 5.74704 1.40084e-10 1.73821e-05 
487 5.66338 1.36836e-10 1.69092e-05 
488 5.58152 1.33682e-10 1.64465e-05 
489 5.50141 1.3062e-10 1.59938e-05 
490 5.42301 1.27651e-10 1.55508e-05 
491 5.34628 1.24774e-10 1.51174e-05 
492 5.27117 1.21988e-10 1.46933e-05 
493 5.19763 1.19293e-10 1.42784e-05 
494 5.12562 1.16688e-10 1.38724e-05 
495 5.05509 1.14173e-10 1.3475e-05 
496 4.98599 1.11747e-10 1.30861e-05 
497 4.91826 1.09409e-10 1.27054e-05 
498 4.85185 1.0716e-10 1.23327e-05 
499 4.78672 1.04997e-10 1.19677e-05 
500 4.7228 1.02921e-10 1.16101e-05 
501 4.66005 1.0093e-10 1.12598e-05 
502 4.59846 9.90249e-11 1.09166e-05 
503 4.53802 9.72039e-11 1.05806e-05 
504 4.47872 9.54667e-11 1.02515e-05 
505 4.42056 9.38126e-11 9.92947e-06 
506 4.36352 9.2241e-11 9.61432e-06 
507 4.30761 9.07512e-11 9.30603e-06 
508 4.2528 8.93424e-11 9.00452e-06 
509 4.19911 8.80138e-11 8.70973e-06 
510 4.1465 8.67647e-11 8.42159e-06 
511 4.09499 8.55942e-11 8.14002e-06 
512 4.04455 8.45016e-11 7.86495e-06 
513 3.99519 8.34859e-11 7.5963e-06 
514 3.94688 8.25463e-11 7.334e-06 
515 3.89961 8.16818e-11 7.07795e-06 
516 3.85339 8.08915e-11 6.82809e-06 
517 3.80819 8.01746e-11 6.58431e-06 
518 3.76401 7.95299e-11 6.34653e-06 
519 3.72083 7.89564e-11 6.11466e-06 
520 3.67864 7.84532e-11 5.88861e-06 
521 3.63744 7.80191e-11 5.66828e-06 
522 3.5972 7.76531e-11 5.45357e-06 
523 3.55791 7.73541e-11 5.24437e-06 
524 3.51956 7.71209e-11 5.0406e-06 
525 3.48214 7.69523e-11 4.84213e-06 
526 3.44563 7.68471e-11 4.64887e-06 
527 3.41001 7.68042e-11 4.4607e-06 
528 3.37528 7.68222e-11 4.27751e-06 
529 3.34142 7.68999e-11 4.09917e-06 
530 3.30841 7.7036e-11 3.92559e-06 
531 3.27623 7.72291e-11 3.75662e-06 
532 3.24488 7.74779e-11 3.59215e-06 
533 3.21432 7.7781e-11 3.43206e-06 
534 3.18455 7.8137e-11 3.27621e-06 
535 3.15555 7.85445e-11 3.12448e-06 
536 3.1273 7.90018e-11 2.97672e-06 
537 3.09978 7.95077e-11 2.83281e-06 
538 3.07297 8.00605e-11 2.6926e-06 
539 3.04686 8.06587e-11 2.55596e-06 
540 3.02141 8.13006e-11 2.42273e-06 
541 2.99663 8.19847e-11 2.29277e-06 
542 2.97247 8.27094e-11 2.16593e-06 
543 2.94893 8.34729e-11 2.04207e-06 
544 2.92599 8.42735e-11 1.92101e-06 
545 2.90361 8.51096e-11 1.80262e-06 
546 2.88178 8.59793e-11 1.68671e-06 
547 2.86048 8.68809e-11 1.57314e-06 
548 2.83968 8.78125e-11 1.46174e-06 
549 2.81936 8.87724e-11 1.35233e-06 
550 2.7995 8.97585e-11 1.24474e-06 
551 2.78007 9.07692e-11 1.13884e-06 
552 2.76108 9.18037e-11 1.03456e-06 
553 2.74251 9.28612e-11 9.3189e-07 
554 2.72437 9.39412e-11 8.30802e-07 
555 2.70665 9.50429e-11 7.31274e-07 
556 2.68936 9.61656e-11 6.33281e-07 
557 2.67248 9.73086e-11 5.36797e-07 
558 2.65602 9.84712e-11 4.41799e-07 
559 2.63998 9.96526e-11 3.48259e-07 
560 2.62434 1.00852e-10 2.56151e-07 
561 2.60911 1.02069e-10 1.65448e-07 
562 2.59429 1.03302e-10 7.61207e-08 
563 2.57987 1.04552e-10 -1.18582e-08 
564 2.56584 1.05816e-10 -9.85182e-08 
565 2.55221 1.07094e-10 -1.83889e-07 
566 2.53898 1.08386e-10 -2.68001e-07 
567 2.52613 1.0969e-10 -3.50886e-07 
568 2.51366 1.11006e-10 -4.32574e-07 
569 2.50157 1.12333e-10 -5.13098e-07 
570 2.48986 1.13669e-10 -5.92491e-07 
571 2.47852 1.15015e-10 -6.70787e-07 
572 2.46755 1.16369e-10 -7.4802e-07 
573 2.45694 1.1773e-10 -8.24224e-07 
574 2.44669 1.19097e-10 -8.99434e-07 
575 2.4368 1.2047e-10 -9.73688e-07 
576 2.42726 1.21847e-10 -1.04702e-06 
577 2.41806 1.23228e-10 -1.11947e-06 
578 2.4092 1.24611e-10 -1.19108e-06 
579 2.40068 1.25995e-10 -1.26188e-06 
580 2.39249 1.2738e-10 -1.33191e-06 
581 2.38463 1.28765e-10 -1.40121e-06 
582 2.37709 1.30147e-10 -1.46983e-06 
583 2.36986 1.31528e-10 -1.53781e-06 
584 2.36294 1.32904e-10 -1.60518e-06 
585 2.35633 1.34276e-10 -1.67199e-06 
586 2.35001 1.35642e-10 -1.73829e-06 
587 2.34399 1.37001e-10 -1.80411e-06 
588 2.33825 1.38352e-10 -1.8695e-06 
589 2.3328 1.39693e-10 -1.93451e-06 
590 2.32762 1.41025e-10 -1.99919e-06 
591 2.32271 1.42345e-10 -2.06357e-06 
592 2.31806 1.43652e-10 -2.12772e-06 
593 2.31366 1.44945e-10 -2.19167e-06 
594 2.30952 1.46223e-10 -2.25547e-06 
595 2.30561 1.47485e-10 -2.31918e-06 
596 2.30195 1.4873e-10 -2.38284e-06 
597 2.29851 1.49956e-10 -2.44651e-06 
598 2.29529 1.51161e-10 -2.51024e-06 
599 2.29228 1.52346e-10 -2.57408e-06 
600 2.28948 1.53508e-10 -2.63808e-06 
601 2.28689 1.54646e-10 -2.70228e-06 
602 2.28449 1.5576e-10 -2.7667e-06 
603 2.28229 1.56851e-10 -2.8313e-06 
604 2.28028 1.57916e-10 -2.89609e-06 
605 2.27847 1.58958e-10 -2.96106e-06 
606 2.27686 1.59975e-10 -3.02618e-06 
607 2.27544 1.60967e-10 -3.09144e-06 
608 2.27422 1.61934e-10 -3.15684e-06 
609 2.27319 1.62876e-10 -3.22237e-06 
610 2.27235 1.63793e-10 -3.288e-06 
611 2.2717 1.64684e-10 -3.35373e-06 
612 2.27124 1.6555e-10 -3.41954e-06 
613 2.27097 1.6639e-10 -3.48543e-06 
614 2.27089 1.67205e-10 -3.55137e-06 
615 2.27099 1.67994e-10 -3.61736e-06 
616 2.27128 1.68756e-10 -3.68338e-06 
617 2.27176 1.69493e-10 -3.74941e-06 
618 2.27242 1.70203e-10 -3.81545e-06 
619 2.27326 1.70886e-10 -3.88148e-06 
620 2.27428 1.71543e-10 -3.94748e-06 
621 2.27548 1.72174e-10 -4.01345e-06 
622 2.27686 1.72777e-10 -4.07936e-06 
623 2.27842 1.73353e-10 -4.14521e-06 
624 2.28015 1.73902e-10 -4.21097e-06 
625 2.28205 1.74424e-10 -4.27664e-06 
626 2.28413 1.74918e-10 -4.34219e-06 
627 2.28638 1.75385e-10 -4.40762e-06 
628 2.2888 1.75824e-10 -4.4729e-06 
629 2.29138 1.76236e-10 -4.53802e-06 
630 2.29414 1.76619e-10 -4.60297e-06 
631 2.29705 1.76974e-10 -4.66773e-06 
632 2.30013 1.77301e-10 -4.73229e-06 
633 2.30337 1.776e-10 -4.79662e-06 
634 2.30677 1.7787e-10 -4.86072e-06 
635 2.31033 1.78112e-10 -4.92455e-06 
636 2.31404 1.78324e-10 -4.98812e-06 
637 2.31791 1.78508e-10 -5.0514e-06 
638 2.32193 1.78664e-10 -5.11437e-06 
639 2.32609 1.78789e-10 -5.17702e-06 
640 2.33041 1.78886e-10 -5.23933e-06 
641 2.33487 1.78954e-10 -5.30129e-06 
642 2.33948 1.78992e-10 -5.36286e-06 
643 2.34422 1.79e-10 -5.42405e-06 
644 2.34911 1.78979e-10 -5.48482e-06 
645 2.35413 1.78928e-10 -5.54516e-06 
646 2.35929 1.78847e-10 -5.60506e-06 
647 2.36458 1.78736e-10 -5.66449e-06 
648 2.37001 1.78595e-10 -5.72343e-06 
649 2.37555 1.78423e-10 -5.78187e-06 
650 2.38123 1.78222e-10 -5.83979e-06 
651 2.38703 1.7799e-10 -5.89716e-06 
652 2.39295 1.77727e-10 -5.95398e-06 
653 2.39899 1.77435e-10 -6.01022e-06 
654 2.40515 1.77113e-10 -6.06588e-06 
655 2.41143 1.76762e-10 -6.12092e-06 
656 2.41783 1.76382e-10 -6.17534e-06 
657 2.42434 1.75974e-10 -6.22912e-06 
658 2.43097 1.75536e-10 -6.28225e-06 
659 2.43771 1.75071e-10 -6.3347e-06 
660 2.44456 1.74579e-10 -6.38645e-06 
661 2.45152 1.74058e-10 -6.4375e-06 
662 2.45859 1.73511e-10 -6.48783e-06 
663 2.46577 1.72937e-10 -6.53741e-06 
664 2.47305 1.72337e-10 -6.58623e-06 
665 2.48044 1.71711e-10 -6.63427e-06 
666 2.48793 1.71059e-10 -6.68151e-06 
667 2.49552 1.70382e-10 -6.72794e-06 
668 2.50321 1.69681e-10 -6.77354e-06 
669 2.511 1.68955e-10 -6.81828e-06 
670 2.51889 1.68204e-10 -6.86216e-06 
671 2.52687 1.6743e-10 -6.90515e-06 
672 2.53494 1.66633e-10 -6.94723e-06 
673 2.54311 1.65813e-10 -6.98838e-06 
674 2.55136 1.64971e-10 -7.02859e-06 
675 2.5597 1.64107e-10 -7.06783e-06 
676 2.56813 1.63221e-10 -7.10609e-06 
677 2.57664 1.62314e-10 -7.14335e-06 
678 2.58524 1.61386e-10 -7.17959e-06 
679 2.59391 1.60438e-10 -7.21478e-06 
680 2.60266 1.59471e-10 -7.24891e-06 
681 2.61149 1.58484e-10 -7.28195e-06 
682 2.6204 1.57478e-10 -7.3139e-06 
683 2.62937 1.56454e-10 -7.34472e-06 
684 2.63842 1.55412e-10 -7.37439e-06 
685 2.64754 1.54353e-10 -7.40291e-06 
686 2.65672 1.53277e-10 -7.43023e-06 
687 2.66596 1.52184e-10 -7.45636e-06 
688 2.67527 1.51076e-10 -7.48125e-06 
689 2.68464 1.49952e-10 -7.50489e-06 
690 2.69406 1.48813e-10 -7.52727e-06 
691 2.70354 1.4766e-10 -7.54835e-06 
692 2.71308 1.46494e-10 -7.56813e-06 
693 2.72266 1.45314e-10 -7.58656e-06 
694 2.73229 1.44122e-10 -7.60364e-06 
695 2.74197 1.42917e-10 -7.61934e-06 
696 2.7517 1.41701e-10 -7.63364e-06 
697 2.76146 1.40474e-10 -7.64651e-06 
698 2.77126 1.39236e-10 -7.65794e-06 
699 2.7811 1.37989e-10 -7.6679e-06 
700 2.79098 1.36733e-10 -7.67636e-06 
701 2.80089 1.35468e-10 -7.68332e-06 
702 2.81082 1.34195e-10 -7.68876e-06 
703 2.82078 1.32914e-10 -7.69268e-06 
704 2.83077 1.31625e-10 -7.6951e-06 
705 2.84079 1.30329e-10 -7.696e-06 
706 2.85082 1.29026e-10 -7.6954e-06 
707 2.86087 1.27716e-10 -7.69328e-06 
708 2.87095 1.26401e-10 -7.68966e-06 
709 2.88103 1.25079e-10 -7.68454e-06 
710 2.89113 1.23752e-10 -7.67791e-06 
711 2.90125 1.2242e-10 -7.66978e-06 
712 2.91137 1.21083e-10 -7.66015e-06 
713 2.9215 1.19742e-10 -7.64903e-06 
714 2.93163 1.18396e-10 -7.63641e-06 
715 2.94176 1.17047e-10 -7.6223e-06 
716 2.9519 1.15695e-10 -7.6067e-06 
717 2.96203 1.1434e-10 -7.58962e-06 
718 2.97216 1.12983e-10 -7.57105e-06 
719 2.98229 1.11623e-10 -7.551e-06 
720 2.9924 1.10262e-10 -7.52948e-06 
721 3.0025 1.08899e-10 -7.50648e-06 
722 3.01259 1.07536e-10 -7.48201e-06 
723 3.02266 1.06172e-10 -7.45607e-06 
724 3.03272 1.04808e-10 -7.42868e-06 
725 3.04275 1.03445e-10 -7.39982e-06 
726 3.05276 1.02082e-10 -7.3695e-06 
727 3.06274 1.00721e-10 -7.33774e-06 
728 3.0727 9.9361e-11 -7.30453e-06 
729 3.08262 9.80034e-11 -7.26987e-06 
730 3.09251 9.66484e-11 -7.23378e-06 
731 3.10236 9.52965e-11 -7.19625e-06 
732 3.11218 9.3948e-11 -7.1573e-06 
733 3.12195 9.26034e-11 -7.11692e-06 
734 3.13168 9.12633e-11 -7.07512e-06 
735 3.14136 8.9928e-11 -7.03191e-06 
736 3.15099 8.8598e-11 -6.98729e-06 
737 3.16057 8.72738e-11 -6.94127e-06 
738 3.17009 8.59559e-11 -6.89384e-06 
739 3.17955 8.46448e-11 -6.84503e-06 
740 3.18896 8.33409e-11 -6.79483e-06 
741 3.1983 8.20448e-11 -6.74325e-06 
742 3.20757 8.07569e-11 -6.6903e-06 
743 3.21677 7.94777e-11 -6.63598e-06 
744 3.2259 7.82078e-11 -6.5803e-06 
745 3.23495 7.69477e-11 -6.52326e-06 
746 3.24393 7.56978e-11 -6.46488e-06 
747 3.25282 7.44587e-11 -6.40515e-06 
748 3.26163 7.32309e-11 -6.34409e-06 
749 3.27035 7.2015e-11 -6.28171e-06 
750 3.27898 7.08114e-11 -6.218e-06 
751 3.28752 6.96207e-11 -6.15299e-06 
752 3.29596 6.8443e-11 -6.08667e-06 
753 3.3043 6.72784e-11 -6.01908e-06 
754 3.31254 6.61269e-11 -5.95023e-06 
755 3.32069 6.49887e-11 -5.88013e-06 
756 3.32873 6.38639e-11 -5.80881e-06 
757 3.33667 6.27525e-11 -5.73628e-06 
758 3.3445 6.16547e-11 -5.66256e-06 
759 3.35223 6.05705e-11 -5.58766e-06 
760 3.35985 5.95e-11 -5.51161e-06 
761 3.36736 5.84433e-11 -5.43443e-06 
762 3.37476 5.74005e-11 -5.35613e-06 
763 3.38205 5.63716e-11 -5.27673e-06 
764 3.38922 5.53568e-11 -5.19626e-06 
765 3.39628 5.43562e-11 -5.11473e-06 
766 3.40322 5.33698e-11 -5.03216e-06 
767 3.41004 5.23977e-11 -4.94858e-06 
768 3.41674 5.144e-11 -4.864e-06 
769 3.42332 5.04968e-11 -4.77844e-06 
770 3.42978 4.95682e-11 -4.69193e-06 
771 3.43611 4.86543e-11 -4.60449e-06 
772 3.44231 4.77551e-11 -4.51614e-06 
773 3.44838 4.68708e-11 -4.42689e-06 
774 3.45433 4.60013e-11 -4.33678e-06 
775 3.46014 4.51469e-11 -4.24583e-06 
776 3.46582 4.43076e-11 -4.15405e-06 
777 3.47136 4.34834e-11 -4.06148e-06 
778 3.47677 4.26745e-11 -3.96813e-06 
779 3.48204 4.18809e-11 -3.87403e-06 
780 3.48716 4.11028e-11 -3.7792e-06 
781 3.49215 4.03402e-11 -3.68366e-06 
782 3.49699 3.95932e-11 -3.58745e-06 
783 3.50168 3.88618e-11 -3.49058e-06 
784 3.50623 3.81462e-11 -3.39308e-06 
785 3.51062 3.74465e-11 -3.29497e-06 
786 3.51487 3.67627e-11 -3.19628e-06 
787 3.51896 3.60949e-11 -3.09704e-06 
788 3.5229 3.54432e-11 -2.99727e-06 
789 3.52668 3.48076e-11 -2.897e-06 
790 3.53031 3.41883e-11 -2.79625e-06 
791 3.53377 3.35853e-11 -2.69505e-06 
792 3.53707 3.29988e-11 -2.59344e-06 
793 3.54021 3.24287e-11 -2.49142e-06 
794 3.54318 3.18753e-11 -2.38904e-06 
795 3.54599 3.13384e-11 -2.28632e-06 
796 3.54862 3.08183e-11 -2.18329e-06 
797 3.55108 3.03151e-11 -2.07997e-06 
798 3.55337 2.98287e-11 -1.97641e-06 
799 3.55549 2.93593e-11 -1.87261e-06 
800 3.55743 2.89069e-11 -1.76862e-06 
801 3.55918 2.84717e-11 -1.66447e-06 
802 3.56076 2.80534e-11 -1.56016e-06 
803 3.56216 2.7652e-11 -1.45573e-06 
804 3.56338 2.72673e-11 -1.35118e-06 
805 3.56442 2.68992e-11 -1.24654e-06 
806 3.56529 2.65475e-11 -1.14182e-06 
807 3.56597 2.62121e-11 -1.03705e-06 
808 3.56647 2.58928e-11 -9.32244e-07 
809 3.56679 2.55895e-11 -8.27419e-07 
810 3.56693 2.5302e-11 -7.22595e-07 
811 3.56689 2.50302e-11 -6.17792e-07 
812 3.56668 2.47739e-11 -5.1303e-07 
813 3.56628 2.45329e-11 -4.08329e-07 
814 3.5657 2.43071e-11 -3.03708e-07 
815 3.56494 2.40963e-11 -1.99189e-07 
816 3.564 2.39004e-11 -9.47902e-08 
817 3.56288 2.37191e-11 9.46655e-09 
818 3.56158 2.35522e-11 1.13561e-07 
819 3.5601 2.33997e-11 2.17472e-07 
820 3.55844 2.32614e-11 3.21178e-07 
821 3.5566 2.31369e-11 4.24658e-07 
822 3.55458 2.30263e-11 5.27892e-07 
823 3.55238 2.29292e-11 6.30857e-07 
824 3.55 2.28455e-11 7.33531e-07 
825 3.54744 2.27749e-11 8.35892e-07 
826 3.5447 2.27174e-11 9.37919e-07 
827 3.54178 2.26726e-11 1.03959e-06 
828 3.53868 2.26405e-11 1.14088e-06 
829 3.5354 2.26207e-11 1.24177e-06 
830 3.53194 2.26131e-11 1.34223e-06 
831 3.5283 2.26175e-11 1.44225e-06 
832 3.52449 2.26337e-11 1.54179e-06 
833 3.52049 2.26614e-11 1.64084e-06 
834 3.51632 2.27004e-11 1.73937e-06 
835 3.51196 2.27505e-11 1.83736e-06 
836 3.50743 2.28115e-11 1.93478e-06 
837 3.50272 2.28832e-11 2.03161e-06 
838 3.49783 2.29653e-11 2.12783e-06 
839 3.49276 2.30576e-11 2.22341e-06 
840 3.48751 2.31599e-11 2.31832e-06 
841 3.48209 2.32719e-11 2.41255e-06 
842 3.47649 2.33934e-11 2.50606e-06 
843 3.47071 2.35241e-11 2.59883e-06 
844 3.46475 2.36639e-11 2.69084e-06 
845 3.45862 2.38124e-11 2.78206e-06 
846 3.45231 2.39694e-11 2.87246e-06 
847 3.44583 2.41347e-11 2.96201e-06 
848 3.43917 2.4308e-11 3.0507e-06 
849 3.43233 2.4489e-11 3.1385e-06 
850 3.42532 2.46775e-11 3.22537e-06 
851 3.41813 2.48732e-11 3.3113e-06 
852 3.41077 2.5076e-11 3.39628e-06 
853 3.40324 2.52856e-11 3.48029e-06 
854 3.39553 2.55019e-11 3.56334e-06 
855 3.38766 2.57248e-11 3.64542e-06 
856 3.37962 2.59539e-11 3.72652e-06 
857 3.37141 2.61892e-11 3.80663e-06 
858 3.36304 2.64304e-11 3.88576e-06 
859 3.3545 2.66774e-11 3.96389e-06 
860 3.3458 2.69299e-11 4.04102e-06 
861 3.33694 2.71878e-11 4.11715e-06 
862 3.32793 2.74509e-11 4.19226e-06 
863 3.31875 2.7719e-11 4.26636e-06 
864 3.30942 2.79918e-11 4.33943e-06 
865 3.29994 2.82692e-11 4.41147e-06 
866 3.2903 2.8551e-11 4.48247e-06 
867 3.28051 2.88369e-11 4.55244e-06 
868 3.27058 2.91268e-11 4.62136e-06 
869 3.2605 2.94204e-11 4.68922e-06 
870 3.25027 2.97176e-11 4.75603e-06 
871 3.2399 3.00181e-11 4.82177e-06 
872 3.22938 3.03217e-11 4.88644e-06 
873 3.21873 3.06282e-11 4.95004e-06 
874 3.20794 3.09373e-11 5.01255e-06 
875 3.19701 3.12489e-11 5.07398e-06 
876 3.18595 3.15627e-11 5.13432e-06 
877 3.17475 3.18785e-11 5.19356e-06 
878 3.16343 3.2196e-11 5.25169e-06 
879 3.15197 3.25151e-11 5.30871e-06 
880 3.14039 3.28354e-11 5.36462e-06 
881 3.12869 3.31568e-11 5.41941e-06 
882 3.11686 3.34791e-11 5.47307e-06 
883 3.10491 3.38019e-11 5.5256e-06 
884 3.09284 3.4125e-11 5.57699e-06 
885 3.08066 3.44482e-11 5.62724e-06 
886 3.06836 3.47713e-11 5.67633e-06 
887 3.05595 3.5094e-11 5.72428e-06 
888 3.04343 3.5416e-11 5.77106e-06 
889 3.0308 3.57372e-11 5.81667e-06 
890 3.01807 3.60571e-11 5.86112e-06 
891 3.00523 3.63757e-11 5.90438e-06 
892 2.99229 3.66925e-11 5.94647e-06 
893 2.97925 3.70074e-11 5.98736e-06 
894 2.96612 3.73201e-11 6.02706e-06 
895 2.95289 3.76304e-11 6.06557e-06 
896 2.93957 3.79378e-11 6.10286e-06 
897 2.92616 3.82423e-11 6.13895e-06 
898 2.91266 3.85435e-11 6.17382e-06 
899 2.89907 3.88411e-11 6.20747e-06 
900 2.8854 3.91349e-11 6.23989e-06 
901 2.87166 3.94246e-11 6.27108e-06 
902 2.85783 3.97101e-11 6.30104e-06 
903 2.84393 3.99914e-11 6.32979e-06 
904 2.82995 4.02684e-11 6.35731e-06 
905 2.8159 4.0541e-11 6.38363e-06 
906 2.80177 4.08092e-11 6.40875e-06 
907 2.78757 4.10729e-11 6.43268e-06 
908 2.77331 4.1332e-11 6.45541e-06 
909 2.75898 4.15866e-11 6.47696e-06 
910 2.74458 4.18364e-11 6.49734e-06 
911 2.73012 4.20815e-11 6.51655e-06 
912 2.7156 4.23218e-11 6.5346e-06 
913 2.70102 4.25572e-11 6.5515e-06 
914 2.68638 4.27877e-11 6.56725e-06 
915 2.67168 4.30132e-11 6.58186e-06 
916 2.65693 4.32337e-11 6.59534e-06 
917 2.64212 4.3449e-11 6.6077e-06 
918 2.62726 4.36591e-11 6.61894e-06 
919 2.61236 4.38639e-11 6.62907e-06 
920 2.59741 4.40634e-11 6.6381e-06 
921 2.58241 4.42575e-11 6.64604e-06 
922 2.56737 4.44462e-11 6.6529e-06 
923 2.55228 4.46293e-11 6.65868e-06 
924 2.53716 4.48068e-11 6.6634e-06 
925 2.522 4.49787e-11 6.66706e-06 
926 2.5068 4.51448e-11 6.66967e-06 
927 2.49157 4.53051e-11 6.67123e-06 
928 2.47631 4.54596e-11 6.67177e-06 
929 2.46102 4.56081e-11 6.67129e-06 
930 2.4457 4.57505e-11 6.66979e-06 
931 2.43035 4.58869e-11 6.66728e-06 
932 2.41499 4.60172e-11 6.66379e-06 
933 2.3996 4.61412e-11 6.65931e-06 
934 2.38419 4.62589e-11 6.65385e-06 
935 2.36876 4.63703e-11 6.64743e-06 
936 2.35332 4.64752e-11 6.64005e-06 
937 2.33786 4.65736e-11 6.63173e-06 
938 2.3224 4.66654e-11 6.62247e-06 
939 2.30692 4.67505e-11 6.61229e-06 
940 2.29144 4.6829e-11 6.60119e-06 
941 2.27596 4.69006e-11 6.58919e-06 
942 2.26047 4.69653e-11 6.5763e-06 
943 2.24499 4.70231e-11 6.56253e-06 
944 2.22951 4.70738e-11 6.54788e-06 
945 2.21403 4.71174e-11 6.53237e-06 
946 2.19856 4.71539e-11 6.51602e-06 
947 2.1831 4.71831e-11 6.49882e-06 
948 2.16765 4.7205e-11 6.4808e-06 
949 2.15221 4.72194e-11 6.46197e-06 
950 2.13679 4.72264e-11 6.44233e-06 
951 2.1214 4.72258e-11 6.4219e-06 
952 2.10602 4.72177e-11 6.40069e-06 
953 2.09066 4.72022e-11 6.37872e-06 
954 2.07532 4.71793e-11 6.35598e-06 
955 2.06001 4.71491e-11 6.33249e-06 
956 2.04473 4.71116e-11 6.30827e-06 
957 2.02947 4.70669e-11 6.28333e-06 
958 2.01423 4.70151e-11 6.25767e-06 
959 1.99903 4.69563e-11 6.23131e-06 
960 1.98386 4.68904e-11 6.20426e-06 
961 1.96871 4.68176e-11 6.17653e-06 
962 1.9536 4.6738e-11 6.14813e-06 
963 1.93852 4.66515e-11 6.11909e-06 
964 1.92348 4.65583e-11 6.08939e-06 
965 1.90847 4.64585e-11 6.05907e-06 
966 1.89351 4.63521e-11 6.02814e-06 
967 1.87857 4.62392e-11 5.9966e-06 
968 1.86368 4.61199e-11 5.96446e-06 
969 1.84883 4.59941e-11 5.93175e-06 
970 1.83403 4.58621e-11 5.89847e-06 
971 1.81926 4.57239e-11 5.86464e-06 
972 1.80454 4.55796e-11 5.83027e-06 
973 1.78987 4.54292e-11 5.79537e-06 
974 1.77525 4.52728e-11 5.75996e-06 
975 1.76067 4.51105e-11 5.72405e-06 
976 1.74614 4.49424e-11 5.68765e-06 
977 1.73167 4.47685e-11 5.65079e-06 
978 1.71725 4.4589e-11 5.61346e-06 
979 1.70288 4.44039e-11 5.57569e-06 
980 1.68857 4.42133e-11 5.53749e-06 
981 1.67431 4.40173e-11 5.49888e-06 
982 1.66012 4.3816e-11 5.45986e-06 
983 1.64598 4.36094e-11 5.42046e-06 
984 1.63191 4.33977e-11 5.38069e-06 
985 1.6179 4.31809e-11 5.34056e-06 
986 1.60395 4.29591e-11 5.30009e-06 
987 1.59006 4.27325e-11 5.2593e-06 
988 1.57625 4.2501e-11 5.21819e-06 
989 1.5625 4.22648e-11 5.17678e-06 
990 1.54882 4.20241e-11 5.1351e-06 
991 1.53522 4.17787e-11 5.09315e-06 
992 1.52168 4.1529e-11 5.05095e-06 
993 1.50822 4.12749e-11 5.00852e-06 
994 1.49484 4.10166e-11 4.96588e-06 
995 1.48153 4.07541e-11 4.92303e-06 
996 1.4683 4.04876e-11 4.88e-06 
997 1.45515 4.02172e-11 4.8368e-06 
998 1.44208 3.99429e-11 4.79344e-06 
999 1.4291 3.96648e-11 4.74996e-06 
1000 1.4162 3.93831e-11 4.70635e-06 
1001 1.40338 3.90979e-11 4.66265e-06 
1002 1.39065 3.88091e-11 4.61885e-06 
1003 1.37801 3.85171e-11 4.57496e-06 
1004 1.36546 3.82217e-11 4.53099e-06 
1005 1.35299 3.79232e-11 4.48695e-06 
1006 1.34061 3.76216e-11 4.44284e-06 
1007 1.32831 3.73171e-11 4.39867e-06 
1008 1.3161 3.70096e-11 4.35445e-06 
1009 1.30398 3.66994e-11 4.31018e-06 
1010 1.29194 3.63865e-11 4.26587e-06 
1011 1.27999 3.6071e-11 4.22154e-06 
1012 1.26813 3.57531e-11 4.17718e-06 
1013 1.25636 3.54327e-11 4.1328e-06 
1014 1.24467 3.51101e-11 4.08841e-06 
1015 1.23308 3.47854e-11 4.04402e-06 
1016 1.22156 3.44585e-11 3.99964e-06 
1017 1.21014 3.41297e-11 3.95527e-06 
1018 1.1988 3.3799e-11 3.91092e-06 
1019 1.18756 3.34666e-11 3.8666e-06 
1020 1.1764 3.31326e-11 3.82232e-06 
1021 1.16532 3.2797e-11 3.77808e-06 
1022 1.15434 3.246e-11 3.73389e-06 
1023 1.14344 3.21217e-11 3.68976e-06 
1024 1.13263 3.17823e-11 3.6457e-06 
1025 1.12191 3.14417e-11 3.60172e-06 
1026 1.11128 3.11001e-11 3.55782e-06 
1027 1.10074 3.07578e-11 3.51401e-06 
1028 1.09028 3.04146e-11 3.4703e-06 
1029 1.07991 3.00709e-11 3.42669e-06 
1030 1.06963 2.97266e-11 3.38321e-06 
1031 1.05944 2.9382e-11 3.33985e-06 
1032 1.04934 2.9037e-11 3.29662e-06 
1033 1.03932 2.8692e-11 3.25353e-06 
1034 1.0294 2.83469e-11 3.21059e-06 
1035 1.01956 2.80019e-11 3.16781e-06 
1036 1.00981 2.76571e-11 3.1252e-06 
1037 1.00014 2.73127e-11 3.08276e-06 
1038 0.990571 2.69687e-11 3.04051e-06 
1039 0.981085 2.66253e-11 2.99845e-06 
1040 0.971688 2.62826e-11 2.95659e-06 
1041 0.962379 2.59408e-11 2.91495e-06 
1042 0.953158 2.55999e-11 2.87352e-06 
1043 0.944025 2.52602e-11 2.83232e-06 
1044 0.934981 2.49216e-11 2.79136e-06 
1045 0.926024 2.45845e-11 2.75065e-06 
1046 0.917156 2.42488e-11 2.71019e-06 
1047 0.908375 2.39148e-11 2.67e-06 
1048 0.899683 2.35825e-11 2.63008e-06 
1049 0.891078 2.32521e-11 2.59045e-06 
1050 0.882561 2.29237e-11 2.55111e-06 
1051 0.874132 2.25975e-11 2.51207e-06 
1052 0.865791 2.22735e-11 2.47333e-06 
1053 0.857537 2.19517e-11 2.4349e-06 
1054 0.84937 2.16322e-11 2.39678e-06 
1055 0.841289 2.13151e-11 2.35896e-06 
1056 0.833295 2.10003e-11 2.32145e-06 
1057 0.825387 2.06879e-11 2.28425e-06 
1058 0.817565 2.03779e-11 2.24736e-06 
1059 0.809828 2.00704e-11 2.21078e-06 
1060 0.802176 1.97655e-11 2.17451e-06 
1061 0.79461 1.94631e-11 2.13855e-06 
1062 0.787128 1.91633e-11 2.10291e-06 
1063 0.77973 1.88662e-11 2.06758e-06 
1064 0.772415 1.85718e-11 2.03257e-06 
1065 0.765185 1.828e-11 1.99787e-06 
1066 0.758037 1.79911e-11 1.9635e-06 
1067 0.750973 1.7705e-11 1.92944e-06 
1068 0.74399 1.74217e-11 1.8957e-06 
1069 0.73709 1.71413e-11 1.86228e-06 
1070 0.730272 1.68639e-11 1.82918e-06 
1071 0.723534 1.65895e-11 1.7964e-06 
1072 0.716878 1.6318e-11 1.76395e-06 
1073 0.710303 1.60497e-11 1.73182e-06 
1074 0.703807 1.57844e-11 1.70001e-06 
1075 0.697391 1.55224e-11 1.66853e-06 
1076 0.691055 1.52635e-11 1.63738e-06 
1077 0.684797 1.50078e-11 1.60656e-06 
1078 0.678618 1.47555e-11 1.57606e-06 
1079 0.672517 1.45065e-11 1.54589e-06 
1080 0.666494 1.42608e-11 1.51606e-06 
1081 0.660548 1.40186e-11 1.48655e-06 
1082 0.654678 1.37799e-11 1.45738e-06 
1083 0.648885 1.35447e-11 1.42853e-06 
1084 0.643168 1.3313e-11 1.40003e-06 
1085 0.637526 1.30849e-11 1.37185e-06 
1086 0.631959 1.28605e-11 1.34401e-06 
1087 0.626466 1.26398e-11 1.31651e-06 
1088 0.621048 1.24228e-11 1.28934e-06 
1089 0.615702 1.22096e-11 1.26251e-06 
1090 0.61043 1.20003e-11 1.23602e-06 
1091 0.60523 1.17948e-11 1.20987e-06 
1092 0.600102 1.15932e-11 1.18406e-06 
1093 0.595046 1.13957e-11 1.15859e-06 
1094 0.59006 1.12021e-11 1.13346e-06 
1095 0.585145 1.10127e-11 1.10867e-06 
1096 0.5803 1.08273e-11 1.08422e-06 
1097 0.575524 1.06462e-11 1.06012e-06 
1098 0.570816 1.04692e-11 1.03637e-06 
1099 0.566177 1.02965e-11 1.01295e-06 
1100 0.561605 1.01281e-11 9.89889e-07 
1101 0.557101 9.96412e-12 9.67169e-07 
1102 0.552663 9.80443e-12 9.44793e-07 
1103 0.548291 9.64906e-12 9.22757e-07 
1104 0.543985 9.49796e-12 9.01058e-07 
1105 0.539744 9.35113e-12 8.79694e-07 
1106 0.535567 9.20852e-12 8.58661e-07 
1107 0.531454 9.07012e-12 8.37956e-07 
1108 0.527405 8.93588e-12 8.17576e-07 
1109 0.523419 8.80579e-12 7.97518e-07 
1110 0.519495 8.67981e-12 7.77777e-07 
1111 0.515634 8.55791e-12 7.58352e-07 
1112 0.511833 8.44006e-12 7.39238e-07 
1113 0.508094 8.32624e-12 7.20433e-07 
1114 0.504414 8.21642e-12 7.01932e-07 
1115 0.500794 8.11055e-12 6.83732e-07 
1116 0.497234 8.00861e-12 6.65831e-07 
1117 0.493732 7.91058e-12 6.48223e-07 
1118 0.490288 7.81641e-12 6.30907e-07 
1119 0.486901 7.72607e-12 6.13877e-07 
1120 0.483571 7.63953e-12 5.97132e-07 
1121 0.480297 7.55677e-12 5.80666e-07 
1122 0.477078 7.47774e-12 5.64476e-07 
1123 0.473915 7.40241e-12 5.48558e-07 
1124 0.470806 7.33074e-12 5.3291e-07 
1125 0.46775 7.26271e-12 5.17526e-07 
1126 0.464748 7.19828e-12 5.02403e-07 
1127 0.461798 7.13741e-12 4.87537e-07 
1128 0.458899 7.08006e-12 4.72925e-07 
1129 0.456052 7.02621e-12 4.58562e-07 
1130 0.453255 6.97581e-12 4.44444e-07 
1131 0.450508 6.92883e-12 4.30567e-07 
1132 0.44781 6.88523e-12 4.16927e-07 
1133 0.445161 6.84498e-12 4.03521e-07 
1134 0.442559 6.80803e-12 3.90344e-07 
1135 0.440004 6.77435e-12 3.77391e-07 
1136 0.437496 6.74389e-12 3.64659e-07 
1137 0.435033 6.71663e-12 3.52143e-07 
1138 0.432615 6.69252e-12 3.39839e-07 
1139 0.430241 6.67152e-12 3.27743e-07 
1140 0.427911 6.6536e-12 3.15851e-07 
1141 0.425623 6.63871e-12 3.04157e-07 
1142 0.423378 6.6268e-12 2.92658e-07 
1143 0.421174 6.61785e-12 2.81349e-07 
1144 0.41901 6.61181e-12 2.70225e-07 
1145 0.416886 6.60863e-12 2.59283e-07 
1146 0.414801 6.60828e-12 2.48517e-07 
1147 0.412754 6.61071e-12 2.37923e-07 
1148 0.410745 6.61588e-12 2.27496e-07 
1149 0.408772 6.62374e-12 2.17232e-07 
1150 0.406836 6.63426e-12 2.07125e-07 
1151 0.404934 6.64739e-12 1.97172e-07 
1152 0.403067 6.66307e-12 1.8737e-07 
1153 0.401235 6.68126e-12 1.77717e-07 
1154 0.399438 6.70191e-12 1.68211e-07 
1155 0.397675 6.72497e-12 1.5885e-07 
1156 0.395946 6.75039e-12 1.49631e-07 
1157 0.394251 6.77811e-12 1.40554e-07 
1158 0.392589 6.80808e-12 1.31615e-07 
1159 0.390962 6.84025e-12 1.22812e-07 
1160 0.389367 6.87456e-12 1.14144e-07 
1161 0.387806 6.91097e-12 1.05609e-07 
1162 0.386277 6.94942e-12 9.72027e-08 
1163 0.384781 6.98985e-12 8.89248e-08 
1164 0.383318 7.03221e-12 8.07724e-08 
1165 0.381887 7.07644e-12 7.27435e-08 
1166 0.380488 7.1225e-12 6.48356e-08 
1167 0.379121 7.17032e-12 5.70466e-08 
1168 0.377785 7.21984e-12 4.93741e-08 
1169 0.376481 7.27101e-12 4.18159e-08 
1170 0.375208 7.32378e-12 3.43695e-08 
1171 0.373965 7.37808e-12 2.70327e-08 
1172 0.372754 7.43385e-12 1.9803e-08 
1173 0.371573 7.49105e-12 1.2678e-08 
1174 0.370422 7.5496e-12 5.65545e-09 
1175 0.369301 7.60945e-12 -1.26723e-09 
1176 0.368209 7.67054e-12 -8.09245e-09 
1177 0.367148 7.73281e-12 -1.48227e-08 
1178 0.366115 7.7962e-12 -2.14604e-08 
1179 0.365111 7.86064e-12 -2.80082e-08 
1180 0.364136 7.92608e-12 -3.44686e-08 
1181 0.36319 7.99245e-12 -4.0844e-08 
1182 0.362271 8.05969e-12 -4.71371e-08 
1183 0.361381 8.12773e-12 -5.33505e-08 
1184 0.360518 8.19653e-12 -5.94868e-08 
1185 0.359683 8.266e-12 -6.55487e-08 
1186 0.358874 8.33608e-12 -7.15386e-08 
1187 0.358093 8.40672e-12 -7.74595e-08 
1188 0.357338 8.47784e-12 -8.33139e-08 
1189 0.356609 8.54938e-12 -8.91045e-08 
1190 0.355907 8.62128e-12 -9.48341e-08 
1191 0.35523 8.69346e-12 -1.00506e-07 
1192 0.354579 8.76586e-12 -1.06121e-07 
1193 0.353952 8.83841e-12 -1.11685e-07 
1194 0.353351 8.91105e-12 -1.17198e-07 
1195 0.352774 8.9837e-12 -1.22664e-07 
1196 0.352221 9.0563e-12 -1.28086e-07 
1197 0.351693 9.12878e-12 -1.33467e-07 
1198 0.351188 9.20107e-12 -1.3881e-07 
1199 0.350706 9.27309e-12 -1.44117e-07 
1200 0.350247 9.34478e-12 -1.49391e-07 
1201 0.349811 9.41607e-12 -1.54635e-07 
1202 0.349398 9.48693e-12 -1.5985e-07 
1203 0.349007 9.55735e-12 -1.65036e-07 
1204 0.348639 9.62728e-12 -1.70194e-07 
1205 0.348293 9.69672e-12 -1.75322e-07 
1206 0.347969 9.76563e-12 -1.80423e-07 
1207 0.347667 9.834e-12 -1.85496e-07 
1208 0.347386 9.90179e-12 -1.90541e-07 
1209 0.347128 9.96899e-12 -1.95559e-07 
1210 0.346891 1.00356e-11 -2.0055e-07 
1211 0.346675 1.01015e-11 -2.05514e-07 
1212 0.346481 1.01667e-11 -2.10452e-07 
1213 0.346307 1.02313e-11 -2.15363e-07 
1214 0.346155 1.02951e-11 -2.20249e-07 
1215 0.346023 1.03582e-11 -2.2511e-07 
1216 0.345912 1.04205e-11 -2.29945e-07 
1217 0.345822 1.04821e-11 -2.34756e-07 
1218 0.345752 1.05428e-11 -2.39542e-07 
1219 0.345702 1.06026e-11 -2.44303e-07 
1220 0.345673 1.06616e-11 -2.49041e-07 
1221 0.345663 1.07196e-11 -2.53756e-07 
1222 0.345673 1.07768e-11 -2.58447e-07 
1223 0.345702 1.08329e-11 -2.63116e-07 
1224 0.345751 1.08881e-11 -2.67762e-07 
1225 0.345819 1.09423e-11 -2.72386e-07 
1226 0.345907 1.09955e-11 -2.76988e-07 
1227 0.346013 1.10475e-11 -2.81569e-07 
1228 0.346138 1.10985e-11 -2.86128e-07 
1229 0.346282 1.11484e-11 -2.90667e-07 
1230 0.346444 1.11971e-11 -2.95185e-07 
1231 0.346624 1.12447e-11 -2.99684e-07 
1232 0.346823 1.1291e-11 -3.04163e-07 
1233 0.347039 1.13361e-11 -3.08622e-07 
1234 0.347273 1.138e-11 -3.13063e-07 
1235 0.347525 1.14226e-11 -3.17485e-07 
1236 0.347794 1.14638e-11 -3.21889e-07 
1237 0.34808 1.15037e-11 -3.26275e-07 
1238 0.348383 1.15423e-11 -3.30643e-07 
1239 0.348703 1.15794e-11 -3.34995e-07 
1240 0.34904 1.16151e-11 -3.3933e-07 
1241 0.349393 1.16493e-11 -3.43649e-07 
1242 0.349763 1.16821e-11 -3.47952e-07 
1243 0.350148 1.17133e-11 -3.5224e-07 
1244 0.35055 1.1743e-11 -3.56512e-07 
1245 0.350967 1.17711e-11 -3.6077e-07 
1246 0.351399 1.17976e-11 -3.65014e-07 
1247 0.351847 1.18224e-11 -3.69244e-07 
1248 0.35231 1.18456e-11 -3.73461e-07 
1249 0.352788 1.18671e-11 -3.77664e-07 
1250 0.353281 1.18868e-11 -3.81855e-07 
1251 0.353788 1.19048e-11 -3.86034e-07 
1252 0.35431 1.1921e-11 -3.90199e-07 
1253 0.354845 1.19355e-11 -3.9435e-07 
1254 0.355395 1.19483e-11 -3.98486e-07 
1255 0.355959 1.19593e-11 -4.02604e-07 
1256 0.356536 1.19686e-11 -4.06705e-07 
1257 0.357127 1.19762e-11 -4.10786e-07 
1258 0.357731 1.19821e-11 -4.14847e-07 
1259 0.358349 1.19863e-11 -4.18886e-07 
1260 0.358979 1.19888e-11 -4.22903e-07 
1261 0.359623 1.19896e-11 -4.26895e-07 
1262 0.360279 1.19888e-11 -4.30862e-07 
1263 0.360947 1.19863e-11 -4.34803e-07 
1264 0.361628 1.19821e-11 -4.38715e-07 
1265 0.362321 1.19764e-11 -4.42599e-07 
1266 0.363027 1.1969e-11 -4.46453e-07 
1267 0.363744 1.19599e-11 -4.50275e-07 
1268 0.364472 1.19493e-11 -4.54064e-07 
1269 0.365213 1.19371e-11 -4.57819e-07 
1270 0.365964 1.19233e-11 -4.61538e-07 
1271 0.366727 1.19079e-11 -4.65221e-07 
1272 0.3675 1.18909e-11 -4.68866e-07 
1273 0.368285 1.18724e-11 -4.72471e-07 
1274 0.369079 1.18524e-11 -4.76036e-07 
1275 0.369885 1.18308e-11 -4.79559e-07 
1276 0.3707 1.18077e-11 -4.83039e-07 
1277 0.371526 1.17831e-11 -4.86474e-07 
1278 0.372361 1.17569e-11 -4.89862e-07 
1279 0.373206 1.17293e-11 -4.93204e-07 
1280 0.37406 1.17002e-11 -4.96497e-07 
1281 0.374924 1.16696e-11 -4.9974e-07 
1282 0.375796 1.16376e-11 -5.02931e-07 
1283 0.376678 1.16042e-11 -5.0607e-07 
1284 0.377568 1.15692e-11 -5.09154e-07 
1285 0.378466 1.15329e-11 -5.12183e-07 
1286 0.379373 1.14952e-11 -5.15154e-07 
1287 0.380288 1.1456e-11 -5.18068e-07 
1288 0.38121 1.14155e-11 -5.20921e-07 
1289 0.38214 1.13736e-11 -5.23713e-07 
1290 0.383078 1.13303e-11 -5.26442e-07 
1291 0.384023 1.12857e-11 -5.29107e-07 
1292 0.384975 1.12398e-11 -5.31707e-07 
1293 0.385933 1.11925e-11 -5.34239e-07 
1294 0.386898 1.11439e-11 -5.36703e-07 
1295 0.38787 1.1094e-11 -5.39097e-07 
1296 0.388847 1.10428e-11 -5.41419e-07 
1297 0.38983 1.09904e-11 -5.43668e-07 
1298 0.39082 1.09366e-11 -5.45843e-07 
1299 0.391814 1.08817e-11 -5.47942e-07 
1300 0.392814 1.08255e-11 -5.49963e-07 
1301 0.393819 1.07681e-11 -5.51905e-07 
1302 0.394829 1.07094e-11 -5.53768e-07 
1303 0.395843 1.06496e-11 -5.55551e-07 
1304 0.396862 1.05887e-11 -5.57252e-07 
1305 0.397885 1.05266e-11 -5.58872e-07 
1306 0.398912 1.04635e-11 -5.6041e-07 
1307 0.399944 1.03992e-11 -5.61865e-07 
1308 0.400979 1.0334e-11 -5.63237e-07 
1309 0.402018 1.02677e-11 -5.64524e-07 
1310 0.403061 1.02004e-11 -5.65727e-07 
1311 0.404106 1.01321e-11 -5.66845e-07 
1312 0.405155 1.00629e-11 -5.67876e-07 
1313 0.406207 9.99278e-12 -5.68821e-07 
1314 0.407262 9.92177e-12 -5.69679e-07 
1315 0.408319 9.84991e-12 -5.70449e-07 
1316 0.409379 9.77721e-12 -5.7113e-07 
1317 0.410441 9.7037e-12 -5.71722e-07 
1318 0.411505 9.62942e-12 -5.72224e-07 
1319 0.412571 9.55438e-12 -5.72636e-07 
1320 0.413639 9.47862e-12 -5.72957e-07 
1321 0.414708 9.40217e-12 -5.73185e-07 
1322 0.415778 9.32505e-12 -5.73322e-07 
1323 0.41685 9.24729e-12 -5.73365e-07 
1324 0.417923 9.16892e-12 -5.73314e-07 
1325 0.418996 9.08997e-12 -5.73169e-07 
1326 0.42007 9.01047e-12 -5.72928e-07 
1327 0.421145 8.93044e-12 -5.72592e-07 
1328 0.422219 8.84992e-12 -5.72159e-07 
1329 0.423294 8.76894e-12 -5.71629e-07 
1330 0.424368 8.68753e-12 -5.71001e-07 
1331 0.425442 8.6057e-12 -5.70275e-07 
1332 0.426515 8.52351e-12 -5.69449e-07 
1333 0.427588 8.44097e-12 -5.68524e-07 
1334 0.42866 8.35812e-12 -5.67498e-07 
1335 0.42973 8.27498e-12 -5.6637e-07 
1336 0.430799 8.19159e-12 -5.65141e-07 
1337 0.431867 8.10798e-12 -5.63809e-07 
1338 0.432932 8.02419e-12 -5.62374e-07 
1339 0.433996 7.94023e-12 -5.60834e-07 
1340 0.435057 7.85614e-12 -5.5919e-07 
1341 0.436116 7.77197e-12 -5.5744e-07 
1342 0.437173 7.68772e-12 -5.55584e-07 
1343 0.438226 7.60345e-12 -5.53621e-07 
1344 0.439277 7.51918e-12 -5.51551e-07 
1345 0.440324 7.43494e-12 -5.49372e-07 
1346 0.441368 7.35077e-12 -5.47085e-07 
1347 0.442408 7.26669e-12 -5.44687e-07 
1348 0.443444 7.18275e-12 -5.42179e-07 
1349 0.444476 7.09898e-12 -5.3956e-07 
1350 0.445503 7.0154e-12 -5.36829e-07 
1351 0.446526 6.93206e-12 -5.33986e-07 
1352 0.447545 6.84896e-12 -5.31031e-07 
1353 0.448558 6.76612e-12 -5.27966e-07 
1354 0.449566 6.68357e-12 -5.2479e-07 
1355 0.450569 6.60131e-12 -5.21506e-07 
1356 0.451566 6.51936e-12 -5.18115e-07 
1357 0.452558 6.43774e-12 -5.14616e-07 
1358 0.453543 6.35646e-12 -5.11012e-07 
1359 0.454522 6.27553e-12 -5.07303e-07 
1360 0.455495 6.19499e-12 -5.03491e-07 
1361 0.456461 6.11483e-12 -4.99576e-07 
1362 0.45742 6.03508e-12 -4.9556e-07 
1363 0.458372 5.95575e-12 -4.91443e-07 
1364 0.459317 5.87686e-12 -4.87227e-07 
1365 0.460254 5.79843e-12 -4.82912e-07 
1366 0.461184 5.72047e-12 -4.785e-07 
1367 0.462105 5.643e-12 -4.73992e-07 
1368 0.463019 5.56603e-12 -4.69389e-07 
1369 0.463924 5.48959e-12 -4.64692e-07 
1370 0.46482 5.41368e-12 -4.59902e-07 
1371 0.465708 5.33834e-12 -4.5502e-07 
1372 0.466586 5.26356e-12 -4.50048e-07 
1373 0.467456 5.18938e-12 -4.44986e-07 
1374 0.468315 5.1158e-12 -4.39836e-07 
1375 0.469165 5.04285e-12 -4.34598e-07 
1376 0.470005 4.97055e-12 -4.29275e-07 
1377 0.470835 4.8989e-12 -4.23867e-07 
1378 0.471654 4.82793e-12 -4.18375e-07 
1379 0.472463 4.75766e-12 -4.128e-07 
1380 0.473261 4.68809e-12 -4.07145e-07 
1381 0.474047 4.61926e-12 -4.01409e-07 
1382 0.474823 4.55118e-12 -3.95594e-07 
1383 0.475586 4.48387e-12 -3.89702e-07 
1384 0.476338 4.41734e-12 -3.83733e-07 
1385 0.477078 4.35161e-12 -3.77689e-07 
1386 0.477805 4.28671e-12 -3.71571e-07 
1387 0.47852 4.22264e-12 -3.6538e-07 
1388 0.479222 4.15944e-12 -3.59118e-07 
1389 0.47991 4.09711e-12 -3.52786e-07 
1390 0.480586 4.03568e-12 -3.46385e-07 
1391 0.481248 3.97516e-12 -3.39916e-07 
1392 0.481896 3.91557e-12 -3.33381e-07 
1393 0.48253 3.85694e-12 -3.26781e-07 
1394 0.48315 3.79927e-12 -3.20117e-07 
1395 0.483755 3.7426e-12 -3.13391e-07 
1396 0.484345 3.68693e-12 -3.06603e-07 
1397 0.484921 3.6323e-12 -2.99756e-07 
1398 0.485481 3.57871e-12 -2.92851e-07 
1399 0.486025 3.52619e-12 -2.85888e-07 
1400 0.486554 3.47476e-12 -2.7887e-07 
1401 0.487066 3.42443e-12 -2.71798e-07 
1402 0.487562 3.3752e-12 -2.64673e-07 
1403 0.488042 3.32706e-12 -2.57496e-07 
1404 0.488506 3.28002e-12 -2.5027e-07 
1405 0.488953 3.23406e-12 -2.42996e-07 
1406 0.489383 3.18919e-12 -2.35676e-07 
1407 0.489797 3.14539e-12 -2.28311e-07 
1408 0.490193 3.10266e-12 -2.20902e-07 
1409 0.490573 3.061e-12 -2.13452e-07 
1410 0.490935 3.02039e-12 -2.05962e-07 
1411 0.491281 2.98084e-12 -1.98434e-07 
1412 0.491609 2.94233e-12 -1.90869e-07 
1413 0.491919 2.90487e-12 -1.83269e-07 
1414 0.492212 2.86845e-12 -1.75636e-07 
1415 0.492487 2.83306e-12 -1.67971e-07 
1416 0.492745 2.79869e-12 -1.60276e-07 
1417 0.492984 2.76535e-12 -1.52553e-07 
1418 0.493206 2.73302e-12 -1.44803e-07 
1419 0.493409 2.70169e-12 -1.37029e-07 
1420 0.493594 2.67137e-12 -1.29231e-07 
1421 0.493761 2.64204e-12 -1.21412e-07 
1422 0.493909 2.61371e-12 -1.13574e-07 
1423 0.494039 2.58636e-12 -1.05717e-07 
1424 0.49415 2.55998e-12 -9.7845e-08 
1425 0.494241 2.53458e-12 -8.99583e-08 
1426 0.494314 2.51015e-12 -8.20591e-08 
1427 0.494368 2.48667e-12 -7.41491e-08 
1428 0.494403 2.46414e-12 -6.62303e-08 
1429 0.494418 2.44257e-12 -5.83044e-08 
1430 0.494414 2.42193e-12 -5.03733e-08 
1431 0.49439 2.40222e-12 -4.24388e-08 
1432 0.494347 2.38344e-12 -3.45027e-08 
1433 0.494283 2.36559e-12 -2.6567e-08 
1434 0.4942 2.34864e-12 -1.86334e-08 
1435 0.494097 2.3326e-12 -1.07039e-08 
1436 0.493973 2.31746e-12 -2.78038e-09 
1437 0.493829 2.30322e-12 5.13527e-09 
1438 0.493665 2.28986e-12 1.30412e-08 
1439 0.49348 2.27737e-12 2.09353e-08 
1440 0.493275 2.26576e-12 2.88159e-08 
1441 0.493048 2.25502e-12 3.66809e-08 
1442 0.492801 2.24513e-12 4.45283e-08 
1443 0.492533 2.2361e-12 5.23563e-08 
1444 0.492243 2.2279e-12 6.01628e-08 
1445 0.491932 2.22055e-12 6.79458e-08 
1446 0.4916 2.21402e-12 7.57034e-08 
1447 0.491246 2.20831e-12 8.34336e-08 
1448 0.49087 2.20342e-12 9.11342e-08 
1449 0.490473 2.19933e-12 9.88034e-08 
1450 0.490053 2.19604e-12 1.06439e-07 
1451 0.489612 2.19355e-12 1.14039e-07 
1452 0.489149 2.19183e-12 1.21603e-07 
1453 0.488664 2.19087e-12 1.2913e-07 
1454 0.488157 2.19067e-12 1.36619e-07 
1455 0.487629 2.19121e-12 1.44069e-07 
1456 0.487079 2.19248e-12 1.5148e-07 
1457 0.486509 2.19447e-12 1.5885e-07 
1458 0.485918 2.19715e-12 1.6618e-07 
1459 0.485306 2.20053e-12 1.73467e-07 
1460 0.484674 2.20458e-12 1.80712e-07 
1461 0.484021 2.2093e-12 1.87913e-07 
1462 0.483348 2.21466e-12 1.9507e-07 
1463 0.482655 2.22067e-12 2.02182e-07 
1464 0.481943 2.22729e-12 2.09248e-07 
1465 0.48121 2.23453e-12 2.16267e-07 
1466 0.480459 2.24236e-12 2.23238e-07 
1467 0.479688 2.25078e-12 2.30162e-07 
1468 0.478898 2.25976e-12 2.37035e-07 
1469 0.478089 2.2693e-12 2.43859e-07 
1470 0.477262 2.27938e-12 2.50632e-07 
1471 0.476416 2.28999e-12 2.57353e-07 
1472 0.475552 2.30111e-12 2.64021e-07 
1473 0.47467 2.31272e-12 2.70636e-07 
1474 0.473771 2.32483e-12 2.77197e-07 
1475 0.472853 2.3374e-12 2.83702e-07 
1476 0.471918 2.35043e-12 2.90152e-07 
1477 0.470966 2.3639e-12 2.96544e-07 
1478 0.469997 2.3778e-12 3.02879e-07 
1479 0.46901 2.39211e-12 3.09155e-07 
1480 0.468008 2.40682e-12 3.15371e-07 
1481 0.466989 2.42191e-12 3.21527e-07 
1482 0.465953 2.43737e-12 3.27622e-07 
1483 0.464902 2.45318e-12 3.33655e-07 
1484 0.463835 2.46933e-12 3.39624e-07 
1485 0.462752 2.4858e-12 3.4553e-07 
1486 0.461654 2.50257e-12 3.51371e-07 
1487 0.460541 2.51964e-12 3.57146e-07 
1488 0.459413 2.53699e-12 3.62854e-07 
1489 0.45827 2.55459e-12 3.68495e-07 
1490 0.457112 2.57244e-12 3.74067e-07 
1491 0.455941 2.59052e-12 3.7957e-07 
1492 0.454755 2.60882e-12 3.85002e-07 
1493 0.453556 2.62731e-12 3.90364e-07 
1494 0.452343 2.64598e-12 3.95653e-07 
1495 0.451116 2.66482e-12 4.00869e-07 
1496 0.449877 2.68381e-12 4.06011e-07 
1497 0.448624 2.70293e-12 4.11078e-07 
1498 0.447359 2.72217e-12 4.16069e-07 
1499 0.446081 2.74151e-12 4.20984e-07 
1500 0.444792 2.76093e-12 4.2582e-07 
1501 0.44349 2.78042e-12 4.30578e-07 
1502 0.442176 2.79997e-12 4.35257e-07 
1503 0.440851 2.81957e-12 4.39857e-07 
1504 0.439514 2.8392e-12 4.44377e-07 
1505 0.438166 2.85886e-12 4.48818e-07 
1506 0.436807 2.87855e-12 4.5318e-07 
1507 0.435436 2.89823e-12 4.57461e-07 
1508 0.434055 2.91792e-12 4.61662e-07 
1509 0.432663 2.9376e-12 4.65783e-07 
1510 0.43126 2.95725e-12 4.69823e-07 
1511 0.429847 2.97687e-12 4.73783e-07 
1512 0.428424 2.99645e-12 4.77662e-07 
1513 0.42699 3.01597e-12 4.8146e-07 
1514 0.425547 3.03543e-12 4.85176e-07 
1515 0.424094 3.05482e-12 4.88812e-07 
1516 0.422631 3.07412e-12 4.92365e-07 
1517 0.421159 3.09333e-12 4.95837e-07 
1518 0.419677 3.11243e-12 4.99226e-07 
1519 0.418187 3.13142e-12 5.02534e-07 
1520 0.416687 3.15028e-12 5.05759e-07 
1521 0.415179 3.169e-12 5.08901e-07 
1522 0.413662 3.18757e-12 5.11961e-07 
1523 0.412136 3.20599e-12 5.14938e-07 
1524 0.410602 3.22423e-12 5.17831e-07 
1525 0.409061 3.2423e-12 5.20641e-07 
1526 0.407511 3.26017e-12 5.23368e-07 
1527 0.405953 3.27783e-12 5.26011e-07 
1528 0.404388 3.29529e-12 5.2857e-07 
1529 0.402816 3.31252e-12 5.31045e-07 
1530 0.401236 3.32951e-12 5.33436e-07 
1531 0.399649 3.34625e-12 5.35743e-07 
1532 0.398055 3.36273e-12 5.37964e-07 
1533 0.396455 3.37895e-12 5.40101e-07 
1534 0.394848 3.39488e-12 5.42153e-07 
1535 0.393235 3.41051e-12 5.4412e-07 
1536 0.391616 3.42585e-12 5.46001e-07 
1537 0.38999 3.44086e-12 5.47797e-07 
1538 0.388359 3.45555e-12 5.49507e-07 
1539 0.386723 3.46989e-12 5.51131e-07 
1540 0.385081 3.48388e-12 5.5267e-07 
1541 0.383433 3.49751e-12 5.54121e-07 
1542 0.381781 3.51077e-12 5.55487e-07 
1543 0.380124 3.52363e-12 5.56766e-07 
1544 0.378462 3.5361e-12 5.57958e-07 
1545 0.376796 3.54815e-12 5.59063e-07 
1546 0.375125 3.55978e-12 5.6008e-07 
1547 0.373451 3.57097e-12 5.61011e-07 
1548 0.371772 3.58171e-12 5.61854e-07 
1549 0.37009 3.592e-12 5.62609e-07 
1550 0.368405 3.6018e-12 5.63277e-07 
1551 0.366716 3.61113e-12 5.63856e-07 
1552 0.365024 3.61997e-12 5.64348e-07 
1553 0.363329 3.62833e-12 5.64754e-07 
1554 0.361631 3.6362e-12 5.65074e-07 
1555 0.35993 3.64359e-12 5.65308e-07 
1556 0.358227 3.6505e-12 5.65458e-07 
1557 0.356522 3.65693e-12 5.65525e-07 
1558 0.354814 3.66288e-12 5.65508e-07 
1559 0.353104 3.66835e-12 5.6541e-07 
1560 0.351392 3.67334e-12 5.6523e-07 
1561 0.349678 3.67785e-12 5.64969e-07 
1562 0.347962 3.68189e-12 5.64629e-07 
1563 0.346245 3.68545e-12 5.64209e-07 
1564 0.344526 3.68853e-12 5.63711e-07 
1565 0.342806 3.69114e-12 5.63136e-07 
1566 0.341085 3.69328e-12 5.62484e-07 
1567 0.339363 3.69495e-12 5.61755e-07 
1568 0.33764 3.69614e-12 5.60952e-07 
1569 0.335916 3.69687e-12 5.60074e-07 
1570 0.334192 3.69713e-12 5.59123e-07 
1571 0.332467 3.69691e-12 5.58099e-07 
1572 0.330742 3.69624e-12 5.57004e-07 
1573 0.329017 3.69509e-12 5.55837e-07 
1574 0.327292 3.69348e-12 5.546e-07 
1575 0.325567 3.69141e-12 5.53293e-07 
1576 0.323843 3.68887e-12 5.51918e-07 
1577 0.322119 3.68587e-12 5.50475e-07 
1578 0.320396 3.68241e-12 5.48966e-07 
1579 0.318673 3.67849e-12 5.4739e-07 
1580 0.316952 3.67411e-12 5.45749e-07 
1581 0.315232 3.66927e-12 5.44044e-07 
1582 0.313513 3.66398e-12 5.42276e-07 
1583 0.311795 3.65823e-12 5.40445e-07 
1584 0.310079 3.65203e-12 5.38552e-07 
1585 0.308365 3.64537e-12 5.36598e-07 
1586 0.306653 3.63827e-12 5.34585e-07 
1587 0.304943 3.63071e-12 5.32513e-07 
1588 0.303235 3.6227e-12 5.30383e-07 
1589 0.30153 3.61425e-12 5.28195e-07 
1590 0.299827 3.60534e-12 5.25951e-07 
1591 0.298127 3.59599e-12 5.23652e-07 
1592 0.29643 3.5862e-12 5.21299e-07 
1593 0.294736 3.57596e-12 5.18892e-07 
1594 0.293045 3.56528e-12 5.16433e-07 
1595 0.291358 3.55416e-12 5.13922e-07 
1596 0.289674 3.5426e-12 5.1136e-07 
1597 0.287995 3.5306e-12 5.08749e-07 
1598 0.286319 3.51817e-12 5.06089e-07 
1599 0.284647 3.5053e-12 5.03381e-07 
1600 0.282979 3.49199e-12 5.00627e-07 
1601 0.281316 3.47826e-12 4.97826e-07 
1602 0.279657 3.4641e-12 4.94981e-07 
1603 0.278003 3.44952e-12 4.92092e-07 
1604 0.276354 3.43453e-12 4.8916e-07 
1605 0.27471 3.41914e-12 4.86186e-07 
1606 0.27307 3.40335e-12 4.83172e-07 
1607 0.271436 3.38718e-12 4.80117e-07 
1608 0.269806 3.37063e-12 4.77024e-07 
1609 0.268182 3.35371e-12 4.73892e-07 
1610 0.266562 3.33643e-12 4.70724e-07 
1611 0.264949 3.3188e-12 4.6752e-07 
1612 0.26334 3.30082e-12 4.64281e-07 
1613 0.261737 3.2825e-12 4.61009e-07 
1614 0.26014 3.26385e-12 4.57703e-07 
1615 0.258548 3.24488e-12 4.54366e-07 
1616 0.256962 3.2256e-12 4.50999e-07 
1617 0.255382 3.20602e-12 4.47601e-07 
1618 0.253808 3.18614e-12 4.44176e-07 
1619 0.25224 3.16597e-12 4.40722e-07 
1620 0.250678 3.14552e-12 4.37243e-07 
1621 0.249122 3.1248e-12 4.33738e-07 
1622 0.247572 3.10382e-12 4.30209e-07 
1623 0.246029 3.08259e-12 4.26657e-07 
1624 0.244493 3.06111e-12 4.23082e-07 
1625 0.242963 3.0394e-12 4.19487e-07 
1626 0.241439 3.01746e-12 4.15872e-07 
1627 0.239923 2.9953e-12 4.12238e-07 
1628 0.238413 2.97294e-12 4.08587e-07 
1629 0.23691 2.95037e-12 4.04919e-07 
1630 0.235414 2.92761e-12 4.01236e-07 
1631 0.233926 2.90467e-12 3.97538e-07 
1632 0.232444 2.88156e-12 3.93828e-07 
1633 0.23097 2.85828e-12 3.90105e-07 
1634 0.229504 2.83485e-12 3.86372e-07 
1635 0.228045 2.81127e-12 3.82629e-07 
1636 0.226593 2.78755e-12 3.78878e-07 
1637 0.225149 2.76371e-12 3.75119e-07 
1638 0.223713 2.73975e-12 3.71354e-07 
1639 0.222285 2.71568e-12 3.67585e-07 
1640 0.220865 2.69151e-12 3.63811e-07 
1641 0.219453 2.66725e-12 3.60035e-07 
1642 0.218049 2.64292e-12 3.56258e-07 
1643 0.216654 2.61851e-12 3.5248e-07 
1644 0.215267 2.59404e-12 3.48704e-07 
1645 0.213888 2.56952e-12 3.4493e-07 
1646 0.212518 2.54496e-12 3.41159e-07 
1647 0.211157 2.52037e-12 3.37393e-07 
1648 0.209804 2.49575e-12 3.33633e-07 
1649 0.208461 2.47112e-12 3.2988e-07 
1650 0.207126 2.44649e-12 3.26135e-07 
1651 0.205801 2.42187e-12 3.224e-07 
1652 0.204484 2.39726e-12 3.18675e-07 
1653 0.203177 2.37267e-12 3.14961e-07 
1654 0.201879 2.3481e-12 3.11257e-07 
1655 0.20059 2.32355e-12 3.07564e-07 
1656 0.19931 2.29904e-12 3.03882e-07 
1657 0.198039 2.27456e-12 3.00212e-07 
1658 0.196778 2.25012e-12 2.96555e-07 
1659 0.195526 2.22572e-12 2.92909e-07 
1660 0.194283 2.20137e-12 2.89276e-07 
1661 0.19305 2.17708e-12 2.85657e-07 
1662 0.191825 2.15285e-12 2.82051e-07 
1663 0.190611 2.12868e-12 2.78458e-07 
1664 0.189405 2.10458e-12 2.7488e-07 
1665 0.188209 2.08055e-12 2.71316e-07 
1666 0.187022 2.0566e-12 2.67767e-07 
1667 0.185845 2.03273e-12 2.64233e-07 
1668 0.184677 2.00895e-12 2.60715e-07 
1669 0.183519 1.98526e-12 2.57213e-07 
1670 0.18237 1.96167e-12 2.53727e-07 
1671 0.181231 1.93818e-12 2.50258e-07 
1672 0.180101 1.9148e-12 2.46805e-07 
1673 0.178981 1.89153e-12 2.4337e-07 
1674 0.17787 1.86838e-12 2.39953e-07 
1675 0.176769 1.84535e-12 2.36554e-07 
1676 0.175677 1.82245e-12 2.33173e-07 
1677 0.174595 1.79968e-12 2.29811e-07 
1678 0.173523 1.77705e-12 2.26469e-07 
1679 0.17246 1.75456e-12 2.23146e-07 
1680 0.171407 1.73221e-12 2.19843e-07 
1681 0.170364 1.71002e-12 2.1656e-07 
1682 0.169331 1.68799e-12 2.13298e-07 
1683 0.168307 1.66612e-12 2.10057e-07 
1684 0.167293 1.64442e-12 2.06837e-07 
1685 0.166289 1.62289e-12 2.0364e-07 
1686 0.165294 1.60155e-12 2.00465e-07 
1687 0.16431 1.58038e-12 1.97312e-07 
1688 0.163335 1.55941e-12 1.94182e-07 
1689 0.16237 1.53863e-12 1.91076e-07 
1690 0.161415 1.51805e-12 1.87994e-07 
1691 0.16047 1.49767e-12 1.84935e-07 
1692 0.159534 1.47751e-12 1.81902e-07 
1693 0.158609 1.45756e-12 1.78893e-07 
1694 0.157694 1.43784e-12 1.7591e-07 
1695 0.156788 1.41834e-12 1.72952e-07 
1696 0.155893 1.39907e-12 1.70021e-07 
1697 0.155008 1.38005e-12 1.67116e-07 
1698 0.154132 1.36126e-12 1.64238e-07 
1699 0.153267 1.34273e-12 1.61387e-07 
1700 0.152412 1.32445e-12 1.58565e-07 
1701 0.151567 1.30643e-12 1.5577e-07 
1702 0.150731 1.28867e-12 1.53004e-07 
1703 0.149906 1.27117e-12 1.50265e-07 
1704 0.149091 1.25393e-12 1.47554e-07 
1705 0.148286 1.23695e-12 1.44871e-07 
1706 0.14749 1.22023e-12 1.42215e-07 
1707 0.146704 1.20377e-12 1.39586e-07 
1708 0.145928 1.18758e-12 1.36985e-07 
1709 0.145161 1.17164e-12 1.3441e-07 
1710 0.144404 1.15597e-12 1.31862e-07 
1711 0.143657 1.14055e-12 1.29341e-07 
1712 0.142919 1.1254e-12 1.26847e-07 
1713 0.14219 1.11051e-12 1.24379e-07 
1714 0.141471 1.09587e-12 1.21937e-07 
1715 0.140761 1.0815e-12 1.19521e-07 
1716 0.14006 1.06739e-12 1.17131e-07 
1717 0.139368 1.05354e-12 1.14766e-07 
1718 0.138686 1.03995e-12 1.12427e-07 
1719 0.138012 1.02662e-12 1.10114e-07 
1720 0.137348 1.01356e-12 1.07825e-07 
1721 0.136692 1.00075e-12 1.05562e-07 
1722 0.136045 9.88204e-13 1.03324e-07 
1723 0.135407 9.75918e-13 1.0111e-07 
1724 0.134777 9.63893e-13 9.89206e-08 
1725 0.134156 9.52129e-13 9.67557e-08 
1726 0.133544 9.40625e-13 9.4615e-08 
1727 0.13294 9.29381e-13 9.24982e-08 
1728 0.132345 9.18399e-13 9.04053e-08 
1729 0.131758 9.07676e-13 8.8336e-08 
1730 0.131179 8.97214e-13 8.62901e-08 
1731 0.130609 8.87013e-13 8.42676e-08 
1732 0.130047 8.77071e-13 8.22681e-08 
1733 0.129492 8.6739e-13 8.02916e-08 
1734 0.128946 8.57969e-13 7.83377e-08 
1735 0.128408 8.48808e-13 7.64065e-08 
1736 0.127878 8.39907e-13 7.44975e-08 
1737 0.127355 8.31266e-13 7.26108e-08 
1738 0.12684 8.22885e-13 7.0746e-08 
1739 0.126333 8.14764e-13 6.89031e-08 
1740 0.125834 8.06903e-13 6.70817e-08 
1741 0.125342 7.99301e-13 6.52818e-08 
1742 0.124858 7.91958e-13 6.35031e-08 
1743 0.12438 7.84875e-13 6.17454e-08 
1744 0.123911 7.78052e-13 6.00085e-08 
1745 0.123448 7.71487e-13 5.82923e-08 
1746 0.122993 7.65182e-13 5.65965e-08 
1747 0.122544 7.59135e-13 5.49209e-08 
1748 0.122103 7.53348e-13 5.32654e-08 
1749 0.121669 7.47819e-13 5.16297e-08 
1750 0.121241 7.42549e-13 5.00137e-08 
1751 0.120821 7.37537e-13 4.84171e-08 
1752 0.120407 7.32781e-13 4.68397e-08 
1753 0.119999 7.28277e-13 4.52813e-08 
1754 0.119599 7.24023e-13 4.37416e-08 
1755 0.119205 7.20016e-13 4.22206e-08 
1756 0.118817 7.16253e-13 4.07179e-08 
1757 0.118436 7.1273e-13 3.92333e-08 
1758 0.118061 7.09445e-13 3.77666e-08 
1759 0.117693 7.06395e-13 3.63176e-08 
1760 0.117331 7.03576e-13 3.4886e-08 
1761 0.116975 7.00986e-13 3.34717e-08 
1762 0.116626 6.98621e-13 3.20743e-08 
1763 0.116282 6.96479e-13 3.06937e-08 
1764 0.115945 6.94557e-13 2.93297e-08 
1765 0.115613 6.9285e-13 2.7982e-08 
1766 0.115288 6.91356e-13 2.66503e-08 
1767 0.114968 6.90072e-13 2.53344e-08 
1768 0.114655 6.88995e-13 2.40342e-08 
1769 0.114347 6.88121e-13 2.27493e-08 
1770 0.114045 6.87448e-13 2.14796e-08 
1771 0.113748 6.86971e-13 2.02248e-08 
1772 0.113458 6.86688e-13 1.89846e-08 
1773 0.113172 6.86596e-13 1.77588e-08 
1774 0.112893 6.86691e-13 1.65471e-08 
1775 0.112618 6.86969e-13 1.53494e-08 
1776 0.112349 6.87428e-13 1.41654e-08 
1777 0.112085 6.88065e-13 1.29948e-08 
1778 0.111827 6.88875e-13 1.18373e-08 
1779 0.111574 6.89856e-13 1.06928e-08 
1780 0.111326 6.91004e-13 9.56099e-09 
1781 0.111083 6.92315e-13 8.44158e-09 
1782 0.110845 6.93787e-13 7.33435e-09 
1783 0.110611 6.95415e-13 6.23904e-09 
1784 0.110383 6.97197e-13 5.15539e-09 
1785 0.11016 6.99129e-13 4.08315e-09 
1786 0.109941 7.01207e-13 3.02205e-09 
1787 0.109727 7.03428e-13 1.97184e-09 
1788 0.109518 7.05789e-13 9.32257e-10 
1789 0.109313 7.08285e-13 -9.69642e-11 
1790 0.109113 7.10914e-13 -1.11609e-09 
1791 0.108917 7.13671e-13 -2.12537e-09 
1792 0.108725 7.16553e-13 -3.12509e-09 
1793 0.108538 7.19557e-13 -4.11551e-09 
1794 0.108355 7.22678e-13 -5.0969e-09 
1795 0.108176 7.25914e-13 -6.06953e-09 
1796 0.108001 7.2926e-13 -7.03366e-09 
1797 0.10783 7.32713e-13 -7.98958e-09 
1798 0.107663 7.36269e-13 -8.93756e-09 
1799 0.1075 7.39925e-13 -9.87787e-09 
1800 0.107341 7.43676e-13 -1.08108e-08 
1801 0.107186 7.47519e-13 -1.17366e-08 
1802 0.107034 7.51451e-13 -1.26553e-08 
1803 0.106886 7.55468e-13 -1.35669e-08 
1804 0.106742 7.59566e-13 -1.44716e-08 
1805 0.106601 7.63742e-13 -1.53692e-08 
1806 0.106464 7.67993e-13 -1.626e-08 
1807 0.106331 7.72315e-13 -1.71438e-08 
1808 0.106201 7.76704e-13 -1.80208e-08 
1809 0.106075 7.81158e-13 -1.8891e-08 
1810 0.105952 7.85672e-13 -1.97543e-08 
1811 0.105832 7.90242e-13 -2.06109e-08 
1812 0.105717 7.94866e-13 -2.14609e-08 
1813 0.105604 7.9954e-13 -2.23041e-08 
1814 0.105495 8.04259e-13 -2.31407e-08 
1815 0.10539 8.09021e-13 -2.39707e-08 
1816 0.105287 8.13822e-13 -2.47941e-08 
1817 0.105188 8.18658e-13 -2.5611e-08 
1818 0.105093 8.23525e-13 -2.64214e-08 
1819 0.105 8.28419e-13 -2.72254e-08 
1820 0.104911 8.33338e-13 -2.8023e-08 
1821 0.104825 8.38276e-13 -2.88142e-08 
1822 0.104743 8.43231e-13 -2.95991e-08 
1823 0.104663 8.48199e-13 -3.03777e-08 
1824 0.104587 8.53175e-13 -3.11501e-08 
1825 0.104514 8.58157e-13 -3.19162e-08 
1826 0.104443 8.63139e-13 -3.26762e-08 
1827 0.104376 8.68119e-13 -3.34301e-08 
1828 0.104312 8.73092e-13 -3.41779e-08 
1829 0.104251 8.78055e-13 -3.49196e-08 
1830 0.104193 8.83004e-13 -3.56554e-08 
1831 0.104138 8.87934e-13 -3.63852e-08 
1832 0.104085 8.92843e-13 -3.71091e-08 
1833 0.104036 8.97725e-13 -3.78271e-08 
1834 0.103989 9.02577e-13 -3.85394e-08 
1835 0.103946 9.07395e-13 -3.92458e-08 
1836 0.103905 9.12175e-13 -3.99465e-08 
1837 0.103867 9.16912e-13 -4.06415e-08 
1838 0.103831 9.21604e-13 -4.13308e-08 
1839 0.103798 9.26246e-13 -4.20145e-08 
1840 0.103768 9.30833e-13 -4.26927e-08 
1841 0.103741 9.35362e-13 -4.33654e-08 
1842 0.103716 9.39829e-13 -4.40326e-08 
1843 0.103694 9.44229e-13 -4.46944e-08 
1844 0.103674 9.48559e-13 -4.53507e-08 
1845 0.103657 9.52814e-13 -4.60018e-08 
1846 0.103642 9.5699e-13 -4.66476e-08 
1847 0.10363 9.61083e-13 -4.72881e-08 
1848 0.10362 9.65088e-13 -4.79234e-08 
1849 0.103613 9.69002e-13 -4.85536e-08 
1850 0.103607 9.7282e-13 -4.91787e-08 
1851 0.103605 9.76539e-13 -4.97987e-08 
1852 0.103604 9.80156e-13 -5.04136e-08 
1853 0.103606 9.83672e-13 -5.10233e-08 
1854 0.10361 9.87086e-13 -5.16276e-08 
1855 0.103616 9.90396e-13 -5.22265e-08 
1856 0.103625 9.93601e-13 -5.28199e-08 
1857 0.103636 9.96702e-13 -5.34077e-08 
1858 0.103649 9.99696e-13 -5.39898e-08 
1859 0.103664 1.00258e-12 -5.45661e-08 
1860 0.103682 1.00536e-12 -5.51366e-08 
1861 0.103701 1.00804e-12 -5.57011e-08 
1862 0.103723 1.0106e-12 -5.62595e-08 
1863 0.103747 1.01305e-12 -5.68117e-08 
1864 0.103773 1.01539e-12 -5.73577e-08 
1865 0.103801 1.01762e-12 -5.78974e-08 
1866 0.103831 1.01973e-12 -5.84306e-08 
1867 0.103863 1.02173e-12 -5.89572e-08 
1868 0.103898 1.02362e-12 -5.94773e-08 
1869 0.103934 1.02539e-12 -5.99906e-08 
1870 0.103973 1.02705e-12 -6.04971e-08 
1871 0.104013 1.02858e-12 -6.09966e-08 
1872 0.104055 1.03e-12 -6.14892e-08 
1873 0.1041 1.0313e-12 -6.19746e-08 
1874 0.104146 1.03248e-12 -6.24528e-08 
1875 0.104194 1.03354e-12 -6.29237e-08 
1876 0.104244 1.03448e-12 -6.33871e-08 
1877 0.104297 1.03529e-12 -6.38431e-08 
1878 0.104351 1.03599e-12 -6.42915e-08 
1879 0.104406 1.03655e-12 -6.47321e-08 
1880 0.104464 1.03699e-12 -6.51649e-08 
1881 0.104524 1.03731e-12 -6.55899e-08 
1882 0.104585 1.03749e-12 -6.60068e-08 
1883 0.104648 1.03755e-12 -6.64156e-08 
1884 0.104713 1.03748e-12 -6.68162e-08 
1885 0.10478 1.03728e-12 -6.72084e-08 
1886 0.104848 1.03695e-12 -6.75923e-08 
1887 0.104918 1.03649e-12 -6.79676e-08 
1888 0.10499 1.03589e-12 -6.83344e-08 
1889 0.105064 1.03516e-12 -6.86923e-08 
1890 0.105139 1.03429e-12 -6.90415e-08 
1891 0.105216 1.03329e-12 -6.93818e-08 
1892 0.105295 1.03215e-12 -6.9713e-08 
1893 0.105375 1.03088e-12 -7.0035e-08 
1894 0.105456 1.02947e-12 -7.03478e-08 
1895 0.10554 1.02791e-12 -7.06513e-08 
1896 0.105625 1.02622e-12 -7.09453e-08 
1897 0.105711 1.02438e-12 -7.12298e-08 
1898 0.105799 1.02241e-12 -7.15046e-08 
1899 0.105889 1.02028e-12 -7.17696e-08 
1900 0.105979 1.01802e-12 -7.20248e-08 
1901 0.106072 1.01561e-12 -7.22699e-08 
1902 0.106166 1.01306e-12 -7.25051e-08 
1903 0.106261 1.01036e-12 -7.27302e-08 
1904 0.106357 1.00753e-12 -7.29453e-08 
1905 0.106455 1.00457e-12 -7.31502e-08 
1906 0.106554 1.00147e-12 -7.33451e-08 
1907 0.106655 9.9824e-13 -7.35297e-08 
1908 0.106756 9.94885e-13 -7.37043e-08 
1909 0.106859 9.91405e-13 -7.38686e-08 
1910 0.106963 9.87803e-13 -7.40226e-08 
1911 0.107067 9.84082e-13 -7.41664e-08 
1912 0.107173 9.80244e-13 -7.42999e-08 
1913 0.10728 9.76292e-13 -7.44232e-08 
1914 0.107387 9.72229e-13 -7.4536e-08 
1915 0.107496 9.68057e-13 -7.46385e-08 
1916 0.107605 9.63779e-13 -7.47306e-08 
1917 0.107715 9.59398e-13 -7.48123e-08 
1918 0.107826 9.54917e-13 -7.48835e-08 
1919 0.107937 9.50338e-13 -7.49442e-08 
1920 0.108049 9.45664e-13 -7.49944e-08 
1921 0.108162 9.40898e-13 -7.50341e-08 
1922 0.108275 9.36042e-13 -7.50632e-08 
1923 0.108389 9.311e-13 -7.50818e-08 
1924 0.108503 9.26074e-13 -7.50897e-08 
1925 0.108618 9.20967e-13 -7.50869e-08 
1926 0.108733 9.15782e-13 -7.50735e-08 
1927 0.108848 9.10522e-13 -7.50494e-08 
1928 0.108964 9.0519e-13 -7.50146e-08 
1929 0.10908 8.99788e-13 -7.4969e-08 
1930 0.109196 8.94319e-13 -7.49126e-08 
1931 0.109312 8.88787e-13 -7.48454e-08 
1932 0.109428 8.83194e-13 -7.47673e-08 
1933 0.109545 8.77542e-13 -7.46784e-08 
1934 0.109661 8.71836e-13 -7.45786e-08 
1935 0.109777 8.66078e-13 -7.44678e-08 
1936 0.109893 8.60271e-13 -7.43461e-08 
1937 0.110009 8.54418e-13 -7.42135e-08 
1938 0.110125 8.48522e-13 -7.40698e-08 
1939 0.11024 8.42585e-13 -7.39151e-08 
1940 0.110356 8.36612e-13 -7.37493e-08 
1941 0.11047 8.30605e-13 -7.35724e-08 
1942 0.110585 8.24566e-13 -7.33844e-08 
1943 0.110699 8.185e-13 -7.31853e-08 
1944 0.110812 8.12408e-13 -7.29749e-08 
1945 0.110925 8.06295e-13 -7.27534e-08 
1946 0.111038 8.00163e-13 -7.25207e-08 
1947 0.111149 7.94016e-13 -7.22766e-08 
1948 0.11126 7.87856e-13 -7.20213e-08 
1949 0.111371 7.81687e-13 -7.17547e-08 
1950 0.11148 7.75511e-13 -7.14767e-08 
1951 0.111589 7.69332e-13 -7.11874e-08 
1952 0.111697 7.63149e-13 -7.08869e-08 
1953 0.111804 7.56963e-13 -7.05754e-08 
1954 0.11191 7.50773e-13 -7.02531e-08 
1955 0.112015 7.4458e-13 -6.99201e-08 
1956 0.11212 7.38382e-13 -6.95767e-08 
1957 0.112223 7.3218e-13 -6.9223e-08 
1958 0.112327 7.25974e-13 -6.88591e-08 
1959 0.112429 7.19763e-13 -6.84854e-08 
1960 0.112531 7.13547e-13 -6.8102e-08 
1961 0.112632 7.07326e-13 -6.7709e-08 
1962 0.112732 7.011e-13 -6.73067e-08 
1963 0.112831 6.94868e-13 -6.68953e-08 
1964 0.11293 6.88631e-13 -6.64749e-08 
1965 0.113029 6.82387e-13 -6.60457e-08 
1966 0.113126 6.76138e-13 -6.5608e-08 
1967 0.113224 6.69882e-13 -6.51618e-08 
1968 0.11332 6.6362e-13 -6.47075e-08 
1969 0.113416 6.57351e-13 -6.42452e-08 
1970 0.113511 6.51075e-13 -6.37751e-08 
1971 0.113606 6.44792e-13 -6.32974e-08 
1972 0.113701 6.38502e-13 -6.28123e-08 
1973 0.113795 6.32204e-13 -6.232e-08 
1974 0.113888 6.25898e-13 -6.18207e-08 
1975 0.113981 6.19585e-13 -6.13145e-08 
1976 0.114073 6.13263e-13 -6.08018e-08 
1977 0.114165 6.06932e-13 -6.02827e-08 
1978 0.114257 6.00593e-13 -5.97574e-08 
1979 0.114348 5.94246e-13 -5.92261e-08 
1980 0.114439 5.87889e-13 -5.8689e-08 
1981 0.11453 5.81523e-13 -5.81463e-08 
1982 0.11462 5.75147e-13 -5.75982e-08 
1983 0.11471 5.68762e-13 -5.7045e-08 
1984 0.114799 5.62366e-13 -5.64868e-08 
1985 0.114888 5.55961e-13 -5.59238e-08 
1986 0.114977 5.49545e-13 -5.53563e-08 
1987 0.115066 5.43118e-13 -5.47845e-08 
1988 0.115154 5.36681e-13 -5.42086e-08 
1989 0.115243 5.30232e-13 -5.36287e-08 
1990 0.115331 5.23773e-13 -5.30452e-08 
1991 0.115418 5.17301e-13 -5.24581e-08 
1992 0.115506 5.10818e-13 -5.18678e-08 
1993 0.115594 5.04323e-13 -5.12745e-08 
1994 0.115681 4.97816e-13 -5.06783e-08 
1995 0.115768 4.91296e-13 -5.00795e-08 
1996 0.115855 4.84763e-13 -4.94783e-08 
1997 0.115942 4.78218e-13 -4.8875e-08 
1998 0.11603 4.71659e-13 -4.82697e-08 
1999 0.116117 4.65087e-13 -4.76626e-08 
2000 0.116204 4.58502e-13 -4.7054e-08 
