0.0154899
7.46269e-05 315.651 
7.49975e-05 317.163 
7.537e-05 318.682 
7.57443e-05 320.209 
7.61205e-05 321.743 
7.64985e-05 323.284 
7.68785e-05 324.833 
7.72603e-05 326.389 
7.7644e-05 327.952 
7.80296e-05 329.523 
7.84172e-05 331.102 
7.88066e-05 332.688 
7.9198e-05 334.282 
7.95914e-05 335.883 
7.99866e-05 337.492 
8.03839e-05 339.108 
8.07831e-05 340.733 
8.11843e-05 342.365 
8.15875e-05 344.005 
8.19927e-05 345.653 
8.24e-05 347.308 
8.28092e-05 348.972 
8.32205e-05 350.644 
8.36338e-05 352.323 
8.40492e-05 354.011 
8.44666e-05 355.706 
8.48861e-05 357.41 
8.53077e-05 359.122 
8.57314e-05 360.842 
8.61572e-05 362.571 
8.65851e-05 364.307 
8.70151e-05 366.052 
8.74472e-05 367.806 
8.78815e-05 369.567 
8.8318e-05 371.337 
8.87566e-05 373.116 
8.91975e-05 374.903 
8.96405e-05 376.699 
9.00857e-05 378.503 
9.05331e-05 380.316 
9.09827e-05 382.137 
9.14346e-05 383.968 
9.18887e-05 385.807 
9.2345e-05 387.654 
9.28037e-05 389.511 
9.32646e-05 391.377 
9.37278e-05 393.251 
9.41933e-05 395.135 
9.46611e-05 397.027 
9.51312e-05 398.928 
9.56037e-05 400.839 
9.60785e-05 402.759 
9.65557e-05 404.688 
9.70352e-05 406.626 
9.75172e-05 408.573 
9.80015e-05 410.53 
9.84882e-05 412.496 
9.89774e-05 414.471 
9.94689e-05 416.456 
9.99629e-05 418.451 
0.000100459 420.455 
0.000100958 422.468 
0.00010146 424.491 
0.000101964 426.524 
0.00010247 428.567 
0.000102979 430.619 
0.00010349 432.681 
0.000104004 434.753 
0.000104521 436.835 
0.00010504 438.927 
0.000105562 441.029 
0.000106086 443.141 
0.000106613 445.263 
0.000107142 447.395 
0.000107675 449.537 
0.000108209 451.69 
0.000108747 453.853 
0.000109287 456.026 
0.00010983 458.21 
0.000110375 460.404 
0.000110923 462.608 
0.000111474 464.823 
0.000112028 467.049 
0.000112584 469.285 
0.000113143 471.532 
0.000113705 473.79 
0.00011427 476.058 
0.000114837 478.338 
0.000115408 480.628 
0.000115981 482.929 
0.000116557 485.241 
0.000117136 487.565 
0.000117718 489.899 
0.000118302 492.244 
0.00011889 494.601 
0.00011948 496.969 
0.000120074 499.348 
0.00012067 501.739 
0.000121269 504.141 
0.000121872 506.555 
0.000122477 508.98 
0.000123085 511.416 
0.000123697 513.865 
0.000124311 516.325 
0.000124928 518.796 
0.000125549 521.28 
0.000126172 523.775 
0.000126799 526.283 
0.000127429 528.802 
0.000128062 531.333 
0.000128698 533.877 
0.000129337 536.432 
0.000129979 539 
0.000130625 541.58 
0.000131273 544.173 
0.000131925 546.777 
0.000132581 549.395 
0.000133239 552.024 
0.000133901 554.667 
0.000134566 557.321 
0.000135234 559.989 
0.000135906 562.669 
0.000136581 565.362 
0.000137259 568.068 
0.000137941 570.787 
0.000138626 573.519 
0.000139314 576.264 
0.000140006 579.022 
0.000140702 581.793 
0.0001414 584.577 
0.000142103 587.375 
0.000142808 590.186 
0.000143518 593.01 
0.00014423 595.848 
0.000144947 598.7 
0.000145667 601.565 
0.00014639 604.443 
0.000147117 607.336 
0.000147848 610.242 
0.000148582 613.162 
0.00014932 616.096 
0.000150062 619.044 
0.000150807 622.006 
0.000151556 624.982 
0.000152309 627.973 
0.000153065 630.978 
0.000153825 633.997 
0.000154589 637.03 
0.000155357 640.078 
0.000156129 643.14 
0.000156904 646.217 
0.000157683 649.309 
0.000158466 652.416 
0.000159253 655.537 
0.000160044 658.673 
0.000160839 661.824 
0.000161638 664.99 
0.000162441 668.171 
0.000163248 671.368 
0.000164058 674.579 
0.000164873 677.806 
0.000165692 681.048 
0.000166515 684.306 
0.000167342 687.579 
0.000168173 690.868 
0.000169008 694.173 
0.000169848 697.493 
0.000170691 700.829 
0.000171539 704.181 
0.000172391 707.549 
0.000173247 710.933 
0.000174107 714.333 
0.000174972 717.75 
0.000175841 721.182 
0.000176714 724.631 
0.000177592 728.097 
0.000178474 731.578 
0.00017936 735.077 
0.000180251 738.592 
0.000181147 742.124 
0.000182046 745.673 
0.00018295 749.238 
0.000183859 752.821 
0.000184772 756.42 
0.00018569 760.037 
0.000186612 763.671 
0.000187539 767.322 
0.00018847 770.991 
0.000189406 774.677 
0.000190347 778.38 
0.000191292 782.102 
0.000192242 785.841 
0.000193197 789.597 
0.000194157 793.372 
0.000195121 797.164 
0.00019609 800.975 
0.000197064 804.804 
0.000198043 808.651 
0.000199026 812.516 
0.000200015 816.399 
0.000201008 820.301 
0.000202006 824.222 
0.00020301 828.161 
0.000204018 832.119 
0.000205031 836.096 
0.000206049 840.092 
0.000207073 844.106 
0.000208101 848.14 
0.000209135 852.193 
0.000210173 856.265 
0.000211217 860.357 
0.000212266 864.468 
0.00021332 868.598 
0.00021438 872.748 
0.000215445 876.918 
0.000216515 881.108 
0.00021759 885.317 
0.000218671 889.547 
0.000219757 893.797 
0.000220848 898.066 
0.000221945 902.356 
0.000223047 906.667 
0.000224155 910.998 
0.000225268 915.349 
0.000226387 919.721 
0.000227511 924.114 
0.000228641 928.528 
0.000229777 932.962 
0.000230918 937.418 
0.000232065 941.895 
0.000233217 946.393 
0.000234376 950.912 
0.00023554 955.453 
0.00023671 960.015 
0.000237885 964.599 
0.000239067 969.205 
0.000240254 973.833 
0.000241447 978.482 
0.000242646 983.154 
0.000243851 987.847 
0.000245063 992.563 
0.00024628 997.301 
0.000247503 1002.06 
0.000248732 1006.85 
0.000249967 1011.65 
0.000251209 1016.48 
0.000252456 1021.33 
0.00025371 1026.21 
0.00025497 1031.1 
0.000256237 1036.02 
0.000257509 1040.97 
0.000258788 1045.94 
0.000260073 1050.93 
0.000261365 1055.94 
0.000262663 1060.98 
0.000263968 1066.04 
0.000265279 1071.13 
0.000266596 1076.24 
0.00026792 1081.37 
0.000269251 1086.53 
0.000270588 1091.71 
0.000271932 1096.92 
0.000273283 1102.15 
0.00027464 1107.41 
0.000276004 1112.69 
0.000277375 1118 
0.000278752 1123.33 
0.000280137 1128.69 
0.000281528 1134.07 
0.000282926 1139.48 
0.000284331 1144.91 
0.000285743 1150.37 
0.000287163 1155.86 
0.000288589 1161.37 
0.000290022 1166.9 
0.000291462 1172.47 
0.00029291 1178.05 
0.000294365 1183.67 
0.000295827 1189.31 
0.000297296 1194.98 
0.000298773 1200.68 
0.000300256 1206.4 
0.000301748 1212.15 
0.000303246 1217.92 
0.000304752 1223.73 
0.000306266 1229.56 
0.000307787 1235.42 
0.000309316 1241.3 
0.000310852 1247.21 
0.000312396 1253.16 
0.000313947 1259.13 
0.000315506 1265.12 
0.000317073 1271.15 
0.000318648 1277.2 
0.000320231 1283.29 
0.000321821 1289.4 
0.000323419 1295.54 
0.000325026 1301.71 
0.00032664 1307.91 
0.000328262 1314.13 
0.000329892 1320.39 
0.000331531 1326.67 
0.000333177 1332.99 
0.000334832 1339.34 
0.000336495 1345.71 
0.000338166 1352.12 
0.000339846 1358.55 
0.000341534 1365.02 
0.00034323 1371.51 
0.000344935 1378.04 
0.000346648 1384.6 
0.000348369 1391.18 
0.0003501 1397.8 
0.000351838 1404.45 
0.000353586 1411.13 
0.000355342 1417.85 
0.000357107 1424.59 
0.00035888 1431.36 
0.000360663 1438.17 
0.000362454 1445.01 
0.000364254 1451.88 
0.000366063 1458.79 
0.000367881 1465.72 
0.000369708 1472.69 
0.000371544 1479.69 
0.00037339 1486.72 
0.000375244 1493.79 
0.000377108 1500.89 
0.000378981 1508.02 
0.000380863 1515.19 
0.000382754 1522.39 
0.000384655 1529.63 
0.000386566 1536.89 
0.000388486 1544.19 
0.000390415 1551.53 
0.000392354 1558.9 
0.000394303 1566.31 
0.000396261 1573.74 
0.000398229 1581.22 
0.000400207 1588.73 
0.000402194 1596.27 
0.000404192 1603.85 
0.000406199 1611.47 
0.000408217 1619.12 
0.000410244 1626.8 
0.000412282 1634.52 
0.000414329 1642.28 
0.000416387 1650.08 
0.000418455 1657.91 
0.000420533 1665.77 
0.000422622 1673.68 
0.000424721 1681.62 
0.00042683 1689.6 
0.00042895 1697.61 
0.00043108 1705.66 
0.000433221 1713.75 
0.000435373 1721.88 
0.000437535 1730.05 
0.000439708 1738.25 
0.000441892 1746.49 
0.000444087 1754.77 
0.000446292 1763.09 
0.000448509 1771.45 
0.000450736 1779.84 
0.000452975 1788.28 
0.000455225 1796.75 
0.000457486 1805.27 
0.000459758 1813.82 
0.000462041 1822.41 
0.000464336 1831.05 
0.000466642 1839.72 
0.00046896 1848.43 
0.000471289 1857.19 
0.000473629 1865.98 
0.000475982 1874.82 
0.000478346 1883.7 
0.000480721 1892.61 
0.000483109 1901.57 
0.000485508 1910.57 
0.000487919 1919.62 
0.000490343 1928.7 
0.000492778 1937.83 
0.000495225 1946.99 
0.000497685 1956.21 
0.000500157 1965.46 
0.000502641 1974.76 
0.000505137 1984.1 
0.000507646 1993.48 
0.000510167 2002.91 
0.000512701 2012.38 
0.000515247 2021.89 
0.000517806 2031.45 
0.000520378 2041.05 
0.000522962 2050.7 
0.00052556 2060.39 
0.00052817 2070.12 
0.000530793 2079.9 
0.000533429 2089.73 
0.000536078 2099.6 
0.000538741 2109.52 
0.000541417 2119.48 
0.000544105 2129.49 
0.000546808 2139.54 
0.000549524 2149.64 
0.000552253 2159.79 
0.000554996 2169.99 
0.000557752 2180.23 
0.000560522 2190.52 
0.000563306 2200.85 
0.000566103 2211.23 
0.000568915 2221.67 
0.000571741 2232.15 
0.00057458 2242.67 
0.000577434 2253.25 
0.000580302 2263.87 
0.000583184 2274.55 
0.00058608 2285.27 
0.000588991 2296.04 
0.000591916 2306.86 
0.000594856 2317.73 
0.00059781 2328.65 
0.000600779 2339.62 
0.000603763 2350.65 
0.000606762 2361.72 
0.000609775 2372.84 
0.000612804 2384.01 
0.000615847 2395.24 
0.000618906 2406.51 
0.000621979 2417.84 
0.000625069 2429.22 
0.000628173 2440.65 
0.000631293 2452.14 
0.000634428 2463.67 
0.000637579 2475.26 
0.000640746 2486.9 
0.000643928 2498.6 
0.000647126 2510.35 
0.00065034 2522.15 
0.00065357 2534.01 
0.000656816 2545.92 
0.000660078 2557.88 
0.000663356 2569.9 
0.000666651 2581.98 
0.000669962 2594.1 
0.000673289 2606.29 
0.000676633 2618.53 
0.000679993 2630.82 
0.000683371 2643.18 
0.000686765 2655.58 
0.000690175 2668.05 
0.000693603 2680.57 
0.000697048 2693.15 
0.00070051 2705.78 
0.000703989 2718.47 
0.000707485 2731.22 
0.000710999 2744.03 
0.00071453 2756.9 
0.000718079 2769.82 
0.000721645 2782.8 
0.000725229 2795.84 
0.000728831 2808.94 
0.000732451 2822.1 
0.000736089 2835.32 
0.000739744 2848.6 
0.000743418 2861.94 
0.000747111 2875.34 
0.000750821 2888.8 
0.00075455 2902.32 
0.000758298 2915.9 
0.000762064 2929.54 
0.000765849 2943.25 
0.000769652 2957.02 
0.000773475 2970.84 
0.000777316 2984.73 
0.000781177 2998.69 
0.000785056 3012.7 
0.000788955 3026.78 
0.000792874 3040.92 
0.000796812 3055.13 
0.000800769 3069.4 
0.000804746 3083.73 
0.000808743 3098.13 
0.000812759 3112.59 
0.000816796 3127.12 
0.000820853 3141.71 
0.000824929 3156.37 
0.000829026 3171.09 
0.000833144 3185.88 
0.000837282 3200.73 
0.00084144 3215.65 
0.000845619 3230.64 
0.000849819 3245.69 
0.000854039 3260.82 
0.000858281 3276 
0.000862544 3291.26 
0.000866827 3306.59 
0.000871133 3321.98 
0.000875459 3337.44 
0.000879807 3352.97 
0.000884177 3368.57 
0.000888568 3384.24 
0.000892981 3399.97 
0.000897416 3415.78 
0.000901873 3431.66 
0.000906352 3447.6 
0.000910854 3463.62 
0.000915377 3479.71 
0.000919924 3495.87 
0.000924492 3512.1 
0.000929084 3528.4 
0.000933698 3544.78 
0.000938335 3561.22 
0.000942996 3577.74 
0.000947679 3594.33 
0.000952386 3611 
0.000957116 3627.74 
0.000961869 3644.55 
0.000966646 3661.43 
0.000971447 3678.39 
0.000976272 3695.43 
0.000981121 3712.53 
0.000985993 3729.72 
0.00099089 3746.98 
0.000995812 3764.31 
0.00100076 3781.72 
0.00100573 3799.2 
0.00101072 3816.76 
0.00101574 3834.4 
0.00102079 3852.12 
0.00102586 3869.91 
0.00103095 3887.78 
0.00103607 3905.72 
0.00104122 3923.75 
0.00104639 3941.85 
0.00105159 3960.03 
0.00105681 3978.29 
0.00106206 3996.63 
0.00106733 4015.05 
0.00107263 4033.54 
0.00107796 4052.12 
0.00108331 4070.78 
0.00108869 4089.52 
0.0010941 4108.34 
0.00109953 4127.23 
0.001105 4146.22 
0.00111048 4165.28 
0.001116 4184.42 
0.00112154 4203.65 
0.00112711 4222.96 
0.00113271 4242.35 
0.00113834 4261.82 
0.00114399 4281.38 
0.00114967 4301.02 
0.00115538 4320.74 
0.00116112 4340.55 
0.00116689 4360.44 
0.00117268 4380.42 
0.0011785 4400.48 
0.00118436 4420.63 
0.00119024 4440.87 
0.00119615 4461.18 
0.00120209 4481.59 
0.00120806 4502.08 
0.00121406 4522.66 
0.00122009 4543.32 
0.00122615 4564.08 
0.00123224 4584.92 
0.00123836 4605.84 
0.00124451 4626.86 
0.00125069 4647.96 
0.0012569 4669.16 
0.00126315 4690.44 
0.00126942 4711.81 
0.00127572 4733.27 
0.00128206 4754.82 
0.00128843 4776.46 
0.00129483 4798.19 
0.00130126 4820.02 
0.00130772 4841.93 
0.00131421 4863.93 
0.00132074 4886.03 
0.0013273 4908.22 
0.00133389 4930.5 
0.00134052 4952.87 
0.00134718 4975.33 
0.00135387 4997.89 
0.00136059 5020.54 
0.00136735 5043.29 
0.00137414 5066.13 
0.00138096 5089.06 
0.00138782 5112.09 
0.00139471 5135.21 
0.00140164 5158.43 
0.0014086 5181.74 
0.0014156 5205.15 
0.00142263 5228.66 
0.00142969 5252.26 
0.0014368 5275.96 
0.00144393 5299.75 
0.0014511 5323.64 
0.00145831 5347.63 
0.00146555 5371.72 
0.00147283 5395.9 
0.00148015 5420.19 
0.0014875 5444.57 
0.00149488 5469.05 
0.00150231 5493.63 
0.00150977 5518.31 
0.00151727 5543.08 
0.0015248 5567.96 
0.00153238 5592.94 
0.00153999 5618.02 
0.00154764 5643.2 
0.00155532 5668.48 
0.00156305 5693.86 
0.00157081 5719.34 
0.00157861 5744.93 
0.00158645 5770.61 
0.00159433 5796.4 
0.00160225 5822.3 
0.00161021 5848.29 
0.0016182 5874.39 
0.00162624 5900.59 
0.00163432 5926.89 
0.00164243 5953.3 
0.00165059 5979.82 
0.00165879 6006.43 
0.00166703 6033.16 
0.00167531 6059.98 
0.00168363 6086.91 
0.00169199 6113.95 
0.00170039 6141.1 
0.00170884 6168.34 
0.00171732 6195.7 
0.00172585 6223.16 
0.00173442 6250.73 
0.00174304 6278.41 
0.0017517 6306.19 
0.0017604 6334.08 
0.00176914 6362.08 
0.00177792 6390.18 
0.00178675 6418.4 
0.00179563 6446.72 
0.00180455 6475.15 
0.00181351 6503.69 
0.00182252 6532.34 
0.00183157 6561.1 
0.00184066 6589.97 
0.00184981 6618.94 
0.00185899 6648.03 
0.00186823 6677.23 
0.0018775 6706.54 
0.00188683 6735.96 
0.0018962 6765.49 
0.00190562 6795.13 
0.00191508 6824.88 
0.00192459 6854.75 
0.00193415 6884.73 
0.00194376 6914.81 
0.00195341 6945.02 
0.00196311 6975.33 
0.00197286 7005.76 
0.00198266 7036.3 
0.00199251 7066.95 
0.0020024 7097.71 
0.00201235 7128.59 
0.00202234 7159.59 
0.00203239 7190.7 
0.00204248 7221.92 
0.00205262 7253.25 
0.00206282 7284.71 
0.00207306 7316.27 
0.00208336 7347.95 
0.00209371 7379.75 
0.0021041 7411.66 
0.00211456 7443.69 
0.00212506 7475.83 
0.00213561 7508.09 
0.00214622 7540.46 
0.00215688 7572.96 
0.00216759 7605.56 
0.00217835 7638.29 
0.00218917 7671.13 
0.00220005 7704.09 
0.00221097 7737.16 
0.00222195 7770.36 
0.00223299 7803.67 
0.00224408 7837.09 
0.00225522 7870.64 
0.00226642 7904.3 
0.00227768 7938.08 
0.00228899 7971.98 
0.00230036 8006 
0.00231179 8040.14 
0.00232327 8074.39 
0.00233481 8108.76 
0.0023464 8143.26 
0.00235806 8177.87 
0.00236977 8212.6 
0.00238154 8247.44 
0.00239336 8282.41 
0.00240525 8317.5 
0.0024172 8352.71 
0.0024292 8388.03 
0.00244127 8423.48 
0.00245339 8459.04 
0.00246558 8494.73 
0.00247782 8530.53 
0.00249013 8566.46 
0.00250249 8602.5 
0.00251492 8638.67 
0.00252741 8674.95 
0.00253997 8711.36 
0.00255258 8747.89 
0.00256526 8784.53 
0.002578 8821.3 
0.0025908 8858.18 
0.00260367 8895.19 
0.0026166 8932.32 
0.0026296 8969.57 
0.00264266 9006.94 
0.00265578 9044.43 
0.00266897 9082.04 
0.00268223 9119.77 
0.00269555 9157.62 
0.00270893 9195.59 
0.00272239 9233.69 
0.00273591 9271.9 
0.0027495 9310.24 
0.00276315 9348.7 
0.00277688 9387.27 
0.00279067 9425.97 
0.00280453 9464.79 
0.00281846 9503.73 
0.00283245 9542.79 
0.00284652 9581.97 
0.00286066 9621.27 
0.00287487 9660.7 
0.00288914 9700.24 
0.00290349 9739.9 
0.00291791 9779.69 
0.00293241 9819.59 
0.00294697 9859.62 
0.00296161 9899.76 
0.00297631 9940.03 
0.0029911 9980.41 
0.00300595 10020.9 
0.00302088 10061.5 
0.00303588 10102.3 
0.00305096 10143.2 
0.00306611 10184.1 
0.00308134 10225.2 
0.00309665 10266.5 
0.00311202 10307.8 
0.00312748 10349.3 
0.00314301 10390.8 
0.00315862 10432.5 
0.00317431 10474.4 
0.00319008 10516.3 
0.00320592 10558.4 
0.00322184 10600.5 
0.00323784 10642.8 
0.00325392 10685.2 
0.00327008 10727.8 
0.00328633 10770.4 
0.00330265 10813.2 
0.00331905 10856 
0.00333553 10899 
0.0033521 10942.1 
0.00336875 10985.4 
0.00338548 11028.7 
0.00340229 11072.2 
0.00341919 11115.7 
0.00343617 11159.4 
0.00345324 11203.2 
0.00347039 11247.2 
0.00348762 11291.2 
0.00350495 11335.3 
0.00352235 11379.6 
0.00353985 11424 
0.00355743 11468.5 
0.0035751 11513.1 
0.00359285 11557.8 
0.00361069 11602.6 
0.00362863 11647.5 
0.00364665 11692.6 
0.00366476 11737.8 
0.00368296 11783 
0.00370125 11828.4 
0.00371964 11873.9 
0.00373811 11919.5 
0.00375667 11965.2 
0.00377533 12011 
0.00379408 12057 
0.00381293 12103 
0.00383186 12149.1 
0.00385089 12195.4 
0.00387002 12241.8 
0.00388924 12288.2 
0.00390856 12334.8 
0.00392797 12381.5 
0.00394748 12428.2 
0.00396708 12475.1 
0.00398678 12522.1 
0.00400658 12569.2 
0.00402648 12616.4 
0.00404648 12663.7 
0.00406658 12711.1 
0.00408677 12758.6 
0.00410707 12806.2 
0.00412747 12853.9 
0.00414797 12901.7 
0.00416857 12949.6 
0.00418927 12997.6 
0.00421008 13045.7 
0.00423099 13093.9 
0.004252 13142.2 
0.00427312 13190.6 
0.00429434 13239 
0.00431567 13287.6 
0.0043371 13336.3 
0.00435864 13385 
0.00438029 13433.9 
0.00440204 13482.8 
0.00442391 13531.9 
0.00444588 13581 
0.00446796 13630.2 
0.00449015 13679.5 
0.00451245 13728.9 
0.00453486 13778.4 
0.00455738 13828 
0.00458002 13877.6 
0.00460276 13927.3 
0.00462562 13977.2 
0.0046486 14027.1 
0.00467168 14077.1 
0.00469489 14127.1 
0.0047182 14177.3 
0.00474164 14227.5 
0.00476519 14277.8 
0.00478885 14328.2 
0.00481264 14378.7 
0.00483654 14429.2 
0.00486056 14479.8 
0.0048847 14530.5 
0.00490896 14581.3 
0.00493334 14632.1 
0.00495784 14683.1 
0.00498246 14734 
0.00500721 14785.1 
0.00503208 14836.2 
0.00505707 14887.4 
0.00508219 14938.7 
0.00510743 14990 
0.00513279 15041.4 
0.00515828 15092.8 
0.0051839 15144.3 
0.00520965 15195.9 
0.00523552 15247.5 
0.00526153 15299.2 
0.00528766 15351 
0.00531392 15402.8 
0.00534031 15454.6 
0.00536683 15506.6 
0.00539349 15558.5 
0.00542027 15610.6 
0.00544719 15662.6 
0.00547425 15714.8 
0.00550144 15766.9 
0.00552876 15819.2 
0.00555622 15871.4 
0.00558381 15923.7 
0.00561154 15976.1 
0.00563941 16028.5 
0.00566742 16080.9 
0.00569557 16133.4 
0.00572386 16185.9 
0.00575228 16238.5 
0.00578085 16291.1 
0.00580956 16343.7 
0.00583842 16396.3 
0.00586741 16449 
0.00589655 16501.7 
0.00592584 16554.5 
0.00595527 16607.2 
0.00598485 16660 
0.00601457 16712.9 
0.00604444 16765.7 
0.00607446 16818.6 
0.00610463 16871.4 
0.00613495 16924.3 
0.00616542 16977.3 
0.00619604 17030.2 
0.00622681 17083.1 
0.00625774 17136.1 
0.00628882 17189 
0.00632005 17242 
0.00635144 17295 
0.00638298 17348 
0.00641468 17401 
0.00644654 17453.9 
0.00647856 17506.9 
0.00651074 17559.9 
0.00654307 17612.9 
0.00657557 17665.9 
0.00660823 17718.8 
0.00664105 17771.8 
0.00667403 17824.7 
0.00670718 17877.6 
0.00674049 17930.6 
0.00677396 17983.5 
0.00680761 18036.3 
0.00684142 18089.2 
0.00687539 18142 
0.00690954 18194.8 
0.00694386 18247.6 
0.00697834 18300.4 
0.007013 18353.1 
0.00704783 18405.8 
0.00708284 18458.5 
0.00711801 18511.1 
0.00715336 18563.7 
0.00718889 18616.2 
0.00722459 18668.7 
0.00726048 18721.1 
0.00729654 18773.5 
0.00733277 18825.9 
0.00736919 18878.2 
0.00740579 18930.5 
0.00744257 18982.6 
0.00747954 19034.8 
0.00751668 19086.9 
0.00755401 19138.9 
0.00759153 19190.8 
0.00762924 19242.7 
0.00766713 19294.5 
0.0077052 19346.2 
0.00774347 19397.9 
0.00778193 19449.5 
0.00782058 19501 
0.00785942 19552.4 
0.00789845 19603.8 
0.00793768 19655 
0.00797711 19706.2 
0.00801672 19757.2 
0.00805654 19808.2 
0.00809655 19859.1 
0.00813676 19909.9 
0.00817717 19960.6 
0.00821779 20011.1 
0.0082586 20061.6 
0.00829962 20112 
0.00834084 20162.2 
0.00838226 20212.4 
0.00842389 20262.4 
0.00846573 20312.3 
0.00850778 20362 
0.00855003 20411.7 
0.00859249 20461.2 
0.00863517 20510.6 
0.00867805 20559.8 
0.00872115 20608.9 
0.00876447 20657.9 
0.008808 20706.7 
0.00885174 20755.4 
0.0088957 20804 
0.00893988 20852.3 
0.00898428 20900.6 
0.00902891 20948.7 
0.00907375 20996.6 
0.00911881 21044.3 
0.0091641 21091.9 
0.00920961 21139.3 
0.00925535 21186.6 
0.00930132 21233.6 
0.00934752 21280.5 
0.00939394 21327.2 
0.0094406 21373.7 
0.00948748 21420.1 
0.0095346 21466.2 
0.00958196 21512.2 
0.00962955 21557.9 
0.00967737 21603.5 
0.00972543 21648.8 
0.00977373 21693.9 
0.00982228 21738.9 
0.00987106 21783.6 
0.00992008 21828.1 
0.00996935 21872.4 
0.0100189 21916.4 
0.0100686 21960.2 
0.0101186 22003.8 
0.0101689 22047.2 
0.0102194 22090.3 
0.0102701 22133.2 
0.0103211 22175.8 
0.0103724 22218.2 
0.0104239 22260.3 
0.0104757 22302.2 
0.0105277 22343.8 
0.01058 22385.2 
0.0106326 22426.3 
0.0106854 22467.1 
0.0107384 22507.7 
0.0107918 22548 
0.0108454 22588 
0.0108992 22627.7 
0.0109534 22667.1 
0.0110078 22706.2 
0.0110624 22745.1 
0.0111174 22783.6 
0.0111726 22821.8 
0.0112281 22859.8 
0.0112838 22897.4 
0.0113399 22934.7 
0.0113962 22971.7 
0.0114528 23008.4 
0.0115097 23044.7 
0.0115668 23080.7 
0.0116243 23116.4 
0.011682 23151.8 
0.01174 23186.8 
0.0117983 23221.4 
0.0118569 23255.7 
0.0119158 23289.7 
0.011975 23323.3 
0.0120345 23356.5 
0.0120943 23389.4 
0.0121543 23421.9 
0.0122147 23454.1 
0.0122753 23485.8 
0.0123363 23517.2 
0.0123976 23548.2 
0.0124592 23578.8 
0.012521 23609.1 
0.0125832 23638.9 
0.0126457 23668.3 
0.0127085 23697.3 
0.0127716 23725.9 
0.0128351 23754.1 
0.0128988 23781.9 
0.0129629 23809.3 
0.0130273 23836.2 
0.013092 23862.7 
0.013157 23888.8 
0.0132223 23914.4 
0.013288 23939.6 
0.013354 23964.3 
0.0134203 23988.6 
0.013487 24012.5 
0.0135539 24035.9 
0.0136213 24058.8 
0.0136889 24081.3 
0.0137569 24103.3 
0.0138252 24124.8 
0.0138939 24145.8 
0.0139629 24166.4 
0.0140322 24186.4 
0.0141019 24206 
0.014172 24225.1 
0.0142423 24243.7 
0.0143131 24261.8 
0.0143842 24279.3 
0.0144556 24296.4 
0.0145274 24312.9 
0.0145995 24329 
0.0146721 24344.5 
0.0147449 24359.4 
0.0148182 24373.9 
0.0148918 24387.8 
0.0149657 24401.2 
0.01504 24414 
0.0151147 24426.3 
0.0151898 24438 
0.0152652 24449.2 
0.0153411 24459.8 
0.0154172 24469.8 
0.0154938 24479.3 
0.0155708 24488.2 
0.0156481 24496.6 
0.0157258 24504.3 
0.0158039 24511.5 
0.0158824 24518.1 
0.0159613 24524.1 
0.0160406 24529.5 
0.0161202 24534.3 
0.0162003 24538.5 
0.0162807 24542.1 
0.0163616 24545.1 
0.0164429 24547.4 
0.0165245 24549.2 
0.0166066 24550.3 
0.0166891 24550.9 
0.016772 24550.8 
0.0168553 24550 
0.016939 24548.6 
0.0170231 24546.6 
0.0171076 24544 
0.0171926 24540.7 
0.017278 24536.8 
0.0173638 24532.2 
0.01745 24526.9 
0.0175367 24521 
0.0176238 24514.5 
0.0177113 24507.3 
0.0177993 24499.4 
0.0178877 24490.8 
0.0179765 24481.6 
0.0180658 24471.7 
0.0181555 24461.2 
0.0182457 24449.9 
0.0183363 24438 
0.0184274 24425.4 
0.0185189 24412.1 
0.0186109 24398.1 
0.0187033 24383.4 
0.0187962 24368 
0.0188896 24352 
0.0189834 24335.2 
0.0190777 24317.7 
0.0191724 24299.6 
0.0192676 24280.7 
0.0193633 24261.1 
0.0194595 24240.9 
0.0195561 24219.9 
0.0196533 24198.2 
0.0197509 24175.8 
0.019849 24152.6 
0.0199476 24128.8 
0.0200466 24104.3 
0.0201462 24079 
0.0202462 24053 
0.0203468 24026.3 
0.0204478 23998.9 
0.0205494 23970.8 
0.0206515 23941.9 
0.020754 23912.3 
0.0208571 23882 
0.0209607 23851 
0.0210648 23819.2 
0.0211694 23786.8 
0.0212745 23753.6 
0.0213802 23719.7 
0.0214864 23685 
0.0215931 23649.7 
0.0217003 23613.6 
0.0218081 23576.8 
0.0219164 23539.3 
0.0220253 23501.1 
0.0221347 23462.1 
0.0222446 23422.5 
0.0223551 23382.1 
0.0224661 23341 
0.0225777 23299.2 
0.0226898 23256.7 
0.0228025 23213.5 
0.0229158 23169.6 
0.0230296 23124.9 
0.0231439 23079.6 
0.0232589 23033.6 
0.0233744 22986.8 
0.0234905 22939.4 
0.0236072 22891.3 
0.0237244 22842.5 
0.0238422 22793 
0.0239606 22742.8 
0.0240796 22692 
0.0241992 22640.5 
0.0243194 22588.3 
0.0244402 22535.4 
0.0245616 22481.9 
0.0246836 22427.7 
0.0248062 22372.8 
0.0249294 22317.4 
0.0250532 22261.2 
0.0251776 22204.4 
0.0253026 22147 
0.0254283 22089 
0.0255546 22030.3 
0.0256815 21971 
0.0258091 21911.1 
0.0259373 21850.6 
0.0260661 21789.4 
0.0261955 21727.7 
0.0263256 21665.4 
0.0264564 21602.5 
0.0265878 21539.1 
0.0267198 21475 
0.0268525 21410.4 
0.0269859 21345.3 
0.0271199 21279.5 
0.0272546 21213.3 
0.02739 21146.5 
0.027526 21079.2 
0.0276627 21011.4 
0.0278001 20943 
0.0279382 20874.2 
0.0280769 20804.9 
0.0282164 20735.1 
0.0283565 20664.8 
0.0284973 20594 
0.0286389 20522.8 
0.0287811 20451.1 
0.028924 20379 
0.0290677 20306.5 
0.0292121 20233.6 
0.0293571 20160.2 
0.0295029 20086.4 
0.0296495 20012.3 
0.0297967 19937.8 
0.0299447 19862.9 
0.0300934 19787.6 
0.0302429 19712 
0.0303931 19636.1 
0.030544 19559.8 
0.0306957 19483.3 
0.0308482 19406.4 
0.0310014 19329.3 
0.0311554 19251.8 
0.0313101 19174.1 
0.0314656 19096.2 
0.0316219 19018 
0.0317789 18939.5 
0.0319368 18860.9 
0.0320954 18782 
0.0322548 18703 
0.032415 18623.7 
0.032576 18544.3 
0.0327377 18464.8 
0.0329003 18385 
0.0330637 18305.2 
0.0332279 18225.3 
0.033393 18145.2 
0.0335588 18065.1 
0.0337255 17984.9 
0.033893 17904.6 
0.0340613 17824.2 
0.0342305 17743.9 
0.0344005 17663.5 
0.0345713 17583.1 
0.034743 17502.7 
0.0349156 17422.3 
0.035089 17341.9 
0.0352633 17261.6 
0.0354384 17181.3 
0.0356144 17101.1 
0.0357913 17021 
0.035969 16941 
0.0361477 16861 
0.0363272 16781.2 
0.0365076 16701.6 
0.036689 16622.1 
0.0368712 16542.8 
0.0370543 16463.6 
0.0372383 16384.6 
0.0374233 16305.9 
0.0376091 16227.3 
0.0377959 16149 
0.0379836 16071 
0.0381723 15993.2 
0.0383619 15915.6 
0.0385524 15838.3 
0.0387439 15761.4 
0.0389363 15684.7 
0.0391297 15608.3 
0.039324 15532.3 
0.0395193 15456.6 
0.0397156 15381.3 
0.0399128 15306.3 
0.040111 15231.7 
0.0403103 15157.5 
0.0405105 15083.7 
0.0407116 15010.3 
0.0409138 14937.3 
0.041117 14864.8 
0.0413213 14792.7 
0.0415265 14721.1 
0.0417327 14649.9 
0.04194 14579.2 
0.0421483 14509 
0.0423576 14439.3 
0.042568 14370 
0.0427794 14301.3 
0.0429919 14233.1 
0.0432054 14165.4 
0.04342 14098.2 
0.0436356 14031.6 
0.0438523 13965.5 
0.0440701 13900 
0.044289 13835 
0.0445089 13770.6 
0.04473 13706.7 
0.0449522 13643.5 
0.0451754 13580.8 
0.0453998 13518.7 
0.0456253 13457.2 
0.0458519 13396.3 
0.0460796 13336 
0.0463084 13276.3 
0.0465384 13217.2 
0.0467696 13158.7 
0.0470018 13100.8 
0.0472353 13043.6 
0.0474699 12986.9 
0.0477056 12930.8 
0.0479426 12875.4 
0.0481807 12820.5 
0.04842 12766.3 
0.0486604 12712.7 
0.0489021 12659.6 
0.049145 12607.2 
0.0493891 12555.4 
0.0496343 12504.2 
0.0498809 12453.5 
0.0501286 12403.5 
0.0503776 12354 
0.0506278 12305.2 
0.0508792 12256.9 
0.0511319 12209.2 
0.0513858 12162 
0.051641 12115.4 
0.0518975 12069.3 
0.0521553 12023.8 
0.0524143 11978.8 
0.0526746 11934.4 
0.0529362 11890.4 
0.0531991 11847 
0.0534634 11804 
0.0537289 11761.5 
0.0539957 11719.5 
0.0542639 11677.9 
0.0545334 11636.8 
0.0548042 11596 
0.0550764 11555.7 
0.05535 11515.8 
0.0556249 11476.3 
0.0559011 11437.1 
0.0561788 11398.2 
0.0564578 11359.7 
0.0567382 11321.5 
0.05702 11283.7 
0.0573031 11246.1 
0.0575877 11208.8 
0.0578738 11171.7 
0.0581612 11134.8 
0.05845 11098.2 
0.0587403 11061.8 
0.0590321 11025.5 
0.0593253 10989.4 
0.0596199 10953.4 
0.059916 10917.5 
0.0602136 10881.6 
0.0605126 10845.8 
0.0608132 10810.1 
0.0611152 10774.3 
0.0614187 10738.4 
0.0617238 10702.6 
0.0620303 10666.7 
0.0623384 10630.6 
0.062648 10594.5 
0.0629591 10558.3 
0.0632718 10521.9 
0.0635861 10485.4 
0.0639019 10448.7 
0.0642192 10411.8 
0.0645382 10374.7 
0.0648587 10337.3 
0.0651808 10299.6 
0.0655045 10261.6 
0.0658299 10223.3 
0.0661568 10184.6 
0.0664854 10145.6 
0.0668156 10106.1 
0.0671474 10066.2 
0.0674809 10025.8 
0.0678161 9984.89 
0.0681529 9943.51 
0.0684913 9901.62 
0.0688315 9859.21 
0.0691734 9816.27 
0.0695169 9772.8 
0.0698622 9728.78 
0.0702091 9684.2 
0.0705578 9639.06 
0.0709083 9593.33 
0.0712604 9547.02 
0.0716143 9500.1 
0.07197 9452.57 
0.0723275 9404.42 
0.0726867 9355.63 
0.0730477 9306.19 
0.0734105 9256.09 
0.0737751 9205.31 
0.0741415 9153.84 
0.0745097 9101.68 
0.0748797 9048.82 
0.0752516 8995.28 
0.0756254 8941.07 
0.076001 8886.2 
0.0763784 8830.69 
0.0767578 8774.56 
0.077139 8717.81 
0.0775221 8660.46 
0.0779071 8602.53 
0.078294 8544.03 
0.0786829 8484.99 
0.0790737 8425.42 
0.0794664 8365.33 
0.0798611 8304.75 
0.0802577 8243.69 
0.0806563 8182.18 
0.0810569 8120.23 
0.0814594 8057.86 
0.081864 7995.1 
0.0822706 7931.97 
0.0826792 7868.49 
0.0830898 7804.7 
0.0835025 7740.64 
0.0839172 7676.33 
0.084334 7611.82 
0.0847528 7547.13 
0.0851737 7482.32 
0.0855968 7417.4 
0.0860219 7352.44 
0.0864491 7287.45 
0.0868785 7222.49 
0.0873099 7157.59 
0.0877436 7092.8 
0.0881793 7028.15 
0.0886173 6963.7 
0.0890574 6899.48 
0.0894997 6835.54 
0.0899442 6771.92 
0.0903909 6708.68 
0.0908398 6645.85 
0.091291 6583.47 
0.0917444 6521.58 
0.0922001 6460.2 
0.092658 6399.37 
0.0931182 6339.1 
0.0935806 6279.43 
0.0940454 6220.39 
0.0945125 6162.02 
0.0949819 6104.33 
0.0954536 6047.36 
0.0959277 5991.14 
0.0964041 5935.71 
0.0968829 5881.09 
0.0973641 5827.32 
0.0978476 5774.43 
0.0983336 5722.45 
0.098822 5671.42 
0.0993128 5621.38 
0.099806 5572.35 
0.100302 5524.37 
0.1008 5477.47 
0.1013 5431.65 
0.101804 5386.89 
0.102309 5343.19 
0.102817 5300.55 
0.103328 5258.95 
0.103841 5218.39 
0.104357 5178.85 
0.104875 5140.34 
0.105396 5102.84 
0.105919 5066.35 
0.106445 5030.84 
0.106974 4996.32 
0.107505 4962.77 
0.108039 4930.18 
0.108576 4898.54 
0.109115 4867.84 
0.109657 4838.06 
0.110202 4809.2 
0.110749 4781.24 
0.111299 4754.16 
0.111852 4727.93 
0.112407 4702.52 
0.112966 4677.88 
0.113527 4653.96 
0.114091 4630.74 
0.114657 4608.17 
0.115227 4586.2 
0.115799 4564.78 
0.116374 4543.87 
0.116952 4523.43 
0.117533 4503.38 
0.118117 4483.7 
0.118703 4464.31 
0.119293 4445.17 
0.119885 4426.21 
0.120481 4407.38 
0.121079 4388.61 
0.12168 4369.84 
0.122285 4351 
0.122892 4332.03 
0.123502 4312.88 
0.124116 4293.54 
0.124732 4273.98 
0.125352 4254.16 
0.125974 4234.07 
0.1266 4213.66 
0.127229 4192.91 
0.12786 4171.8 
0.128495 4150.28 
0.129134 4128.32 
0.129775 4105.9 
0.130419 4082.98 
0.131067 4059.51 
0.131718 4035.47 
0.132372 4010.83 
0.13303 3985.53 
0.13369 3959.55 
0.134354 3932.85 
0.135022 3905.38 
0.135692 3877.11 
0.136366 3848.04 
0.137043 3818.22 
0.137724 3787.67 
0.138408 3756.44 
0.139096 3724.56 
0.139786 3692.08 
0.140481 3659.04 
0.141178 3625.49 
0.141879 3591.47 
0.142584 3557.02 
0.143292 3522.2 
0.144004 3487.05 
0.144719 3451.63 
0.145438 3415.97 
0.14616 3380.15 
0.146886 3344.19 
0.147616 3308.17 
0.148349 3272.14 
0.149086 3236.15 
0.149826 3200.25 
0.15057 3164.5 
0.151318 3128.93 
0.152069 3093.6 
0.152825 3058.52 
0.153584 3023.76 
0.154346 2989.34 
0.155113 2955.31 
0.155883 2921.72 
0.156658 2888.6 
0.157436 2856 
0.158218 2823.97 
0.159003 2792.54 
0.159793 2761.77 
0.160587 2731.7 
0.161384 2702.38 
0.162186 2673.85 
0.162991 2646.17 
0.163801 2619.38 
0.164614 2593.53 
0.165432 2568.68 
0.166253 2544.85 
0.167079 2522.02 
0.167909 2500.13 
0.168743 2479.15 
0.169581 2459.05 
0.170423 2439.77 
0.171269 2421.28 
0.17212 2403.54 
0.172975 2386.5 
0.173834 2370.12 
0.174697 2354.34 
0.175565 2339.13 
0.176437 2324.43 
0.177313 2310.19 
0.178194 2296.36 
0.179079 2282.9 
0.179968 2269.74 
0.180862 2256.83 
0.18176 2244.11 
0.182663 2231.52 
0.18357 2219.01 
0.184482 2206.54 
0.185398 2194.1 
0.186319 2181.64 
0.187244 2169.16 
0.188174 2156.61 
0.189109 2143.97 
0.190048 2131.21 
0.190992 2118.29 
0.19194 2105.19 
0.192894 2091.88 
0.193852 2078.31 
0.194815 2064.46 
0.195782 2050.29 
0.196754 2035.77 
0.197732 2020.85 
0.198714 2005.5 
0.199701 1989.69 
0.200692 1973.37 
0.201689 1956.51 
0.202691 1939.08 
0.203697 1921.09 
0.204709 1902.61 
0.205726 1883.68 
0.206748 1864.36 
0.207774 1844.7 
0.208806 1824.76 
0.209843 1804.59 
0.210886 1784.26 
0.211933 1763.82 
0.212985 1743.32 
0.214043 1722.84 
0.215106 1702.44 
0.216175 1682.17 
0.217248 1662.1 
0.218327 1642.29 
0.219412 1622.82 
0.220501 1603.75 
0.221596 1585.14 
0.222697 1567.06 
0.223803 1549.58 
0.224915 1532.72 
0.226032 1516.45 
0.227154 1500.74 
0.228282 1485.58 
0.229416 1470.95 
0.230555 1456.81 
0.231701 1443.15 
0.232851 1429.94 
0.234008 1417.16 
0.23517 1404.77 
0.236338 1392.76 
0.237512 1381.1 
0.238691 1369.75 
0.239877 1358.7 
0.241068 1347.91 
0.242265 1337.35 
0.243469 1327 
0.244678 1316.82 
0.245893 1306.78 
0.247114 1296.84 
0.248342 1287 
0.249575 1277.23 
0.250814 1267.52 
0.25206 1257.87 
0.253312 1248.26 
0.25457 1238.68 
0.255834 1229.11 
0.257105 1219.55 
0.258382 1209.99 
0.259665 1200.4 
0.260955 1190.78 
0.262251 1181.11 
0.263553 1171.38 
0.264862 1161.57 
0.266178 1151.67 
0.2675 1141.67 
0.268828 1131.54 
0.270163 1121.28 
0.271505 1110.86 
0.272854 1100.28 
0.274209 1089.52 
0.275571 1078.61 
0.276939 1067.57 
0.278315 1056.42 
0.279697 1045.19 
0.281086 1033.9 
0.282482 1022.57 
0.283885 1011.24 
0.285295 999.925 
0.286712 988.651 
0.288136 977.446 
0.289567 966.338 
0.291005 955.352 
0.29245 944.517 
0.293903 933.86 
0.295362 923.411 
0.296829 913.198 
0.298303 903.25 
0.299785 893.597 
0.301274 884.27 
0.30277 875.289 
0.304274 866.641 
0.305785 858.306 
0.307304 850.262 
0.30883 842.49 
0.310364 834.968 
0.311905 827.673 
0.313454 820.583 
0.315011 813.676 
0.316575 806.927 
0.318148 800.314 
0.319728 793.811 
0.321316 787.393 
0.322912 781.035 
0.324515 774.71 
0.326127 768.391 
0.327747 762.05 
0.329375 755.66 
0.33101 749.19 
0.332654 742.612 
0.334306 735.9 
0.335967 729.057 
0.337635 722.097 
0.339312 715.033 
0.340997 707.879 
0.342691 700.65 
0.344393 693.36 
0.346103 686.025 
0.347822 678.659 
0.34955 671.278 
0.351286 663.898 
0.353031 656.536 
0.354784 649.206 
0.356546 641.926 
0.358317 634.713 
0.360096 627.584 
0.361885 620.555 
0.363682 613.646 
0.365488 606.873 
0.367303 600.255 
0.369128 593.809 
0.370961 587.536 
0.372803 581.429 
0.374655 575.48 
0.376516 569.679 
0.378386 564.019 
0.380265 558.491 
0.382153 553.086 
0.384051 547.794 
0.385959 542.608 
0.387876 537.516 
0.389802 532.511 
0.391738 527.58 
0.393684 522.715 
0.395639 517.905 
0.397604 513.14 
0.399578 508.408 
0.401563 503.698 
0.403557 499 
0.405562 494.301 
0.407576 489.59 
0.4096 484.863 
0.411634 480.123 
0.413679 475.373 
0.415733 470.617 
0.417798 465.858 
0.419873 461.102 
0.421958 456.35 
0.424054 451.608 
0.42616 446.878 
0.428277 442.166 
0.430404 437.475 
0.432541 432.809 
0.434689 428.173 
0.436848 423.571 
0.439018 419.006 
0.441198 414.484 
0.44339 410.009 
0.445592 405.585 
0.447805 401.217 
0.450029 396.909 
0.452264 392.664 
0.45451 388.481 
0.456767 384.358 
0.459036 380.295 
0.461316 376.289 
0.463607 372.339 
0.465909 368.444 
0.468223 364.601 
0.470549 360.809 
0.472886 357.067 
0.475234 353.373 
0.477594 349.724 
0.479966 346.119 
0.48235 342.557 
0.484746 339.034 
0.487153 335.55 
0.489573 332.101 
0.492004 328.687 
0.494448 325.304 
0.496903 321.951 
0.499371 318.625 
0.501851 315.327 
0.504344 312.057 
0.506849 308.814 
0.509366 305.6 
0.511896 302.413 
0.514438 299.254 
0.516993 296.123 
0.519561 293.02 
0.522141 289.946 
0.524734 286.899 
0.527341 283.88 
0.52996 280.89 
0.532592 277.927 
0.535237 274.992 
0.537895 272.085 
0.540566 269.206 
0.543251 266.354 
0.545949 263.53 
0.548661 260.734 
0.551386 257.965 
0.554124 255.223 
0.556876 252.508 
0.559642 249.821 
0.562421 247.16 
0.565215 244.526 
0.568022 241.918 
0.570843 239.337 
0.573678 236.782 
0.576527 234.252 
0.57939 231.749 
0.582268 229.27 
0.58516 226.817 
0.588066 224.389 
0.590987 221.986 
0.593922 219.606 
0.596872 217.251 
0.599836 214.919 
0.602815 212.611 
0.605809 210.325 
0.608818 208.062 
0.611841 205.822 
0.61488 203.603 
0.617934 201.407 
0.621003 199.233 
0.624087 197.081 
0.627187 194.951 
0.630302 192.842 
0.633432 190.755 
0.636578 188.69 
0.63974 186.646 
0.642917 184.623 
0.64611 182.62 
0.649319 180.639 
0.652544 178.678 
0.655784 176.737 
0.659041 174.816 
0.662315 172.915 
0.665604 171.034 
0.66891 169.172 
0.672232 167.329 
0.67557 165.504 
0.678926 163.698 
0.682298 161.911 
0.685686 160.143 
0.689092 158.392 
0.692514 156.66 
0.695953 154.947 
0.69941 153.251 
0.702884 151.573 
0.706374 149.912 
0.709883 148.269 
0.713408 146.644 
0.716951 145.036 
0.720512 143.444 
0.724091 141.87 
0.727687 140.311 
0.731301 138.769 
0.734933 137.244 
0.738583 135.734 
0.742251 134.239 
0.745938 132.76 
0.749642 131.296 
0.753365 129.847 
0.757107 128.414 
0.760867 126.995 
0.764646 125.592 
0.768444 124.203 
0.77226 122.829 
0.776096 121.469 
0.77995 120.124 
0.783824 118.793 
0.787717 117.477 
0.791629 116.174 
0.79556 114.885 
0.799512 113.61 
0.803482 112.349 
0.807473 111.101 
0.811483 109.866 
0.815513 108.644 
0.819564 107.434 
0.823634 106.238 
0.827725 105.053 
0.831836 103.881 
0.835967 102.722 
0.840119 101.575 
0.844291 100.44 
0.848484 99.3168 
0.852698 98.2059 
0.856933 97.1071 
0.861189 96.02 
0.865466 94.9448 
0.869765 93.8811 
0.874084 92.829 
0.878426 91.7882 
0.882788 90.7587 
0.887173 89.7403 
0.891579 88.7329 
0.896007 87.7363 
0.900457 86.7503 
0.904929 85.7749 
0.909423 84.8098 
0.91394 83.8549 
0.918479 82.9103 
0.923041 81.9758 
0.927625 81.0514 
0.932232 80.1371 
0.936862 79.2327 
0.941515 78.3381 
0.946191 77.4534 
0.95089 76.5783 
0.955613 75.7129 
0.960359 74.8569 
0.965129 74.0104 
0.969922 73.1731 
0.974739 72.345 
0.97958 71.526 
0.984445 70.7159 
0.989335 69.9146 
0.994248 69.122 
0.999186 68.3379 
1.00415 67.5622 
1.00914 66.7947 
1.01415 66.0356 
1.01918 65.2846 
1.02425 64.5418 
1.02933 63.8071 
1.03445 63.0804 
1.03958 62.3616 
1.04475 61.6507 
1.04993 60.9475 
1.05515 60.2521 
1.06039 59.5643 
1.06566 58.884 
1.07095 58.2112 
1.07627 57.5457 
1.08161 56.8874 
1.08698 56.2362 
1.09238 55.592 
1.09781 54.9547 
1.10326 54.3242 
1.10874 53.7003 
1.11425 53.0829 
1.11978 52.4722 
1.12534 51.8679 
1.13093 51.2701 
1.13655 50.6788 
1.14219 50.094 
1.14787 49.5155 
1.15357 48.9433 
1.1593 48.3775 
1.16505 47.818 
1.17084 47.2646 
1.17665 46.7175 
1.1825 46.1764 
1.18837 45.6414 
1.19427 45.1123 
1.2002 44.5892 
1.20617 44.072 
1.21216 43.5606 
1.21818 43.0548 
1.22423 42.5547 
1.23031 42.0602 
1.23642 41.5714 
1.24256 41.0881 
1.24873 40.6104 
1.25493 40.1384 
1.26116 39.672 
1.26743 39.2112 
1.27372 38.7561 
1.28005 38.3066 
1.2864 37.8627 
1.29279 37.4244 
1.29921 36.9917 
1.30567 36.5647 
1.31215 36.1432 
1.31867 35.7272 
1.32522 35.3169 
1.3318 34.912 
1.33841 34.5127 
1.34506 34.1189 
1.35174 33.7305 
1.35845 33.3475 
1.3652 32.9696 
1.37198 32.5964 
1.3788 32.2277 
1.38564 31.8632 
1.39252 31.5024 
1.39944 31.145 
1.40639 30.7908 
1.41338 30.4393 
1.4204 30.0902 
1.42745 29.7431 
1.43454 29.3976 
1.44166 29.0534 
1.44882 28.7101 
1.45602 28.3672 
1.46325 28.0244 
1.47052 27.6812 
1.47782 27.3373 
1.48516 26.9922 
1.49254 26.6454 
