2 0.0144653 5.83881e-08 6.5665e-06 
3 0.0131608 5.4586e-08 1.16779e-05 
4 0.0112569 5.16674e-08 1.27137e-05 
5 0.0105979 4.93241e-08 1.11226e-05 
6 0.0114642 4.73583e-08 8.22194e-06 
7 0.0135557 4.56608e-08 4.95752e-06 
8 0.0165453 4.41633e-08 1.85655e-06 
9 0.020244 4.2795e-08 -8.54899e-07 
10 0.0245959 4.16001e-08 -3.02119e-06 
11 0.0295458 4.04736e-08 -4.77622e-06 
12 0.0350322 3.9442e-08 -6.17553e-06 
13 0.0409671 3.84405e-08 -7.32145e-06 
14 0.0473024 3.75303e-08 -8.24691e-06 
15 0.054 3.67095e-08 -9.00809e-06 
16 0.0610174 3.58605e-08 -9.71062e-06 
17 0.068324 3.50243e-08 -1.03818e-05 
18 0.0758961 3.4268e-08 -1.10249e-05 
19 0.0837147 3.36106e-08 -1.16474e-05 
20 0.0917672 3.30104e-08 -1.22612e-05 
21 0.100045 3.23892e-08 -1.28803e-05 
22 0.108539 3.17555e-08 -1.35087e-05 
23 0.117241 3.11364e-08 -1.41463e-05 
24 0.126147 3.05452e-08 -1.47906e-05 
25 0.135261 2.99782e-08 -1.54367e-05 
26 0.144588 2.94214e-08 -1.60787e-05 
27 0.154126 2.88811e-08 -1.67147e-05 
28 0.163875 2.83638e-08 -1.73441e-05 
29 0.173833 2.78669e-08 -1.79654e-05 
30 0.184002 2.73777e-08 -1.85767e-05 
31 0.194385 2.68797e-08 -1.91758e-05 
32 0.204976 2.63785e-08 -1.9762e-05 
33 0.215771 2.58848e-08 -2.03353e-05 
34 0.226762 2.54075e-08 -2.08954e-05 
35 0.237942 2.49526e-08 -2.14421e-05 
36 0.249302 2.45238e-08 -2.19747e-05 
37 0.260834 2.41211e-08 -2.24926e-05 
38 0.272528 2.37416e-08 -2.29949e-05 
39 0.284371 2.33781e-08 -2.34802e-05 
40 0.296351 2.30193e-08 -2.39471e-05 
41 0.308456 2.26535e-08 -2.4394e-05 
42 0.320678 2.22815e-08 -2.4821e-05 
43 0.33301 2.1907e-08 -2.52281e-05 
44 0.345445 2.15335e-08 -2.56156e-05 
45 0.357976 2.11636e-08 -2.5984e-05 
46 0.370596 2.07992e-08 -2.63335e-05 
47 0.3833 2.04416e-08 -2.66646e-05 
48 0.39608 2.0091e-08 -2.69778e-05 
49 0.408931 1.97469e-08 -2.72734e-05 
50 0.421845 1.94076e-08 -2.75521e-05 
51 0.434818 1.90714e-08 -2.78141e-05 
52 0.447844 1.87393e-08 -2.806e-05 
53 0.460921 1.84126e-08 -2.82901e-05 
54 0.474045 1.80926e-08 -2.85046e-05 
55 0.487215 1.77799e-08 -2.87038e-05 
56 0.500428 1.74746e-08 -2.8888e-05 
57 0.513683 1.71766e-08 -2.90574e-05 
58 0.526979 1.68849e-08 -2.9212e-05 
59 0.540315 1.65983e-08 -2.93519e-05 
60 0.553692 1.63148e-08 -2.94772e-05 
61 0.567109 1.60325e-08 -2.95877e-05 
62 0.580565 1.57518e-08 -2.96839e-05 
63 0.594059 1.54734e-08 -2.97661e-05 
64 0.607588 1.51981e-08 -2.98348e-05 
65 0.62115 1.49263e-08 -2.98903e-05 
66 0.634744 1.46585e-08 -2.9933e-05 
67 0.64837 1.43947e-08 -2.99632e-05 
68 0.662024 1.41349e-08 -2.99813e-05 
69 0.675707 1.38787e-08 -2.99874e-05 
70 0.689417 1.36257e-08 -2.99818e-05 
71 0.703154 1.33754e-08 -2.99647e-05 
72 0.716917 1.3128e-08 -2.99365e-05 
73 0.730706 1.28839e-08 -2.98976e-05 
74 0.744522 1.26433e-08 -2.98484e-05 
75 0.758365 1.24065e-08 -2.97892e-05 
76 0.772235 1.21734e-08 -2.97205e-05 
77 0.786134 1.19441e-08 -2.96424e-05 
78 0.800062 1.17183e-08 -2.95554e-05 
79 0.814021 1.14956e-08 -2.94596e-05 
80 0.828012 1.12757e-08 -2.93552e-05 
81 0.842036 1.1058e-08 -2.92425e-05 
82 0.856095 1.08428e-08 -2.91219e-05 
83 0.87019 1.06301e-08 -2.89937e-05 
84 0.884321 1.04204e-08 -2.88583e-05 
85 0.89849 1.02136e-08 -2.87162e-05 
86 0.912699 1.00098e-08 -2.85677e-05 
87 0.926949 9.80913e-09 -2.84131e-05 
88 0.941242 9.61146e-09 -2.82527e-05 
89 0.955578 9.41665e-09 -2.80869e-05 
90 0.969961 9.22452e-09 -2.79157e-05 
91 0.984392 9.03485e-09 -2.77396e-05 
92 0.998873 8.8477e-09 -2.75589e-05 
93 1.01341 8.66318e-09 -2.73738e-05 
94 1.02799 8.48135e-09 -2.71847e-05 
95 1.04263 8.30221e-09 -2.6992e-05 
96 1.05733 8.12574e-09 -2.67958e-05 
97 1.07209 7.95186e-09 -2.65965e-05 
98 1.08691 7.78045e-09 -2.63943e-05 
99 1.1018 7.61132e-09 -2.61894e-05 
100 1.11675 7.44426e-09 -2.5982e-05 
101 1.13177 7.27906e-09 -2.57722e-05 
102 1.14686 7.11584e-09 -2.55605e-05 
103 1.16202 6.95475e-09 -2.53471e-05 
104 1.17726 6.79596e-09 -2.51325e-05 
105 1.19257 6.63959e-09 -2.49169e-05 
106 1.20796 6.48575e-09 -2.47008e-05 
107 1.22344 6.33456e-09 -2.44845e-05 
108 1.23899 6.18607e-09 -2.42682e-05 
109 1.25463 6.04035e-09 -2.40523e-05 
110 1.27035 5.89742e-09 -2.3837e-05 
111 1.28617 5.75731e-09 -2.36225e-05 
112 1.30207 5.61999e-09 -2.34092e-05 
113 1.31806 5.48543e-09 -2.31972e-05 
114 1.33415 5.35357e-09 -2.29866e-05 
115 1.35033 5.22433e-09 -2.27778e-05 
116 1.36661 5.09758e-09 -2.25708e-05 
117 1.38299 4.9732e-09 -2.23658e-05 
118 1.39946 4.85101e-09 -2.21627e-05 
119 1.41604 4.73082e-09 -2.19618e-05 
120 1.43273 4.6124e-09 -2.17631e-05 
121 1.44951 4.49556e-09 -2.15666e-05 
122 1.46641 4.38033e-09 -2.13725e-05 
123 1.48341 4.26678e-09 -2.11812e-05 
124 1.50052 4.15499e-09 -2.09928e-05 
125 1.51773 4.04502e-09 -2.08076e-05 
126 1.53506 3.93692e-09 -2.06258e-05 
127 1.5525 3.83075e-09 -2.04477e-05 
128 1.57005 3.72654e-09 -2.02733e-05 
129 1.58772 3.62433e-09 -2.0103e-05 
130 1.6055 3.52413e-09 -1.99368e-05 
131 1.62339 3.42596e-09 -1.97749e-05 
132 1.6414 3.32982e-09 -1.96175e-05 
133 1.65952 3.2357e-09 -1.94647e-05 
134 1.67776 3.14359e-09 -1.93165e-05 
135 1.69611 3.05346e-09 -1.91731e-05 
136 1.71458 2.96526e-09 -1.90346e-05 
137 1.73316 2.87895e-09 -1.89009e-05 
138 1.75186 2.79447e-09 -1.87722e-05 
139 1.77067 2.71175e-09 -1.86484e-05 
140 1.78959 2.6307e-09 -1.85295e-05 
141 1.80863 2.55125e-09 -1.84155e-05 
142 1.82778 2.47342e-09 -1.83066e-05 
143 1.84705 2.39722e-09 -1.82028e-05 
144 1.86642 2.32269e-09 -1.81044e-05 
145 1.88591 2.24985e-09 -1.80114e-05 
146 1.9055 2.17871e-09 -1.79239e-05 
147 1.92521 2.10928e-09 -1.7842e-05 
148 1.94503 2.04157e-09 -1.77657e-05 
149 1.96495 1.97558e-09 -1.76953e-05 
150 1.98498 1.9113e-09 -1.76306e-05 
151 2.00511 1.84872e-09 -1.75718e-05 
152 2.02535 1.78782e-09 -1.75188e-05 
153 2.04569 1.72859e-09 -1.74718e-05 
154 2.06613 1.67098e-09 -1.74306e-05 
155 2.08667 1.61498e-09 -1.73953e-05 
156 2.1073 1.56053e-09 -1.73658e-05 
157 2.12803 1.5076e-09 -1.73421e-05 
158 2.14885 1.45612e-09 -1.73242e-05 
159 2.16975 1.40603e-09 -1.73119e-05 
160 2.19074 1.35728e-09 -1.73051e-05 
161 2.21182 1.3098e-09 -1.73039e-05 
162 2.23297 1.26358e-09 -1.73081e-05 
163 2.25421 1.21865e-09 -1.73179e-05 
164 2.27552 1.175e-09 -1.73332e-05 
165 2.2969 1.13265e-09 -1.73542e-05 
166 2.31835 1.09159e-09 -1.73807e-05 
167 2.33988 1.05182e-09 -1.74128e-05 
168 2.36147 1.01335e-09 -1.74504e-05 
169 2.38312 9.76163e-10 -1.74937e-05 
170 2.40484 9.40254e-10 -1.75424e-05 
171 2.42661 9.05611e-10 -1.75966e-05 
172 2.44843 8.72219e-10 -1.76563e-05 
173 2.47031 8.40062e-10 -1.77214e-05 
174 2.49223 8.09117e-10 -1.77917e-05 
175 2.5142 7.79362e-10 -1.78672e-05 
176 2.53621 7.50769e-10 -1.79479e-05 
177 2.55825 7.23308e-10 -1.80336e-05 
178 2.58032 6.96945e-10 -1.81242e-05 
179 2.60242 6.71643e-10 -1.82196e-05 
180 2.62455 6.47361e-10 -1.83195e-05 
181 2.64669 6.24063e-10 -1.8424e-05 
182 2.66884 6.0174e-10 -1.85329e-05 
183 2.69101 5.80393e-10 -1.86462e-05 
184 2.71318 5.60015e-10 -1.87639e-05 
185 2.73536 5.40604e-10 -1.88859e-05 
186 2.75754 5.22152e-10 -1.90121e-05 
187 2.77972 5.0465e-10 -1.91425e-05 
188 2.80189 4.8809e-10 -1.9277e-05 
189 2.82405 4.72458e-10 -1.94155e-05 
190 2.8462 4.57742e-10 -1.9558e-05 
191 2.86833 4.43927e-10 -1.97043e-05 
192 2.89043 4.30994e-10 -1.98544e-05 
193 2.91251 4.18926e-10 -2.0008e-05 
194 2.93455 4.07701e-10 -2.01652e-05 
195 2.95656 3.97297e-10 -2.03257e-05 
196 2.97853 3.87689e-10 -2.04895e-05 
197 3.00045 3.78851e-10 -2.06564e-05 
198 3.02232 3.70754e-10 -2.08262e-05 
199 3.04414 3.63367e-10 -2.09988e-05 
200 3.06589 3.56658e-10 -2.1174e-05 
201 3.08758 3.50598e-10 -2.13516e-05 
202 3.1092 3.45178e-10 -2.15316e-05 
203 3.13074 3.40393e-10 -2.1714e-05 
204 3.15221 3.3624e-10 -2.18985e-05 
205 3.1736 3.32711e-10 -2.20852e-05 
206 3.19491 3.29802e-10 -2.2274e-05 
207 3.21612 3.27503e-10 -2.24647e-05 
208 3.23725 3.25808e-10 -2.26574e-05 
209 3.25828 3.24706e-10 -2.28519e-05 
210 3.27922 3.24189e-10 -2.30481e-05 
211 3.30005 3.24243e-10 -2.32459e-05 
212 3.32078 3.24859e-10 -2.34453e-05 
213 3.34139 3.26023e-10 -2.3646e-05 
214 3.36189 3.2772e-10 -2.38481e-05 
215 3.38228 3.29938e-10 -2.40513e-05 
216 3.40254 3.32658e-10 -2.42555e-05 
217 3.42268 3.35866e-10 -2.44607e-05 
218 3.44269 3.39544e-10 -2.46667e-05 
219 3.46256 3.43671e-10 -2.48732e-05 
220 3.48229 3.4823e-10 -2.50803e-05 
221 3.50188 3.53199e-10 -2.52878e-05 
222 3.52133 3.58555e-10 -2.54954e-05 
223 3.54062 3.64277e-10 -2.57031e-05 
224 3.55976 3.70341e-10 -2.59106e-05 
225 3.57874 3.7672e-10 -2.61179e-05 
226 3.59755 3.83393e-10 -2.63246e-05 
227 3.61619 3.90351e-10 -2.65309e-05 
228 3.63467 3.97587e-10 -2.67365e-05 
229 3.65297 4.05096e-10 -2.69414e-05 
230 3.6711 4.12871e-10 -2.71456e-05 
231 3.68905 4.20905e-10 -2.73489e-05 
232 3.70682 4.29191e-10 -2.75512e-05 
233 3.7244 4.3772e-10 -2.77526e-05 
234 3.74181 4.46485e-10 -2.79529e-05 
235 3.75902 4.55478e-10 -2.81519e-05 
236 3.77605 4.64688e-10 -2.83498e-05 
237 3.79288 4.74108e-10 -2.85462e-05 
238 3.80953 4.83727e-10 -2.87413e-05 
239 3.82597 4.93536e-10 -2.89348e-05 
240 3.84221 5.03523e-10 -2.91266e-05 
241 3.85826 5.13677e-10 -2.93167e-05 
242 3.8741 5.23988e-10 -2.95051e-05 
243 3.88974 5.34444e-10 -2.96914e-05 
244 3.90516 5.45032e-10 -2.98758e-05 
245 3.92038 5.55739e-10 -3.0058e-05 
246 3.93539 5.66553e-10 -3.0238e-05 
247 3.95018 5.7746e-10 -3.04157e-05 
248 3.96476 5.88445e-10 -3.05909e-05 
249 3.97912 5.99495e-10 -3.07636e-05 
250 3.99326 6.10594e-10 -3.09335e-05 
251 4.00718 6.21729e-10 -3.11007e-05 
252 4.02087 6.32893e-10 -3.12651e-05 
253 4.03434 6.4408e-10 -3.14265e-05 
254 4.04759 6.55286e-10 -3.1585e-05 
255 4.06061 6.66505e-10 -3.17406e-05 
256 4.0734 6.77731e-10 -3.1893e-05 
257 4.08597 6.88958e-10 -3.20424e-05 
258 4.09831 7.00181e-10 -3.21886e-05 
259 4.11042 7.11394e-10 -3.23316e-05 
260 4.12231 7.2259e-10 -3.24714e-05 
261 4.13397 7.33762e-10 -3.26078e-05 
262 4.1454 7.44906e-10 -3.27409e-05 
263 4.1566 7.56013e-10 -3.28706e-05 
264 4.16757 7.67077e-10 -3.29969e-05 
265 4.17831 7.78092e-10 -3.31196e-05 
266 4.18882 7.8905e-10 -3.32387e-05 
267 4.19911 7.99944e-10 -3.33543e-05 
268 4.20916 8.10767e-10 -3.34662e-05 
269 4.21899 8.21511e-10 -3.35744e-05 
270 4.22859 8.32168e-10 -3.36788e-05 
271 4.23796 8.42732e-10 -3.37794e-05 
272 4.24711 8.53193e-10 -3.38761e-05 
273 4.25603 8.63544e-10 -3.39689e-05 
274 4.26472 8.73776e-10 -3.40578e-05 
275 4.27318 8.83881e-10 -3.41426e-05 
276 4.28143 8.93852e-10 -3.42234e-05 
277 4.28945 9.03684e-10 -3.43001e-05 
278 4.29724 9.13375e-10 -3.43728e-05 
279 4.30482 9.2292e-10 -3.44413e-05 
280 4.31218 9.32318e-10 -3.45057e-05 
281 4.31932 9.41564e-10 -3.4566e-05 
282 4.32624 9.50656e-10 -3.46222e-05 
283 4.33295 9.5959e-10 -3.46743e-05 
284 4.33945 9.68364e-10 -3.47222e-05 
285 4.34574 9.76975e-10 -3.4766e-05 
286 4.35182 9.85418e-10 -3.48056e-05 
287 4.35769 9.93692e-10 -3.48411e-05 
288 4.36336 1.00179e-09 -3.48725e-05 
289 4.36883 1.00972e-09 -3.48997e-05 
290 4.3741 1.01746e-09 -3.49228e-05 
291 4.37918 1.02502e-09 -3.49418e-05 
292 4.38406 1.0324e-09 -3.49567e-05 
293 4.38876 1.03959e-09 -3.49674e-05 
294 4.39326 1.04659e-09 -3.49741e-05 
295 4.39758 1.05339e-09 -3.49766e-05 
296 4.40172 1.06e-09 -3.49751e-05 
297 4.40568 1.0664e-09 -3.49695e-05 
298 4.40947 1.0726e-09 -3.49598e-05 
299 4.41308 1.0786e-09 -3.49461e-05 
300 4.41653 1.08438e-09 -3.49284e-05 
301 4.41982 1.08995e-09 -3.49067e-05 
302 4.42294 1.09531e-09 -3.48811e-05 
303 4.4259 1.10045e-09 -3.48514e-05 
304 4.4287 1.10538e-09 -3.48178e-05 
305 4.43135 1.11009e-09 -3.47803e-05 
306 4.43384 1.11459e-09 -3.47389e-05 
307 4.43618 1.11887e-09 -3.46936e-05 
308 4.43837 1.12293e-09 -3.46444e-05 
309 4.44042 1.12678e-09 -3.45913e-05 
310 4.44232 1.1304e-09 -3.45345e-05 
311 4.44408 1.13381e-09 -3.44739e-05 
312 4.4457 1.137e-09 -3.44095e-05 
313 4.44718 1.13998e-09 -3.43414e-05 
314 4.44852 1.14273e-09 -3.42696e-05 
315 4.44974 1.14527e-09 -3.41941e-05 
316 4.45083 1.14759e-09 -3.41151e-05 
317 4.45179 1.14969e-09 -3.40324e-05 
318 4.45263 1.15157e-09 -3.39462e-05 
319 4.45334 1.15324e-09 -3.38564e-05 
320 4.45395 1.15469e-09 -3.37632e-05 
321 4.45443 1.15593e-09 -3.36666e-05 
322 4.45481 1.15695e-09 -3.35666e-05 
323 4.45508 1.15776e-09 -3.34633e-05 
324 4.45525 1.15835e-09 -3.33566e-05 
325 4.45531 1.15874e-09 -3.32468e-05 
326 4.45528 1.15891e-09 -3.31338e-05 
327 4.45516 1.15887e-09 -3.30176e-05 
328 4.45495 1.15862e-09 -3.28983e-05 
329 4.45465 1.15816e-09 -3.27761e-05 
330 4.45427 1.1575e-09 -3.26509e-05 
331 4.45381 1.15663e-09 -3.25228e-05 
332 4.45327 1.15556e-09 -3.23918e-05 
333 4.45267 1.15429e-09 -3.22581e-05 
334 4.452 1.15281e-09 -3.21216e-05 
335 4.45127 1.15114e-09 -3.19826e-05 
336 4.45048 1.14927e-09 -3.18409e-05 
337 4.44964 1.14721e-09 -3.16968e-05 
338 4.44875 1.14496e-09 -3.15502e-05 
339 4.44781 1.14251e-09 -3.14013e-05 
340 4.44684 1.13988e-09 -3.12501e-05 
341 4.44583 1.13706e-09 -3.10967e-05 
342 4.44479 1.13406e-09 -3.09412e-05 
343 4.44372 1.13088e-09 -3.07837e-05 
344 4.44264 1.12752e-09 -3.06242e-05 
345 4.44153 1.12399e-09 -3.04629e-05 
346 4.44042 1.12029e-09 -3.02997e-05 
347 4.4393 1.11641e-09 -3.01349e-05 
348 4.43818 1.11237e-09 -2.99686e-05 
349 4.43707 1.10817e-09 -2.98007e-05 
350 4.43597 1.10381e-09 -2.96314e-05 
351 4.43488 1.09929e-09 -2.94608e-05 
352 4.43381 1.09462e-09 -2.92889e-05 
353 4.43276 1.08979e-09 -2.91158e-05 
354 4.43173 1.08481e-09 -2.89416e-05 
355 4.43072 1.07969e-09 -2.87662e-05 
356 4.42974 1.07441e-09 -2.85897e-05 
357 4.42879 1.06899e-09 -2.84121e-05 
358 4.42786 1.06343e-09 -2.82336e-05 
359 4.42697 1.05772e-09 -2.80541e-05 
360 4.42611 1.05188e-09 -2.78737e-05 
361 4.42528 1.04589e-09 -2.76924e-05 
362 4.42449 1.03977e-09 -2.75103e-05 
363 4.42374 1.03351e-09 -2.73275e-05 
364 4.42303 1.02713e-09 -2.71439e-05 
365 4.42236 1.02061e-09 -2.69597e-05 
366 4.42173 1.01397e-09 -2.67748e-05 
367 4.42115 1.0072e-09 -2.65894e-05 
368 4.42062 1.00031e-09 -2.64035e-05 
369 4.42013 9.93303e-10 -2.62171e-05 
370 4.4197 9.86178e-10 -2.60303e-05 
371 4.41932 9.78939e-10 -2.58431e-05 
372 4.41899 9.71588e-10 -2.56557e-05 
373 4.41872 9.6413e-10 -2.5468e-05 
374 4.41851 9.56566e-10 -2.52801e-05 
375 4.41836 9.48899e-10 -2.50921e-05 
376 4.41828 9.41134e-10 -2.4904e-05 
377 4.41825 9.33272e-10 -2.4716e-05 
378 4.41829 9.25318e-10 -2.45279e-05 
379 4.4184 9.17274e-10 -2.434e-05 
380 4.41858 9.09144e-10 -2.41523e-05 
381 4.41883 9.00931e-10 -2.39648e-05 
382 4.41916 8.92639e-10 -2.37776e-05 
383 4.41955 8.84272e-10 -2.35907e-05 
384 4.42003 8.75832e-10 -2.34043e-05 
385 4.42058 8.67325e-10 -2.32184e-05 
386 4.42121 8.58753e-10 -2.3033e-05 
387 4.42193 8.50121e-10 -2.28483e-05 
388 4.42273 8.41432e-10 -2.26642e-05 
389 4.42361 8.32691e-10 -2.24809e-05 
390 4.42458 8.23902e-10 -2.22985e-05 
391 4.42564 8.15069e-10 -2.21169e-05 
392 4.42679 8.06196e-10 -2.19363e-05 
393 4.42804 7.97287e-10 -2.17568e-05 
394 4.42937 7.88348e-10 -2.15784e-05 
395 4.43081 7.79383e-10 -2.14011e-05 
396 4.43234 7.70396e-10 -2.12252e-05 
397 4.43396 7.61392e-10 -2.10505e-05 
398 4.4357 7.52375e-10 -2.08773e-05 
399 4.43753 7.43351e-10 -2.07056e-05 
400 4.43947 7.34325e-10 -2.05355e-05 
401 4.44151 7.25301e-10 -2.0367e-05 
402 4.44366 7.16281e-10 -2.02002e-05 
403 4.44591 7.07266e-10 -2.0035e-05 
404 4.44827 6.98259e-10 -1.98716e-05 
405 4.45074 6.89261e-10 -1.97099e-05 
406 4.4533 6.80272e-10 -1.955e-05 
407 4.45598 6.71296e-10 -1.93918e-05 
408 4.45876 6.62333e-10 -1.92355e-05 
409 4.46164 6.53385e-10 -1.90809e-05 
410 4.46462 6.44453e-10 -1.89282e-05 
411 4.46771 6.3554e-10 -1.87773e-05 
412 4.4709 6.26647e-10 -1.86283e-05 
413 4.47418 6.17775e-10 -1.84812e-05 
414 4.47757 6.08927e-10 -1.8336e-05 
415 4.48106 6.00103e-10 -1.81927e-05 
416 4.48465 5.91306e-10 -1.80513e-05 
417 4.48834 5.82537e-10 -1.79119e-05 
418 4.49212 5.73798e-10 -1.77744e-05 
419 4.496 5.65091e-10 -1.76389e-05 
420 4.49997 5.56418e-10 -1.75055e-05 
421 4.50404 5.47779e-10 -1.7374e-05 
422 4.5082 5.39177e-10 -1.72446e-05 
423 4.51245 5.30615e-10 -1.71172e-05 
424 4.51679 5.22092e-10 -1.69918e-05 
425 4.52122 5.13612e-10 -1.68686e-05 
426 4.52574 5.05176e-10 -1.67474e-05 
427 4.53035 4.96786e-10 -1.66283e-05 
428 4.53504 4.88444e-10 -1.65113e-05 
429 4.53981 4.80152e-10 -1.63964e-05 
430 4.54466 4.71911e-10 -1.62837e-05 
431 4.5496 4.63723e-10 -1.61731e-05 
432 4.55461 4.55591e-10 -1.60646e-05 
433 4.5597 4.47516e-10 -1.59584e-05 
434 4.56487 4.395e-10 -1.58542e-05 
435 4.57011 4.31545e-10 -1.57523e-05 
436 4.57542 4.23653e-10 -1.56525e-05 
437 4.5808 4.15826e-10 -1.5555e-05 
438 4.58625 4.08066e-10 -1.54596e-05 
439 4.59176 4.00375e-10 -1.53665e-05 
440 4.59734 3.92755e-10 -1.52756e-05 
441 4.60297 3.85208e-10 -1.51869e-05 
442 4.60867 3.77735e-10 -1.51004e-05 
443 4.61442 3.7034e-10 -1.50162e-05 
444 4.62023 3.63024e-10 -1.49342e-05 
445 4.62609 3.55789e-10 -1.48545e-05 
446 4.63199 3.48637e-10 -1.4777e-05 
447 4.63795 3.41571e-10 -1.47018e-05 
448 4.64394 3.34592e-10 -1.46288e-05 
449 4.64998 3.27702e-10 -1.45582e-05 
450 4.65606 3.20904e-10 -1.44897e-05 
451 4.66217 3.142e-10 -1.44236e-05 
452 4.66832 3.0759e-10 -1.43597e-05 
453 4.6745 3.01074e-10 -1.4298e-05 
454 4.68071 2.94653e-10 -1.42386e-05 
455 4.68695 2.88327e-10 -1.41814e-05 
456 4.69322 2.82097e-10 -1.41264e-05 
457 4.69952 2.75962e-10 -1.40736e-05 
458 4.70584 2.69923e-10 -1.40231e-05 
459 4.71218 2.6398e-10 -1.39746e-05 
460 4.71855 2.58134e-10 -1.39284e-05 
461 4.72493 2.52384e-10 -1.38842e-05 
462 4.73133 2.4673e-10 -1.38422e-05 
463 4.73774 2.41174e-10 -1.38024e-05 
464 4.74417 2.35714e-10 -1.37645e-05 
465 4.75061 2.30351e-10 -1.37288e-05 
466 4.75706 2.25085e-10 -1.36951e-05 
467 4.76351 2.19917e-10 -1.36635e-05 
468 4.76997 2.14845e-10 -1.36338e-05 
469 4.77644 2.09871e-10 -1.36061e-05 
470 4.7829 2.04994e-10 -1.35804e-05 
471 4.78936 2.00214e-10 -1.35567e-05 
472 4.79582 1.95531e-10 -1.35348e-05 
473 4.80227 1.90945e-10 -1.35149e-05 
474 4.80871 1.86456e-10 -1.34968e-05 
475 4.81514 1.82064e-10 -1.34805e-05 
476 4.82156 1.77768e-10 -1.3466e-05 
477 4.82796 1.73569e-10 -1.34534e-05 
478 4.83434 1.69466e-10 -1.34425e-05 
479 4.8407 1.6546e-10 -1.34333e-05 
480 4.84703 1.61549e-10 -1.34257e-05 
481 4.85334 1.57734e-10 -1.34199e-05 
482 4.85962 1.54015e-10 -1.34157e-05 
483 4.86586 1.5039e-10 -1.34131e-05 
484 4.87207 1.4686e-10 -1.3412e-05 
485 4.87824 1.43425e-10 -1.34125e-05 
486 4.88437 1.40084e-10 -1.34144e-05 
487 4.89045 1.36836e-10 -1.34178e-05 
488 4.89649 1.33682e-10 -1.34226e-05 
489 4.90247 1.3062e-10 -1.34288e-05 
490 4.9084 1.27651e-10 -1.34364e-05 
491 4.91427 1.24774e-10 -1.34452e-05 
492 4.92009 1.21988e-10 -1.34553e-05 
493 4.92583 1.19293e-10 -1.34666e-05 
494 4.93152 1.16688e-10 -1.34791e-05 
495 4.93713 1.14173e-10 -1.34927e-05 
496 4.94266 1.11747e-10 -1.35074e-05 
497 4.94812 1.09409e-10 -1.35231e-05 
498 4.95349 1.0716e-10 -1.35398e-05 
499 4.95879 1.04997e-10 -1.35575e-05 
500 4.96399 1.02921e-10 -1.35761e-05 
501 4.9691 1.0093e-10 -1.35955e-05 
502 4.97412 9.90249e-11 -1.36157e-05 
503 4.97904 9.72039e-11 -1.36368e-05 
504 4.98387 9.54667e-11 -1.36586e-05 
505 4.9886 9.38126e-11 -1.36812e-05 
506 4.99324 9.2241e-11 -1.37046e-05 
507 4.99777 9.07512e-11 -1.37287e-05 
508 5.00221 8.93424e-11 -1.37534e-05 
509 5.00656 8.80138e-11 -1.37789e-05 
510 5.0108 8.67647e-11 -1.3805e-05 
511 5.01494 8.55942e-11 -1.38317e-05 
512 5.01898 8.45016e-11 -1.38591e-05 
513 5.02292 8.34859e-11 -1.3887e-05 
514 5.02675 8.25463e-11 -1.39154e-05 
515 5.03048 8.16818e-11 -1.39444e-05 
516 5.0341 8.08915e-11 -1.39739e-05 
517 5.03762 8.01746e-11 -1.40038e-05 
518 5.04104 7.95299e-11 -1.40342e-05 
519 5.04434 7.89564e-11 -1.4065e-05 
520 5.04754 7.84532e-11 -1.40962e-05 
521 5.05063 7.80191e-11 -1.41278e-05 
522 5.05361 7.76531e-11 -1.41597e-05 
523 5.05647 7.73541e-11 -1.41918e-05 
524 5.05923 7.71209e-11 -1.42243e-05 
525 5.06187 7.69523e-11 -1.4257e-05 
526 5.0644 7.68471e-11 -1.42898e-05 
527 5.06681 7.68042e-11 -1.43229e-05 
528 5.06911 7.68222e-11 -1.43561e-05 
529 5.07129 7.68999e-11 -1.43894e-05 
530 5.07336 7.7036e-11 -1.44228e-05 
531 5.07531 7.72291e-11 -1.44562e-05 
532 5.07713 7.74779e-11 -1.44896e-05 
533 5.07884 7.7781e-11 -1.4523e-05 
534 5.08043 7.8137e-11 -1.45563e-05 
535 5.08189 7.85445e-11 -1.45895e-05 
536 5.08323 7.90018e-11 -1.46225e-05 
537 5.08445 7.95077e-11 -1.46554e-05 
538 5.08554 8.00605e-11 -1.46881e-05 
539 5.0865 8.06587e-11 -1.47205e-05 
540 5.08734 8.13006e-11 -1.47526e-05 
541 5.08805 8.19847e-11 -1.47844e-05 
542 5.08864 8.27094e-11 -1.48158e-05 
543 5.08909 8.34729e-11 -1.48468e-05 
544 5.08941 8.42735e-11 -1.48773e-05 
545 5.0896 8.51096e-11 -1.49074e-05 
546 5.08965 8.59793e-11 -1.49369e-05 
547 5.08958 8.68809e-11 -1.49658e-05 
548 5.08936 8.78125e-11 -1.49941e-05 
549 5.08901 8.87724e-11 -1.50217e-05 
550 5.08853 8.97585e-11 -1.50485e-05 
551 5.0879 9.07692e-11 -1.50747e-05 
552 5.08714 9.18037e-11 -1.51001e-05 
553 5.08624 9.28612e-11 -1.51246e-05 
554 5.08521 9.39412e-11 -1.51484e-05 
555 5.08404 9.50429e-11 -1.51715e-05 
556 5.08274 9.61656e-11 -1.51937e-05 
557 5.0813 9.73086e-11 -1.52151e-05 
558 5.07974 9.84712e-11 -1.52357e-05 
559 5.07804 9.96526e-11 -1.52554e-05 
560 5.07622 1.00852e-10 -1.52744e-05 
561 5.07426 1.02069e-10 -1.52925e-05 
562 5.07218 1.03302e-10 -1.53098e-05 
563 5.06997 1.04552e-10 -1.53262e-05 
564 5.06764 1.05816e-10 -1.53417e-05 
565 5.06518 1.07094e-10 -1.53564e-05 
566 5.0626 1.08386e-10 -1.53702e-05 
567 5.05989 1.0969e-10 -1.53831e-05 
568 5.05707 1.11006e-10 -1.53952e-05 
569 5.05413 1.12333e-10 -1.54063e-05 
570 5.05107 1.13669e-10 -1.54165e-05 
571 5.04789 1.15015e-10 -1.54259e-05 
572 5.0446 1.16369e-10 -1.54343e-05 
573 5.04119 1.1773e-10 -1.54417e-05 
574 5.03767 1.19097e-10 -1.54483e-05 
575 5.03404 1.2047e-10 -1.54538e-05 
576 5.0303 1.21847e-10 -1.54585e-05 
577 5.02645 1.23228e-10 -1.54622e-05 
578 5.0225 1.24611e-10 -1.54649e-05 
579 5.01844 1.25995e-10 -1.54666e-05 
580 5.01427 1.2738e-10 -1.54674e-05 
581 5.01 1.28765e-10 -1.54671e-05 
582 5.00564 1.30147e-10 -1.54659e-05 
583 5.00117 1.31528e-10 -1.54636e-05 
584 4.9966 1.32904e-10 -1.54604e-05 
585 4.99194 1.34276e-10 -1.54561e-05 
586 4.98719 1.35642e-10 -1.54507e-05 
587 4.98234 1.37001e-10 -1.54444e-05 
588 4.9774 1.38352e-10 -1.5437e-05 
589 4.97237 1.39693e-10 -1.54285e-05 
590 4.96726 1.41025e-10 -1.5419e-05 
591 4.96206 1.42345e-10 -1.54084e-05 
592 4.95677 1.43652e-10 -1.53967e-05 
593 4.9514 1.44945e-10 -1.53839e-05 
594 4.94596 1.46223e-10 -1.53701e-05 
595 4.94043 1.47485e-10 -1.53551e-05 
596 4.93483 1.4873e-10 -1.5339e-05 
597 4.92915 1.49956e-10 -1.53218e-05 
598 4.92341 1.51161e-10 -1.53035e-05 
599 4.91759 1.52346e-10 -1.5284e-05 
600 4.9117 1.53508e-10 -1.52634e-05 
601 4.90575 1.54646e-10 -1.52416e-05 
602 4.89973 1.5576e-10 -1.52187e-05 
603 4.89365 1.56851e-10 -1.51947e-05 
604 4.88751 1.57916e-10 -1.51695e-05 
605 4.8813 1.58958e-10 -1.51432e-05 
606 4.87504 1.59975e-10 -1.51158e-05 
607 4.86873 1.60967e-10 -1.50873e-05 
608 4.86235 1.61934e-10 -1.50577e-05 
609 4.85593 1.62876e-10 -1.50271e-05 
610 4.84945 1.63793e-10 -1.49954e-05 
611 4.84293 1.64684e-10 -1.49626e-05 
612 4.83635 1.6555e-10 -1.49288e-05 
613 4.82973 1.6639e-10 -1.4894e-05 
614 4.82307 1.67205e-10 -1.48582e-05 
615 4.81636 1.67994e-10 -1.48213e-05 
616 4.80962 1.68756e-10 -1.47835e-05 
617 4.80283 1.69493e-10 -1.47447e-05 
618 4.79601 1.70203e-10 -1.4705e-05 
619 4.78915 1.70886e-10 -1.46642e-05 
620 4.78226 1.71543e-10 -1.46226e-05 
621 4.77534 1.72174e-10 -1.458e-05 
622 4.76839 1.72777e-10 -1.45366e-05 
623 4.76142 1.73353e-10 -1.44922e-05 
624 4.75442 1.73902e-10 -1.44469e-05 
625 4.74739 1.74424e-10 -1.44008e-05 
626 4.74035 1.74918e-10 -1.43539e-05 
627 4.73328 1.75385e-10 -1.43061e-05 
628 4.7262 1.75824e-10 -1.42575e-05 
629 4.71911 1.76236e-10 -1.42081e-05 
630 4.712 1.76619e-10 -1.41579e-05 
631 4.70489 1.76974e-10 -1.41069e-05 
632 4.69776 1.77301e-10 -1.40552e-05 
633 4.69063 1.776e-10 -1.40027e-05 
634 4.6835 1.7787e-10 -1.39495e-05 
635 4.67637 1.78112e-10 -1.38957e-05 
636 4.66924 1.78324e-10 -1.38411e-05 
637 4.66211 1.78508e-10 -1.37859e-05 
638 4.65499 1.78664e-10 -1.373e-05 
639 4.64787 1.78789e-10 -1.36735e-05 
640 4.64077 1.78886e-10 -1.36163e-05 
641 4.63368 1.78954e-10 -1.35586e-05 
642 4.6266 1.78992e-10 -1.35003e-05 
643 4.61955 1.79e-10 -1.34415e-05 
644 4.61251 1.78979e-10 -1.33821e-05 
645 4.6055 1.78928e-10 -1.33222e-05 
646 4.59851 1.78847e-10 -1.32618e-05 
647 4.59156 1.78736e-10 -1.32009e-05 
648 4.58463 1.78595e-10 -1.31396e-05 
649 4.57774 1.78423e-10 -1.30778e-05 
650 4.57088 1.78222e-10 -1.30157e-05 
651 4.56406 1.7799e-10 -1.29531e-05 
652 4.55728 1.77727e-10 -1.28902e-05 
653 4.55054 1.77435e-10 -1.28269e-05 
654 4.54384 1.77113e-10 -1.27632e-05 
655 4.53718 1.76762e-10 -1.26992e-05 
656 4.53057 1.76382e-10 -1.26349e-05 
657 4.524 1.75974e-10 -1.25703e-05 
658 4.51747 1.75536e-10 -1.25054e-05 
659 4.51099 1.75071e-10 -1.24402e-05 
660 4.50455 1.74579e-10 -1.23747e-05 
661 4.49816 1.74058e-10 -1.2309e-05 
662 4.49181 1.73511e-10 -1.22431e-05 
663 4.48552 1.72937e-10 -1.2177e-05 
664 4.47927 1.72337e-10 -1.21106e-05 
665 4.47307 1.71711e-10 -1.20441e-05 
666 4.46692 1.71059e-10 -1.19774e-05 
667 4.46082 1.70382e-10 -1.19106e-05 
668 4.45478 1.69681e-10 -1.18436e-05 
669 4.44878 1.68955e-10 -1.17765e-05 
670 4.44284 1.68204e-10 -1.17094e-05 
671 4.43695 1.6743e-10 -1.16421e-05 
672 4.43112 1.66633e-10 -1.15748e-05 
673 4.42534 1.65813e-10 -1.15074e-05 
674 4.41962 1.64971e-10 -1.144e-05 
675 4.41395 1.64107e-10 -1.13726e-05 
676 4.40834 1.63221e-10 -1.13052e-05 
677 4.40279 1.62314e-10 -1.12378e-05 
678 4.3973 1.61386e-10 -1.11704e-05 
679 4.39187 1.60438e-10 -1.11032e-05 
680 4.3865 1.59471e-10 -1.1036e-05 
681 4.38119 1.58484e-10 -1.09689e-05 
682 4.37594 1.57478e-10 -1.09019e-05 
683 4.37075 1.56454e-10 -1.08351e-05 
684 4.36563 1.55412e-10 -1.07684e-05 
685 4.36057 1.54353e-10 -1.07019e-05 
686 4.35557 1.53277e-10 -1.06356e-05 
687 4.35065 1.52184e-10 -1.05695e-05 
688 4.34578 1.51076e-10 -1.05036e-05 
689 4.34099 1.49952e-10 -1.04381e-05 
690 4.33626 1.48813e-10 -1.03728e-05 
691 4.3316 1.4766e-10 -1.03078e-05 
692 4.32701 1.46494e-10 -1.02431e-05 
693 4.3225 1.45314e-10 -1.01787e-05 
694 4.31805 1.44122e-10 -1.01148e-05 
695 4.31367 1.42917e-10 -1.00512e-05 
696 4.30937 1.41701e-10 -9.988e-06 
697 4.30513 1.40474e-10 -9.92526e-06 
698 4.30098 1.39236e-10 -9.86297e-06 
699 4.29689 1.37989e-10 -9.80116e-06 
700 4.29289 1.36733e-10 -9.73984e-06 
701 4.28895 1.35468e-10 -9.67905e-06 
702 4.2851 1.34195e-10 -9.61878e-06 
703 4.28132 1.32914e-10 -9.55905e-06 
704 4.27761 1.31625e-10 -9.49985e-06 
705 4.27397 1.30329e-10 -9.4412e-06 
706 4.27041 1.29026e-10 -9.38309e-06 
707 4.26692 1.27716e-10 -9.32554e-06 
708 4.26351 1.26401e-10 -9.26854e-06 
709 4.26016 1.25079e-10 -9.21211e-06 
710 4.25689 1.23752e-10 -9.15624e-06 
711 4.25368 1.2242e-10 -9.10095e-06 
712 4.25054 1.21083e-10 -9.04623e-06 
713 4.24747 1.19742e-10 -8.9921e-06 
714 4.24447 1.18396e-10 -8.93856e-06 
715 4.24153 1.17047e-10 -8.88561e-06 
716 4.23866 1.15695e-10 -8.83325e-06 
717 4.23586 1.1434e-10 -8.7815e-06 
718 4.23311 1.12983e-10 -8.73036e-06 
719 4.23044 1.11623e-10 -8.67983e-06 
720 4.22782 1.10262e-10 -8.62992e-06 
721 4.22526 1.08899e-10 -8.58063e-06 
722 4.22277 1.07536e-10 -8.53197e-06 
723 4.22034 1.06172e-10 -8.48394e-06 
724 4.21796 1.04808e-10 -8.43655e-06 
725 4.21564 1.03445e-10 -8.38981e-06 
726 4.21338 1.02082e-10 -8.34371e-06 
727 4.21117 1.00721e-10 -8.29826e-06 
728 4.20902 9.9361e-11 -8.25347e-06 
729 4.20692 9.80034e-11 -8.20935e-06 
730 4.20488 9.66484e-11 -8.16589e-06 
731 4.20288 9.52965e-11 -8.12311e-06 
732 4.20094 9.3948e-11 -8.081e-06 
733 4.19904 9.26034e-11 -8.03957e-06 
734 4.1972 9.12633e-11 -7.99884e-06 
735 4.1954 8.9928e-11 -7.95879e-06 
736 4.19365 8.8598e-11 -7.91944e-06 
737 4.19194 8.72738e-11 -7.8808e-06 
738 4.19027 8.59559e-11 -7.84286e-06 
739 4.18865 8.46448e-11 -7.80563e-06 
740 4.18707 8.33409e-11 -7.76912e-06 
741 4.18553 8.20448e-11 -7.73334e-06 
742 4.18403 8.07569e-11 -7.69828e-06 
743 4.18257 7.94777e-11 -7.66395e-06 
744 4.18114 7.82078e-11 -7.63035e-06 
745 4.17974 7.69477e-11 -7.5975e-06 
746 4.17838 7.56978e-11 -7.5654e-06 
747 4.17706 7.44587e-11 -7.53404e-06 
748 4.17576 7.32309e-11 -7.50345e-06 
749 4.17449 7.2015e-11 -7.47361e-06 
750 4.17325 7.08114e-11 -7.44454e-06 
751 4.17204 6.96207e-11 -7.41623e-06 
752 4.17085 6.8443e-11 -7.3887e-06 
753 4.16969 6.72784e-11 -7.36192e-06 
754 4.16855 6.61269e-11 -7.33589e-06 
755 4.16743 6.49887e-11 -7.31061e-06 
756 4.16634 6.38639e-11 -7.28608e-06 
757 4.16526 6.27525e-11 -7.26228e-06 
758 4.16421 6.16547e-11 -7.2392e-06 
759 4.16317 6.05705e-11 -7.21685e-06 
760 4.16215 5.95e-11 -7.19522e-06 
761 4.16114 5.84433e-11 -7.17429e-06 
762 4.16015 5.74005e-11 -7.15407e-06 
763 4.15917 5.63716e-11 -7.13454e-06 
764 4.1582 5.53568e-11 -7.11571e-06 
765 4.15724 5.43562e-11 -7.09755e-06 
766 4.1563 5.33698e-11 -7.08007e-06 
767 4.15536 5.23977e-11 -7.06325e-06 
768 4.15442 5.144e-11 -7.0471e-06 
769 4.1535 5.04968e-11 -7.03159e-06 
770 4.15257 4.95682e-11 -7.01673e-06 
771 4.15165 4.86543e-11 -7.00251e-06 
772 4.15073 4.77551e-11 -6.98891e-06 
773 4.14981 4.68708e-11 -6.97594e-06 
774 4.14889 4.60013e-11 -6.96357e-06 
775 4.14797 4.51469e-11 -6.95181e-06 
776 4.14704 4.43076e-11 -6.94064e-06 
777 4.14611 4.34834e-11 -6.93006e-06 
778 4.14517 4.26745e-11 -6.92006e-06 
779 4.14422 4.18809e-11 -6.91062e-06 
780 4.14326 4.11028e-11 -6.90175e-06 
781 4.14229 4.03402e-11 -6.89342e-06 
782 4.14131 3.95932e-11 -6.88564e-06 
783 4.14031 3.88618e-11 -6.87839e-06 
784 4.13929 3.81462e-11 -6.87165e-06 
785 4.13826 3.74465e-11 -6.86544e-06 
786 4.13721 3.67627e-11 -6.85972e-06 
787 4.13614 3.60949e-11 -6.85449e-06 
788 4.13504 3.54432e-11 -6.84975e-06 
789 4.13392 3.48076e-11 -6.84548e-06 
790 4.13278 3.41883e-11 -6.84167e-06 
791 4.13161 3.35853e-11 -6.83831e-06 
792 4.13041 3.29988e-11 -6.8354e-06 
793 4.12917 3.24287e-11 -6.83291e-06 
794 4.12791 3.18753e-11 -6.83084e-06 
795 4.12661 3.13384e-11 -6.82918e-06 
796 4.12527 3.08183e-11 -6.82791e-06 
797 4.1239 3.03151e-11 -6.82703e-06 
798 4.12249 2.98287e-11 -6.82653e-06 
799 4.12104 2.93593e-11 -6.82638e-06 
800 4.11954 2.89069e-11 -6.82659e-06 
801 4.118 2.84717e-11 -6.82714e-06 
802 4.11641 2.80534e-11 -6.82801e-06 
803 4.11478 2.7652e-11 -6.82921e-06 
804 4.1131 2.72673e-11 -6.83072e-06 
805 4.11137 2.68992e-11 -6.83254e-06 
806 4.1096 2.65475e-11 -6.83465e-06 
807 4.10778 2.62121e-11 -6.83704e-06 
808 4.10591 2.58928e-11 -6.83972e-06 
809 4.10399 2.55895e-11 -6.84266e-06 
810 4.10203 2.5302e-11 -6.84586e-06 
811 4.10001 2.50302e-11 -6.84931e-06 
812 4.09795 2.47739e-11 -6.853e-06 
813 4.09584 2.45329e-11 -6.85693e-06 
814 4.09367 2.43071e-11 -6.86107e-06 
815 4.09146 2.40963e-11 -6.86543e-06 
816 4.08919 2.39004e-11 -6.86998e-06 
817 4.08688 2.37191e-11 -6.87473e-06 
818 4.08451 2.35522e-11 -6.87966e-06 
819 4.08209 2.33997e-11 -6.88476e-06 
820 4.07961 2.32614e-11 -6.89002e-06 
821 4.07708 2.31369e-11 -6.89543e-06 
822 4.0745 2.30263e-11 -6.90099e-06 
823 4.07187 2.29292e-11 -6.90667e-06 
824 4.06918 2.28455e-11 -6.91247e-06 
825 4.06643 2.27749e-11 -6.91837e-06 
826 4.06363 2.27174e-11 -6.92437e-06 
827 4.06078 2.26726e-11 -6.93046e-06 
828 4.05787 2.26405e-11 -6.93663e-06 
829 4.0549 2.26207e-11 -6.94285e-06 
830 4.05187 2.26131e-11 -6.94913e-06 
831 4.04879 2.26175e-11 -6.95544e-06 
832 4.04564 2.26337e-11 -6.96179e-06 
833 4.04244 2.26614e-11 -6.96815e-06 
834 4.03918 2.27004e-11 -6.97452e-06 
835 4.03586 2.27505e-11 -6.98087e-06 
836 4.03248 2.28115e-11 -6.98721e-06 
837 4.02904 2.28832e-11 -6.99352e-06 
838 4.02554 2.29653e-11 -6.99978e-06 
839 4.02197 2.30576e-11 -7.00598e-06 
840 4.01835 2.31599e-11 -7.01212e-06 
841 4.01466 2.32719e-11 -7.01817e-06 
842 4.01091 2.33934e-11 -7.02413e-06 
843 4.00709 2.35241e-11 -7.02998e-06 
844 4.00321 2.36639e-11 -7.03571e-06 
845 3.99927 2.38124e-11 -7.0413e-06 
846 3.99526 2.39694e-11 -7.04675e-06 
847 3.99119 2.41347e-11 -7.05203e-06 
848 3.98704 2.4308e-11 -7.05715e-06 
849 3.98284 2.4489e-11 -7.06207e-06 
850 3.97856 2.46775e-11 -7.06679e-06 
851 3.97422 2.48732e-11 -7.07129e-06 
852 3.96981 2.5076e-11 -7.07558e-06 
853 3.96533 2.52856e-11 -7.07964e-06 
854 3.96079 2.55019e-11 -7.08348e-06 
855 3.95618 2.57248e-11 -7.08709e-06 
856 3.95151 2.59539e-11 -7.09047e-06 
857 3.94678 2.61892e-11 -7.09361e-06 
858 3.94198 2.64304e-11 -7.09651e-06 
859 3.93711 2.66774e-11 -7.09917e-06 
860 3.93219 2.69299e-11 -7.10158e-06 
861 3.9272 2.71878e-11 -7.10374e-06 
862 3.92216 2.74509e-11 -7.10565e-06 
863 3.91705 2.7719e-11 -7.10731e-06 
864 3.91188 2.79918e-11 -7.1087e-06 
865 3.90666 2.82692e-11 -7.10983e-06 
866 3.90137 2.8551e-11 -7.1107e-06 
867 3.89603 2.88369e-11 -7.11129e-06 
868 3.89063 2.91268e-11 -7.11161e-06 
869 3.88518 2.94204e-11 -7.11165e-06 
870 3.87967 2.97176e-11 -7.11141e-06 
871 3.8741 3.00181e-11 -7.11089e-06 
872 3.86849 3.03217e-11 -7.11007e-06 
873 3.86282 3.06282e-11 -7.10897e-06 
874 3.85709 3.09373e-11 -7.10756e-06 
875 3.85132 3.12489e-11 -7.10586e-06 
876 3.84549 3.15627e-11 -7.10386e-06 
877 3.83962 3.18785e-11 -7.10155e-06 
878 3.83369 3.2196e-11 -7.09892e-06 
879 3.82772 3.25151e-11 -7.09599e-06 
880 3.8217 3.28354e-11 -7.09273e-06 
881 3.81563 3.31568e-11 -7.08915e-06 
882 3.80952 3.34791e-11 -7.08525e-06 
883 3.80336 3.38019e-11 -7.08101e-06 
884 3.79715 3.4125e-11 -7.07644e-06 
885 3.79091 3.44482e-11 -7.07153e-06 
886 3.78462 3.47713e-11 -7.06628e-06 
887 3.77829 3.5094e-11 -7.06069e-06 
888 3.77191 3.5416e-11 -7.05474e-06 
889 3.7655 3.57372e-11 -7.04844e-06 
890 3.75905 3.60571e-11 -7.04178e-06 
891 3.75256 3.63757e-11 -7.03476e-06 
892 3.74603 3.66925e-11 -7.02737e-06 
893 3.73947 3.70074e-11 -7.01961e-06 
894 3.73287 3.73201e-11 -7.01148e-06 
895 3.72624 3.76304e-11 -7.00297e-06 
896 3.71957 3.79378e-11 -6.99407e-06 
897 3.71287 3.82423e-11 -6.98479e-06 
898 3.70614 3.85435e-11 -6.97511e-06 
899 3.69937 3.88411e-11 -6.96504e-06 
900 3.69258 3.91349e-11 -6.95457e-06 
901 3.68576 3.94246e-11 -6.9437e-06 
902 3.67891 3.97101e-11 -6.93243e-06 
903 3.67203 3.99914e-11 -6.92075e-06 
904 3.66513 4.02684e-11 -6.90869e-06 
905 3.6582 4.0541e-11 -6.89623e-06 
906 3.65125 4.08092e-11 -6.88339e-06 
907 3.64427 4.10729e-11 -6.87016e-06 
908 3.63727 4.1332e-11 -6.85656e-06 
909 3.63025 4.15866e-11 -6.84257e-06 
910 3.62321 4.18364e-11 -6.82822e-06 
911 3.61615 4.20815e-11 -6.81349e-06 
912 3.60907 4.23218e-11 -6.79841e-06 
913 3.60198 4.25572e-11 -6.78296e-06 
914 3.59486 4.27877e-11 -6.76715e-06 
915 3.58774 4.30132e-11 -6.751e-06 
916 3.58059 4.32337e-11 -6.73449e-06 
917 3.57344 4.3449e-11 -6.71764e-06 
918 3.56627 4.36591e-11 -6.70045e-06 
919 3.55909 4.38639e-11 -6.68292e-06 
920 3.5519 4.40634e-11 -6.66506e-06 
921 3.5447 4.42575e-11 -6.64687e-06 
922 3.53749 4.44462e-11 -6.62836e-06 
923 3.53027 4.46293e-11 -6.60953e-06 
924 3.52305 4.48068e-11 -6.59038e-06 
925 3.51583 4.49787e-11 -6.57093e-06 
926 3.50859 4.51448e-11 -6.55117e-06 
927 3.50136 4.53051e-11 -6.53111e-06 
928 3.49413 4.54596e-11 -6.51075e-06 
929 3.48689 4.56081e-11 -6.4901e-06 
930 3.47966 4.57505e-11 -6.46916e-06 
931 3.47242 4.58869e-11 -6.44794e-06 
932 3.46519 4.60172e-11 -6.42645e-06 
933 3.45797 4.61412e-11 -6.40468e-06 
934 3.45075 4.62589e-11 -6.38264e-06 
935 3.44353 4.63703e-11 -6.36034e-06 
936 3.43632 4.64752e-11 -6.33778e-06 
937 3.42912 4.65736e-11 -6.31497e-06 
938 3.42194 4.66654e-11 -6.29192e-06 
939 3.41476 4.67505e-11 -6.26862e-06 
940 3.40759 4.6829e-11 -6.24508e-06 
941 3.40044 4.69006e-11 -6.22131e-06 
942 3.3933 4.69653e-11 -6.19732e-06 
943 3.38618 4.70231e-11 -6.1731e-06 
944 3.37908 4.70738e-11 -6.14867e-06 
945 3.37199 4.71174e-11 -6.12403e-06 
946 3.36493 4.71539e-11 -6.09918e-06 
947 3.35788 4.71831e-11 -6.07413e-06 
948 3.35086 4.7205e-11 -6.04889e-06 
949 3.34386 4.72194e-11 -6.02346e-06 
950 3.33689 4.72264e-11 -5.99785e-06 
951 3.32994 4.72258e-11 -5.97207e-06 
952 3.32302 4.72177e-11 -5.94611e-06 
953 3.31613 4.72022e-11 -5.91999e-06 
954 3.30927 4.71793e-11 -5.8937e-06 
955 3.30243 4.71491e-11 -5.86727e-06 
956 3.29562 4.71116e-11 -5.84068e-06 
957 3.28884 4.70669e-11 -5.81395e-06 
958 3.28209 4.70151e-11 -5.78708e-06 
959 3.27536 4.69563e-11 -5.76008e-06 
960 3.26867 4.68904e-11 -5.73295e-06 
961 3.26201 4.68176e-11 -5.7057e-06 
962 3.25538 4.6738e-11 -5.67834e-06 
963 3.24878 4.66515e-11 -5.65086e-06 
964 3.24221 4.65583e-11 -5.62329e-06 
965 3.23568 4.64585e-11 -5.59561e-06 
966 3.22917 4.63521e-11 -5.56785e-06 
967 3.2227 4.62392e-11 -5.54e-06 
968 3.21627 4.61199e-11 -5.51207e-06 
969 3.20986 4.59941e-11 -5.48407e-06 
970 3.20349 4.58621e-11 -5.456e-06 
971 3.19716 4.57239e-11 -5.42787e-06 
972 3.19086 4.55796e-11 -5.39968e-06 
973 3.1846 4.54292e-11 -5.37145e-06 
974 3.17837 4.52728e-11 -5.34318e-06 
975 3.17218 4.51105e-11 -5.31487e-06 
976 3.16602 4.49424e-11 -5.28654e-06 
977 3.15991 4.47685e-11 -5.25818e-06 
978 3.15383 4.4589e-11 -5.22981e-06 
979 3.14779 4.44039e-11 -5.20143e-06 
980 3.14179 4.42133e-11 -5.17304e-06 
981 3.13582 4.40173e-11 -5.14467e-06 
982 3.1299 4.3816e-11 -5.1163e-06 
983 3.12402 4.36094e-11 -5.08795e-06 
984 3.11817 4.33977e-11 -5.05963e-06 
985 3.11237 4.31809e-11 -5.03134e-06 
986 3.10661 4.29591e-11 -5.00309e-06 
987 3.10089 4.27325e-11 -4.97489e-06 
988 3.09521 4.2501e-11 -4.94674e-06 
989 3.08958 4.22648e-11 -4.91866e-06 
990 3.08399 4.20241e-11 -4.89064e-06 
991 3.07844 4.17787e-11 -4.86269e-06 
992 3.07293 4.1529e-11 -4.83483e-06 
993 3.06748 4.12749e-11 -4.80706e-06 
994 3.06206 4.10166e-11 -4.77939e-06 
995 3.05669 4.07541e-11 -4.75183e-06 
996 3.05137 4.04876e-11 -4.72437e-06 
997 3.04609 4.02172e-11 -4.69704e-06 
998 3.04086 3.99429e-11 -4.66984e-06 
999 3.03568 3.96648e-11 -4.64277e-06 
1000 3.03054 3.93831e-11 -4.61584e-06 
1001 3.02546 3.90979e-11 -4.58907e-06 
1002 3.02042 3.88091e-11 -4.56245e-06 
1003 3.01543 3.85171e-11 -4.53599e-06 
1004 3.01048 3.82217e-11 -4.50968e-06 
1005 3.00558 3.79232e-11 -4.48354e-06 
1006 3.00073 3.76216e-11 -4.45756e-06 
1007 2.99593 3.73171e-11 -4.43175e-06 
1008 2.99117 3.70096e-11 -4.40611e-06 
1009 2.98646 3.66994e-11 -4.38064e-06 
1010 2.98179 3.63865e-11 -4.35534e-06 
1011 2.97717 3.6071e-11 -4.33023e-06 
1012 2.97259 3.57531e-11 -4.30529e-06 
1013 2.96805 3.54327e-11 -4.28053e-06 
1014 2.96356 3.51101e-11 -4.25596e-06 
1015 2.95912 3.47854e-11 -4.23157e-06 
1016 2.95471 3.44585e-11 -4.20738e-06 
1017 2.95035 3.41297e-11 -4.18338e-06 
1018 2.94603 3.3799e-11 -4.15957e-06 
1019 2.94175 3.34666e-11 -4.13596e-06 
1020 2.93752 3.31326e-11 -4.11255e-06 
1021 2.93332 3.2797e-11 -4.08935e-06 
1022 2.92917 3.246e-11 -4.06635e-06 
1023 2.92505 3.21217e-11 -4.04356e-06 
1024 2.92098 3.17823e-11 -4.02099e-06 
1025 2.91694 3.14417e-11 -3.99862e-06 
1026 2.91295 3.11001e-11 -3.97648e-06 
1027 2.90899 3.07578e-11 -3.95455e-06 
1028 2.90507 3.04146e-11 -3.93285e-06 
1029 2.90119 3.00709e-11 -3.91137e-06 
1030 2.89735 2.97266e-11 -3.89013e-06 
1031 2.89354 2.9382e-11 -3.86911e-06 
1032 2.88977 2.9037e-11 -3.84832e-06 
1033 2.88603 2.8692e-11 -3.82778e-06 
1034 2.88233 2.83469e-11 -3.80747e-06 
1035 2.87866 2.80019e-11 -3.78741e-06 
1036 2.87503 2.76571e-11 -3.76759e-06 
1037 2.87143 2.73127e-11 -3.74802e-06 
1038 2.86787 2.69687e-11 -3.7287e-06 
1039 2.86434 2.66253e-11 -3.70963e-06 
1040 2.86084 2.62826e-11 -3.69082e-06 
1041 2.85737 2.59408e-11 -3.67227e-06 
1042 2.85393 2.55999e-11 -3.65399e-06 
1043 2.85053 2.52602e-11 -3.63597e-06 
1044 2.84715 2.49216e-11 -3.61822e-06 
1045 2.84381 2.45845e-11 -3.60074e-06 
1046 2.84049 2.42488e-11 -3.58354e-06 
1047 2.8372 2.39148e-11 -3.56661e-06 
1048 2.83394 2.35825e-11 -3.54997e-06 
1049 2.83071 2.32521e-11 -3.5336e-06 
1050 2.8275 2.29237e-11 -3.51753e-06 
1051 2.82432 2.25975e-11 -3.50175e-06 
1052 2.82117 2.22735e-11 -3.48625e-06 
1053 2.81804 2.19517e-11 -3.47104e-06 
1054 2.81494 2.16322e-11 -3.45611e-06 
1055 2.81186 2.13151e-11 -3.44147e-06 
1056 2.8088 2.10003e-11 -3.42711e-06 
1057 2.80577 2.06879e-11 -3.41303e-06 
1058 2.80275 2.03779e-11 -3.39923e-06 
1059 2.79976 2.00704e-11 -3.3857e-06 
1060 2.79679 1.97655e-11 -3.37244e-06 
1061 2.79384 1.94631e-11 -3.35946e-06 
1062 2.79091 1.91633e-11 -3.34674e-06 
1063 2.788 1.88662e-11 -3.3343e-06 
1064 2.78511 1.85718e-11 -3.32212e-06 
1065 2.78224 1.828e-11 -3.3102e-06 
1066 2.77938 1.79911e-11 -3.29854e-06 
1067 2.77654 1.7705e-11 -3.28715e-06 
1068 2.77371 1.74217e-11 -3.27601e-06 
1069 2.7709 1.71413e-11 -3.26513e-06 
1070 2.76811 1.68639e-11 -3.25449e-06 
1071 2.76532 1.65895e-11 -3.24411e-06 
1072 2.76255 1.6318e-11 -3.23398e-06 
1073 2.7598 1.60497e-11 -3.2241e-06 
1074 2.75705 1.57844e-11 -3.21445e-06 
1075 2.75431 1.55224e-11 -3.20505e-06 
1076 2.75159 1.52635e-11 -3.19589e-06 
1077 2.74887 1.50078e-11 -3.18697e-06 
1078 2.74617 1.47555e-11 -3.17828e-06 
1079 2.74347 1.45065e-11 -3.16982e-06 
1080 2.74078 1.42608e-11 -3.1616e-06 
1081 2.73809 1.40186e-11 -3.15359e-06 
1082 2.73541 1.37799e-11 -3.14582e-06 
1083 2.73273 1.35447e-11 -3.13827e-06 
1084 2.73006 1.3313e-11 -3.13093e-06 
1085 2.72739 1.30849e-11 -3.12382e-06 
1086 2.72473 1.28605e-11 -3.11691e-06 
1087 2.72207 1.26398e-11 -3.11022e-06 
1088 2.7194 1.24228e-11 -3.10374e-06 
1089 2.71674 1.22096e-11 -3.09747e-06 
1090 2.71408 1.20003e-11 -3.0914e-06 
1091 2.71141 1.17948e-11 -3.08553e-06 
1092 2.70874 1.15932e-11 -3.07986e-06 
1093 2.70607 1.13957e-11 -3.07438e-06 
1094 2.7034 1.12021e-11 -3.0691e-06 
1095 2.70072 1.10127e-11 -3.064e-06 
1096 2.69803 1.08273e-11 -3.0591e-06 
1097 2.69534 1.06462e-11 -3.05438e-06 
1098 2.69264 1.04692e-11 -3.04983e-06 
1099 2.68994 1.02965e-11 -3.04547e-06 
1100 2.68722 1.01281e-11 -3.04129e-06 
1101 2.68449 9.96412e-12 -3.03727e-06 
1102 2.68176 9.80443e-12 -3.03342e-06 
1103 2.67901 9.64906e-12 -3.02974e-06 
1104 2.67625 9.49796e-12 -3.02623e-06 
1105 2.67348 9.35113e-12 -3.02287e-06 
1106 2.6707 9.20852e-12 -3.01967e-06 
1107 2.66791 9.07012e-12 -3.01662e-06 
1108 2.66511 8.93588e-12 -3.01372e-06 
1109 2.66229 8.80579e-12 -3.01096e-06 
1110 2.65946 8.67981e-12 -3.00835e-06 
1111 2.65662 8.55791e-12 -3.00587e-06 
1112 2.65377 8.44006e-12 -3.00353e-06 
1113 2.6509 8.32624e-12 -3.00132e-06 
1114 2.64802 8.21642e-12 -2.99924e-06 
1115 2.64512 8.11055e-12 -2.99729e-06 
1116 2.64221 8.00861e-12 -2.99545e-06 
1117 2.63929 7.91058e-12 -2.99374e-06 
1118 2.63635 7.81641e-12 -2.99213e-06 
1119 2.63339 7.72607e-12 -2.99064e-06 
1120 2.63042 7.63953e-12 -2.98925e-06 
1121 2.62743 7.55677e-12 -2.98796e-06 
1122 2.62443 7.47774e-12 -2.98677e-06 
1123 2.62141 7.40241e-12 -2.98568e-06 
1124 2.61838 7.33074e-12 -2.98467e-06 
1125 2.61532 7.26271e-12 -2.98375e-06 
1126 2.61225 7.19828e-12 -2.98292e-06 
1127 2.60917 7.13741e-12 -2.98216e-06 
1128 2.60606 7.08006e-12 -2.98148e-06 
1129 2.60294 7.02621e-12 -2.98087e-06 
1130 2.59979 6.97581e-12 -2.98032e-06 
1131 2.59663 6.92883e-12 -2.97984e-06 
1132 2.59345 6.88523e-12 -2.97941e-06 
1133 2.59025 6.84498e-12 -2.97904e-06 
1134 2.58702 6.80803e-12 -2.97872e-06 
1135 2.58378 6.77435e-12 -2.97844e-06 
1136 2.58052 6.74389e-12 -2.97821e-06 
1137 2.57724 6.71663e-12 -2.97801e-06 
1138 2.57393 6.69252e-12 -2.97785e-06 
1139 2.5706 6.67152e-12 -2.97771e-06 
1140 2.56725 6.6536e-12 -2.9776e-06 
1141 2.56388 6.63871e-12 -2.9775e-06 
1142 2.56049 6.6268e-12 -2.97743e-06 
1143 2.55707 6.61785e-12 -2.97736e-06 
1144 2.55363 6.61181e-12 -2.9773e-06 
1145 2.55016 6.60863e-12 -2.97724e-06 
1146 2.54667 6.60828e-12 -2.97717e-06 
1147 2.54315 6.61071e-12 -2.9771e-06 
1148 2.53961 6.61588e-12 -2.97702e-06 
1149 2.53605 6.62374e-12 -2.97692e-06 
1150 2.53246 6.63426e-12 -2.97679e-06 
1151 2.52884 6.64739e-12 -2.97665e-06 
1152 2.5252 6.66307e-12 -2.97647e-06 
1153 2.52153 6.68126e-12 -2.97626e-06 
1154 2.51783 6.70191e-12 -2.97602e-06 
1155 2.51411 6.72497e-12 -2.97575e-06 
1156 2.51037 6.75039e-12 -2.97544e-06 
1157 2.5066 6.77811e-12 -2.9751e-06 
1158 2.5028 6.80808e-12 -2.97472e-06 
1159 2.49898 6.84025e-12 -2.97429e-06 
1160 2.49514 6.87456e-12 -2.97383e-06 
1161 2.49127 6.91097e-12 -2.97332e-06 
1162 2.48738 6.94942e-12 -2.97276e-06 
1163 2.48347 6.98985e-12 -2.97216e-06 
1164 2.47953 7.03221e-12 -2.9715e-06 
1165 2.47557 7.07644e-12 -2.9708e-06 
1166 2.47158 7.1225e-12 -2.97004e-06 
1167 2.46758 7.17032e-12 -2.96923e-06 
1168 2.46355 7.21984e-12 -2.96836e-06 
1169 2.4595 7.27101e-12 -2.96743e-06 
1170 2.45542 7.32378e-12 -2.96644e-06 
1171 2.45133 7.37808e-12 -2.96538e-06 
1172 2.44721 7.43385e-12 -2.96426e-06 
1173 2.44308 7.49105e-12 -2.96308e-06 
1174 2.43892 7.5496e-12 -2.96182e-06 
1175 2.43474 7.60945e-12 -2.9605e-06 
1176 2.43054 7.67054e-12 -2.9591e-06 
1177 2.42633 7.73281e-12 -2.95763e-06 
1178 2.42209 7.7962e-12 -2.95608e-06 
1179 2.41783 7.86064e-12 -2.95445e-06 
1180 2.41355 7.92608e-12 -2.95274e-06 
1181 2.40926 7.99245e-12 -2.95095e-06 
1182 2.40494 8.05969e-12 -2.94907e-06 
1183 2.40061 8.12773e-12 -2.9471e-06 
1184 2.39626 8.19653e-12 -2.94505e-06 
1185 2.39189 8.266e-12 -2.9429e-06 
1186 2.38751 8.33608e-12 -2.94067e-06 
1187 2.3831 8.40672e-12 -2.93833e-06 
1188 2.37868 8.47784e-12 -2.9359e-06 
1189 2.37425 8.54938e-12 -2.93337e-06 
1190 2.36979 8.62128e-12 -2.93074e-06 
1191 2.36532 8.69346e-12 -2.928e-06 
1192 2.36084 8.76586e-12 -2.92515e-06 
1193 2.35634 8.83841e-12 -2.9222e-06 
1194 2.35182 8.91105e-12 -2.91914e-06 
1195 2.34729 8.9837e-12 -2.91596e-06 
1196 2.34275 9.0563e-12 -2.91267e-06 
1197 2.33819 9.12878e-12 -2.90926e-06 
1198 2.33361 9.20107e-12 -2.90574e-06 
1199 2.32903 9.27309e-12 -2.90209e-06 
1200 2.32442 9.34478e-12 -2.89831e-06 
1201 2.31981 9.41607e-12 -2.89441e-06 
1202 2.31518 9.48693e-12 -2.89039e-06 
1203 2.31054 9.55735e-12 -2.88623e-06 
1204 2.30589 9.62728e-12 -2.88196e-06 
1205 2.30123 9.69672e-12 -2.87756e-06 
1206 2.29656 9.76563e-12 -2.87304e-06 
1207 2.29187 9.834e-12 -2.8684e-06 
1208 2.28718 9.90179e-12 -2.86363e-06 
1209 2.28248 9.96899e-12 -2.85875e-06 
1210 2.27776 1.00356e-11 -2.85375e-06 
1211 2.27304 1.01015e-11 -2.84863e-06 
1212 2.26831 1.01667e-11 -2.84339e-06 
1213 2.26357 1.02313e-11 -2.83804e-06 
1214 2.25883 1.02951e-11 -2.83257e-06 
1215 2.25408 1.03582e-11 -2.82698e-06 
1216 2.24932 1.04205e-11 -2.82128e-06 
1217 2.24455 1.04821e-11 -2.81547e-06 
1218 2.23978 1.05428e-11 -2.80955e-06 
1219 2.23501 1.06026e-11 -2.80352e-06 
1220 2.23022 1.06616e-11 -2.79738e-06 
1221 2.22544 1.07196e-11 -2.79112e-06 
1222 2.22065 1.07768e-11 -2.78476e-06 
1223 2.21586 1.08329e-11 -2.7783e-06 
1224 2.21106 1.08881e-11 -2.77172e-06 
1225 2.20627 1.09423e-11 -2.76504e-06 
1226 2.20147 1.09955e-11 -2.75826e-06 
1227 2.19667 1.10475e-11 -2.75138e-06 
1228 2.19186 1.10985e-11 -2.74439e-06 
1229 2.18706 1.11484e-11 -2.7373e-06 
1230 2.18226 1.11971e-11 -2.73011e-06 
1231 2.17746 1.12447e-11 -2.72283e-06 
1232 2.17266 1.1291e-11 -2.71544e-06 
1233 2.16786 1.13361e-11 -2.70796e-06 
1234 2.16306 1.138e-11 -2.70038e-06 
1235 2.15827 1.14226e-11 -2.69271e-06 
1236 2.15348 1.14638e-11 -2.68494e-06 
1237 2.14869 1.15037e-11 -2.67708e-06 
1238 2.14391 1.15423e-11 -2.66913e-06 
1239 2.13913 1.15794e-11 -2.66109e-06 
1240 2.13436 1.16151e-11 -2.65297e-06 
1241 2.12959 1.16493e-11 -2.64475e-06 
1242 2.12483 1.16821e-11 -2.63644e-06 
1243 2.12008 1.17133e-11 -2.62805e-06 
1244 2.11533 1.1743e-11 -2.61958e-06 
1245 2.11059 1.17711e-11 -2.61102e-06 
1246 2.10586 1.17976e-11 -2.60238e-06 
1247 2.10114 1.18224e-11 -2.59366e-06 
1248 2.09642 1.18456e-11 -2.58486e-06 
1249 2.09172 1.18671e-11 -2.57598e-06 
1250 2.08703 1.18868e-11 -2.56702e-06 
1251 2.08235 1.19048e-11 -2.55799e-06 
1252 2.07768 1.1921e-11 -2.54888e-06 
1253 2.07302 1.19355e-11 -2.5397e-06 
1254 2.06837 1.19483e-11 -2.53045e-06 
1255 2.06374 1.19593e-11 -2.52113e-06 
1256 2.05912 1.19686e-11 -2.51175e-06 
1257 2.05451 1.19762e-11 -2.5023e-06 
1258 2.04991 1.19821e-11 -2.49278e-06 
1259 2.04533 1.19863e-11 -2.48321e-06 
1260 2.04076 1.19888e-11 -2.47357e-06 
1261 2.0362 1.19896e-11 -2.46388e-06 
1262 2.03166 1.19888e-11 -2.45413e-06 
1263 2.02713 1.19863e-11 -2.44433e-06 
1264 2.02262 1.19821e-11 -2.43448e-06 
1265 2.01812 1.19764e-11 -2.42457e-06 
1266 2.01363 1.1969e-11 -2.41463e-06 
1267 2.00916 1.19599e-11 -2.40463e-06 
1268 2.0047 1.19493e-11 -2.39459e-06 
1269 2.00026 1.19371e-11 -2.38451e-06 
1270 1.99584 1.19233e-11 -2.3744e-06 
1271 1.99143 1.19079e-11 -2.36424e-06 
1272 1.98704 1.18909e-11 -2.35405e-06 
1273 1.98266 1.18724e-11 -2.34383e-06 
1274 1.9783 1.18524e-11 -2.33357e-06 
1275 1.97396 1.18308e-11 -2.32329e-06 
1276 1.96964 1.18077e-11 -2.31298e-06 
1277 1.96533 1.17831e-11 -2.30265e-06 
1278 1.96104 1.17569e-11 -2.29229e-06 
1279 1.95677 1.17293e-11 -2.28192e-06 
1280 1.95252 1.17002e-11 -2.27152e-06 
1281 1.94828 1.16696e-11 -2.26111e-06 
1282 1.94406 1.16376e-11 -2.25069e-06 
1283 1.93987 1.16042e-11 -2.24026e-06 
1284 1.93569 1.15692e-11 -2.22982e-06 
1285 1.93153 1.15329e-11 -2.21937e-06 
1286 1.92739 1.14952e-11 -2.20892e-06 
1287 1.92327 1.1456e-11 -2.19846e-06 
1288 1.91917 1.14155e-11 -2.18801e-06 
1289 1.9151 1.13736e-11 -2.17755e-06 
1290 1.91104 1.13303e-11 -2.16711e-06 
1291 1.907 1.12857e-11 -2.15667e-06 
1292 1.90299 1.12398e-11 -2.14624e-06 
1293 1.899 1.11925e-11 -2.13582e-06 
1294 1.89503 1.11439e-11 -2.12542e-06 
1295 1.89108 1.1094e-11 -2.11503e-06 
1296 1.88715 1.10428e-11 -2.10467e-06 
1297 1.88325 1.09904e-11 -2.09432e-06 
1298 1.87937 1.09366e-11 -2.084e-06 
1299 1.87551 1.08817e-11 -2.07371e-06 
1300 1.87168 1.08255e-11 -2.06344e-06 
1301 1.86787 1.07681e-11 -2.05321e-06 
1302 1.86408 1.07094e-11 -2.04301e-06 
1303 1.86032 1.06496e-11 -2.03284e-06 
1304 1.85658 1.05887e-11 -2.02271e-06 
1305 1.85287 1.05266e-11 -2.01262e-06 
1306 1.84918 1.04635e-11 -2.00256e-06 
1307 1.84551 1.03992e-11 -1.99254e-06 
1308 1.84186 1.0334e-11 -1.98257e-06 
1309 1.83824 1.02677e-11 -1.97263e-06 
1310 1.83464 1.02004e-11 -1.96273e-06 
1311 1.83106 1.01321e-11 -1.95288e-06 
1312 1.82751 1.00629e-11 -1.94308e-06 
1313 1.82398 9.99278e-12 -1.93332e-06 
1314 1.82047 9.92177e-12 -1.92361e-06 
1315 1.81698 9.84991e-12 -1.91395e-06 
1316 1.81352 9.77721e-12 -1.90433e-06 
1317 1.81008 9.7037e-12 -1.89477e-06 
1318 1.80665 9.62942e-12 -1.88526e-06 
1319 1.80325 9.55438e-12 -1.87581e-06 
1320 1.79988 9.47862e-12 -1.86641e-06 
1321 1.79652 9.40217e-12 -1.85707e-06 
1322 1.79319 9.32505e-12 -1.84778e-06 
1323 1.78987 9.24729e-12 -1.83855e-06 
1324 1.78658 9.16892e-12 -1.82939e-06 
1325 1.78331 9.08997e-12 -1.82028e-06 
1326 1.78006 9.01047e-12 -1.81124e-06 
1327 1.77683 8.93044e-12 -1.80227e-06 
1328 1.77362 8.84992e-12 -1.79335e-06 
1329 1.77043 8.76894e-12 -1.78451e-06 
1330 1.76726 8.68753e-12 -1.77573e-06 
1331 1.76411 8.6057e-12 -1.76703e-06 
1332 1.76098 8.52351e-12 -1.75839e-06 
1333 1.75787 8.44097e-12 -1.74983e-06 
1334 1.75478 8.35812e-12 -1.74134e-06 
1335 1.75171 8.27498e-12 -1.73293e-06 
1336 1.74866 8.19159e-12 -1.72459e-06 
1337 1.74563 8.10798e-12 -1.71633e-06 
1338 1.74262 8.02419e-12 -1.70816e-06 
1339 1.73962 7.94023e-12 -1.70006e-06 
1340 1.73665 7.85614e-12 -1.69204e-06 
1341 1.73369 7.77197e-12 -1.68411e-06 
1342 1.73075 7.68772e-12 -1.67626e-06 
1343 1.72783 7.60345e-12 -1.6685e-06 
1344 1.72493 7.51918e-12 -1.66083e-06 
1345 1.72204 7.43494e-12 -1.65325e-06 
1346 1.71918 7.35077e-12 -1.64575e-06 
1347 1.71633 7.26669e-12 -1.63836e-06 
1348 1.71349 7.18275e-12 -1.63105e-06 
1349 1.71068 7.09898e-12 -1.62384e-06 
1350 1.70788 7.0154e-12 -1.61673e-06 
1351 1.7051 6.93206e-12 -1.60971e-06 
1352 1.70234 6.84896e-12 -1.60279e-06 
1353 1.69959 6.76612e-12 -1.59597e-06 
1354 1.69685 6.68357e-12 -1.58925e-06 
1355 1.69414 6.60131e-12 -1.58262e-06 
1356 1.69144 6.51936e-12 -1.57609e-06 
1357 1.68875 6.43774e-12 -1.56966e-06 
1358 1.68608 6.35646e-12 -1.56332e-06 
1359 1.68342 6.27553e-12 -1.55707e-06 
1360 1.68078 6.19499e-12 -1.55092e-06 
1361 1.67815 6.11483e-12 -1.54487e-06 
1362 1.67553 6.03508e-12 -1.5389e-06 
1363 1.67293 5.95575e-12 -1.53303e-06 
1364 1.67034 5.87686e-12 -1.52726e-06 
1365 1.66777 5.79843e-12 -1.52157e-06 
1366 1.6652 5.72047e-12 -1.51598e-06 
1367 1.66265 5.643e-12 -1.51048e-06 
1368 1.66011 5.56603e-12 -1.50506e-06 
1369 1.65758 5.48959e-12 -1.49974e-06 
1370 1.65507 5.41368e-12 -1.49451e-06 
1371 1.65256 5.33834e-12 -1.48937e-06 
1372 1.65007 5.26356e-12 -1.48431e-06 
1373 1.64758 5.18938e-12 -1.47935e-06 
1374 1.64511 5.1158e-12 -1.47447e-06 
1375 1.64264 5.04285e-12 -1.46968e-06 
1376 1.64018 4.97055e-12 -1.46497e-06 
1377 1.63774 4.8989e-12 -1.46035e-06 
1378 1.6353 4.82793e-12 -1.45582e-06 
1379 1.63287 4.75766e-12 -1.45137e-06 
1380 1.63044 4.68809e-12 -1.44701e-06 
1381 1.62803 4.61926e-12 -1.44273e-06 
1382 1.62562 4.55118e-12 -1.43853e-06 
1383 1.62322 4.48387e-12 -1.43441e-06 
1384 1.62083 4.41734e-12 -1.43038e-06 
1385 1.61844 4.35161e-12 -1.42643e-06 
1386 1.61606 4.28671e-12 -1.42256e-06 
1387 1.61368 4.22264e-12 -1.41877e-06 
1388 1.61131 4.15944e-12 -1.41506e-06 
1389 1.60894 4.09711e-12 -1.41143e-06 
1390 1.60658 4.03568e-12 -1.40788e-06 
1391 1.60422 3.97516e-12 -1.4044e-06 
1392 1.60187 3.91557e-12 -1.401e-06 
1393 1.59952 3.85694e-12 -1.39768e-06 
1394 1.59717 3.79927e-12 -1.39444e-06 
1395 1.59482 3.7426e-12 -1.39127e-06 
1396 1.59248 3.68693e-12 -1.38818e-06 
1397 1.59014 3.6323e-12 -1.38516e-06 
1398 1.5878 3.57871e-12 -1.38221e-06 
1399 1.58546 3.52619e-12 -1.37934e-06 
1400 1.58312 3.47476e-12 -1.37654e-06 
1401 1.58079 3.42443e-12 -1.37381e-06 
1402 1.57845 3.3752e-12 -1.37115e-06 
1403 1.57611 3.32706e-12 -1.36856e-06 
1404 1.57377 3.28002e-12 -1.36604e-06 
1405 1.57144 3.23406e-12 -1.36358e-06 
1406 1.5691 3.18919e-12 -1.36119e-06 
1407 1.56676 3.14539e-12 -1.35887e-06 
1408 1.56442 3.10266e-12 -1.35661e-06 
1409 1.56208 3.061e-12 -1.35441e-06 
1410 1.55974 3.02039e-12 -1.35227e-06 
1411 1.5574 2.98084e-12 -1.35019e-06 
1412 1.55505 2.94233e-12 -1.34817e-06 
1413 1.55271 2.90487e-12 -1.34621e-06 
1414 1.55036 2.86845e-12 -1.34431e-06 
1415 1.54801 2.83306e-12 -1.34245e-06 
1416 1.54566 2.79869e-12 -1.34066e-06 
1417 1.54331 2.76535e-12 -1.33891e-06 
1418 1.54095 2.73302e-12 -1.33721e-06 
1419 1.53859 2.70169e-12 -1.33557e-06 
1420 1.53623 2.67137e-12 -1.33397e-06 
1421 1.53387 2.64204e-12 -1.33242e-06 
1422 1.5315 2.61371e-12 -1.33092e-06 
1423 1.52913 2.58636e-12 -1.32945e-06 
1424 1.52675 2.55998e-12 -1.32804e-06 
1425 1.52437 2.53458e-12 -1.32666e-06 
1426 1.52199 2.51015e-12 -1.32533e-06 
1427 1.5196 2.48667e-12 -1.32403e-06 
1428 1.51721 2.46414e-12 -1.32277e-06 
1429 1.51481 2.44257e-12 -1.32155e-06 
1430 1.51241 2.42193e-12 -1.32036e-06 
1431 1.51001 2.40222e-12 -1.3192e-06 
1432 1.5076 2.38344e-12 -1.31808e-06 
1433 1.50518 2.36559e-12 -1.31699e-06 
1434 1.50276 2.34864e-12 -1.31592e-06 
1435 1.50033 2.3326e-12 -1.31489e-06 
1436 1.4979 2.31746e-12 -1.31388e-06 
1437 1.49546 2.30322e-12 -1.3129e-06 
1438 1.49301 2.28986e-12 -1.31193e-06 
1439 1.49056 2.27737e-12 -1.311e-06 
1440 1.4881 2.26576e-12 -1.31008e-06 
1441 1.48564 2.25502e-12 -1.30918e-06 
1442 1.48316 2.24513e-12 -1.3083e-06 
1443 1.48068 2.2361e-12 -1.30743e-06 
1444 1.4782 2.2279e-12 -1.30658e-06 
1445 1.4757 2.22055e-12 -1.30574e-06 
1446 1.4732 2.21402e-12 -1.30491e-06 
1447 1.47069 2.20831e-12 -1.30409e-06 
1448 1.46817 2.20342e-12 -1.30328e-06 
1449 1.46564 2.19933e-12 -1.30248e-06 
1450 1.4631 2.19604e-12 -1.30169e-06 
1451 1.46055 2.19355e-12 -1.30089e-06 
1452 1.458 2.19183e-12 -1.3001e-06 
1453 1.45543 2.19087e-12 -1.29931e-06 
1454 1.45286 2.19067e-12 -1.29853e-06 
1455 1.45028 2.19121e-12 -1.29774e-06 
1456 1.44769 2.19248e-12 -1.29695e-06 
1457 1.44509 2.19447e-12 -1.29617e-06 
1458 1.44248 2.19715e-12 -1.29538e-06 
1459 1.43986 2.20053e-12 -1.29459e-06 
1460 1.43724 2.20458e-12 -1.29379e-06 
1461 1.43461 2.2093e-12 -1.29299e-06 
1462 1.43196 2.21466e-12 -1.29219e-06 
1463 1.42931 2.22067e-12 -1.29137e-06 
1464 1.42666 2.22729e-12 -1.29056e-06 
1465 1.42399 2.23453e-12 -1.28973e-06 
1466 1.42132 2.24236e-12 -1.2889e-06 
1467 1.41863 2.25078e-12 -1.28806e-06 
1468 1.41594 2.25976e-12 -1.2872e-06 
1469 1.41324 2.2693e-12 -1.28634e-06 
1470 1.41054 2.27938e-12 -1.28546e-06 
1471 1.40782 2.28999e-12 -1.28457e-06 
1472 1.4051 2.30111e-12 -1.28367e-06 
1473 1.40237 2.31272e-12 -1.28276e-06 
1474 1.39964 2.32483e-12 -1.28183e-06 
1475 1.39689 2.3374e-12 -1.28088e-06 
1476 1.39414 2.35043e-12 -1.27991e-06 
1477 1.39138 2.3639e-12 -1.27893e-06 
1478 1.38862 2.3778e-12 -1.27793e-06 
1479 1.38584 2.39211e-12 -1.27691e-06 
1480 1.38306 2.40682e-12 -1.27587e-06 
1481 1.38028 2.42191e-12 -1.2748e-06 
1482 1.37748 2.43737e-12 -1.27372e-06 
1483 1.37468 2.45318e-12 -1.27261e-06 
1484 1.37187 2.46933e-12 -1.27148e-06 
1485 1.36906 2.4858e-12 -1.27032e-06 
1486 1.36623 2.50257e-12 -1.26913e-06 
1487 1.36341 2.51964e-12 -1.26792e-06 
1488 1.36057 2.53699e-12 -1.26668e-06 
1489 1.35773 2.55459e-12 -1.26541e-06 
1490 1.35488 2.57244e-12 -1.26411e-06 
1491 1.35203 2.59052e-12 -1.26279e-06 
1492 1.34917 2.60882e-12 -1.26142e-06 
1493 1.3463 2.62731e-12 -1.26003e-06 
1494 1.34343 2.64598e-12 -1.2586e-06 
1495 1.34055 2.66482e-12 -1.25714e-06 
1496 1.33766 2.68381e-12 -1.25564e-06 
1497 1.33477 2.70293e-12 -1.25411e-06 
1498 1.33188 2.72217e-12 -1.25254e-06 
1499 1.32898 2.74151e-12 -1.25093e-06 
1500 1.32607 2.76093e-12 -1.24928e-06 
1501 1.32316 2.78042e-12 -1.24759e-06 
1502 1.32024 2.79997e-12 -1.24586e-06 
1503 1.31731 2.81957e-12 -1.24408e-06 
1504 1.31438 2.8392e-12 -1.24227e-06 
1505 1.31145 2.85886e-12 -1.24042e-06 
1506 1.30851 2.87855e-12 -1.23853e-06 
1507 1.30557 2.89823e-12 -1.2366e-06 
1508 1.30262 2.91792e-12 -1.23462e-06 
1509 1.29967 2.9376e-12 -1.23261e-06 
1510 1.29672 2.95725e-12 -1.23056e-06 
1511 1.29376 2.97687e-12 -1.22847e-06 
1512 1.2908 2.99645e-12 -1.22634e-06 
1513 1.28784 3.01597e-12 -1.22417e-06 
1514 1.28487 3.03543e-12 -1.22196e-06 
1515 1.2819 3.05482e-12 -1.21971e-06 
1516 1.27893 3.07412e-12 -1.21742e-06 
1517 1.27595 3.09333e-12 -1.21509e-06 
1518 1.27297 3.11243e-12 -1.21273e-06 
1519 1.26999 3.13142e-12 -1.21032e-06 
1520 1.26701 3.15028e-12 -1.20788e-06 
1521 1.26403 3.169e-12 -1.2054e-06 
1522 1.26105 3.18757e-12 -1.20287e-06 
1523 1.25806 3.20599e-12 -1.20032e-06 
1524 1.25508 3.22423e-12 -1.19772e-06 
1525 1.25209 3.2423e-12 -1.19508e-06 
1526 1.2491 3.26017e-12 -1.19241e-06 
1527 1.24612 3.27783e-12 -1.1897e-06 
1528 1.24313 3.29529e-12 -1.18695e-06 
1529 1.24014 3.31252e-12 -1.18416e-06 
1530 1.23716 3.32951e-12 -1.18134e-06 
1531 1.23417 3.34625e-12 -1.17847e-06 
1532 1.23119 3.36273e-12 -1.17557e-06 
1533 1.2282 3.37895e-12 -1.17264e-06 
1534 1.22522 3.39488e-12 -1.16966e-06 
1535 1.22224 3.41051e-12 -1.16665e-06 
1536 1.21926 3.42585e-12 -1.16361e-06 
1537 1.21629 3.44086e-12 -1.16052e-06 
1538 1.21331 3.45555e-12 -1.1574e-06 
1539 1.21034 3.46989e-12 -1.15424e-06 
1540 1.20737 3.48388e-12 -1.15105e-06 
1541 1.2044 3.49751e-12 -1.14782e-06 
1542 1.20144 3.51077e-12 -1.14456e-06 
1543 1.19848 3.52363e-12 -1.14125e-06 
1544 1.19552 3.5361e-12 -1.13792e-06 
1545 1.19257 3.54815e-12 -1.13454e-06 
1546 1.18962 3.55978e-12 -1.13114e-06 
1547 1.18668 3.57097e-12 -1.12769e-06 
1548 1.18374 3.58171e-12 -1.12421e-06 
1549 1.18081 3.592e-12 -1.1207e-06 
1550 1.17788 3.6018e-12 -1.11715e-06 
1551 1.17495 3.61113e-12 -1.11357e-06 
1552 1.17204 3.61997e-12 -1.10995e-06 
1553 1.16912 3.62833e-12 -1.1063e-06 
1554 1.16622 3.6362e-12 -1.10261e-06 
1555 1.16331 3.64359e-12 -1.0989e-06 
1556 1.16042 3.6505e-12 -1.09515e-06 
1557 1.15753 3.65693e-12 -1.09138e-06 
1558 1.15465 3.66288e-12 -1.08757e-06 
1559 1.15177 3.66835e-12 -1.08373e-06 
1560 1.1489 3.67334e-12 -1.07987e-06 
1561 1.14604 3.67785e-12 -1.07598e-06 
1562 1.14318 3.68189e-12 -1.07206e-06 
1563 1.14033 3.68545e-12 -1.06812e-06 
1564 1.13749 3.68853e-12 -1.06415e-06 
1565 1.13466 3.69114e-12 -1.06016e-06 
1566 1.13183 3.69328e-12 -1.05614e-06 
1567 1.12901 3.69495e-12 -1.0521e-06 
1568 1.12619 3.69614e-12 -1.04804e-06 
1569 1.12339 3.69687e-12 -1.04396e-06 
1570 1.12059 3.69713e-12 -1.03985e-06 
1571 1.1178 3.69691e-12 -1.03573e-06 
1572 1.11502 3.69624e-12 -1.03159e-06 
1573 1.11225 3.69509e-12 -1.02743e-06 
1574 1.10949 3.69348e-12 -1.02326e-06 
1575 1.10673 3.69141e-12 -1.01906e-06 
1576 1.10399 3.68887e-12 -1.01486e-06 
1577 1.10125 3.68587e-12 -1.01063e-06 
1578 1.09852 3.68241e-12 -1.0064e-06 
1579 1.0958 3.67849e-12 -1.00215e-06 
1580 1.09309 3.67411e-12 -9.97886e-07 
1581 1.09039 3.66927e-12 -9.93613e-07 
1582 1.0877 3.66398e-12 -9.89329e-07 
1583 1.08502 3.65823e-12 -9.85037e-07 
1584 1.08235 3.65203e-12 -9.80735e-07 
1585 1.07968 3.64537e-12 -9.76426e-07 
1586 1.07703 3.63827e-12 -9.72109e-07 
1587 1.07439 3.63071e-12 -9.67786e-07 
1588 1.07176 3.6227e-12 -9.63458e-07 
1589 1.06914 3.61425e-12 -9.59126e-07 
1590 1.06653 3.60534e-12 -9.5479e-07 
1591 1.06394 3.59599e-12 -9.50452e-07 
1592 1.06135 3.5862e-12 -9.46112e-07 
1593 1.05877 3.57596e-12 -9.4177e-07 
1594 1.05621 3.56528e-12 -9.3743e-07 
1595 1.05366 3.55416e-12 -9.33089e-07 
1596 1.05112 3.5426e-12 -9.28751e-07 
1597 1.04859 3.5306e-12 -9.24416e-07 
1598 1.04607 3.51817e-12 -9.20084e-07 
1599 1.04357 3.5053e-12 -9.15757e-07 
1600 1.04108 3.49199e-12 -9.11436e-07 
1601 1.0386 3.47826e-12 -9.07121e-07 
1602 1.03613 3.4641e-12 -9.02813e-07 
1603 1.03367 3.44952e-12 -8.98512e-07 
1604 1.03123 3.43453e-12 -8.94219e-07 
1605 1.0288 3.41914e-12 -8.89935e-07 
1606 1.02638 3.40335e-12 -8.8566e-07 
1607 1.02398 3.38718e-12 -8.81394e-07 
1608 1.02158 3.37063e-12 -8.77138e-07 
1609 1.0192 3.35371e-12 -8.72893e-07 
1610 1.01683 3.33643e-12 -8.68659e-07 
1611 1.01448 3.3188e-12 -8.64436e-07 
1612 1.01213 3.30082e-12 -8.60225e-07 
1613 1.0098 3.2825e-12 -8.56026e-07 
1614 1.00748 3.26385e-12 -8.5184e-07 
1615 1.00517 3.24488e-12 -8.47668e-07 
1616 1.00288 3.2256e-12 -8.4351e-07 
1617 1.00059 3.20602e-12 -8.39367e-07 
1618 0.998322 3.18614e-12 -8.35238e-07 
1619 0.996062 3.16597e-12 -8.31126e-07 
1620 0.993814 3.14552e-12 -8.27029e-07 
1621 0.991577 3.1248e-12 -8.22949e-07 
1622 0.989353 3.10382e-12 -8.18886e-07 
1623 0.98714 3.08259e-12 -8.14841e-07 
1624 0.984939 3.06111e-12 -8.10814e-07 
1625 0.98275 3.0394e-12 -8.06806e-07 
1626 0.980573 3.01746e-12 -8.02817e-07 
1627 0.978407 2.9953e-12 -7.98848e-07 
1628 0.976253 2.97294e-12 -7.949e-07 
1629 0.97411 2.95037e-12 -7.90972e-07 
1630 0.971979 2.92761e-12 -7.87066e-07 
1631 0.969859 2.90467e-12 -7.83182e-07 
1632 0.967751 2.88156e-12 -7.79321e-07 
1633 0.965654 2.85828e-12 -7.75482e-07 
1634 0.963569 2.83485e-12 -7.71668e-07 
1635 0.961495 2.81127e-12 -7.67878e-07 
1636 0.959432 2.78755e-12 -7.64113e-07 
1637 0.957381 2.76371e-12 -7.60373e-07 
1638 0.95534 2.73975e-12 -7.56659e-07 
1639 0.953311 2.71568e-12 -7.52972e-07 
1640 0.951293 2.69151e-12 -7.49312e-07 
1641 0.949286 2.66725e-12 -7.45679e-07 
1642 0.94729 2.64292e-12 -7.42075e-07 
1643 0.945306 2.61851e-12 -7.385e-07 
1644 0.943332 2.59404e-12 -7.34954e-07 
1645 0.941369 2.56952e-12 -7.31438e-07 
1646 0.939416 2.54496e-12 -7.27953e-07 
1647 0.937475 2.52037e-12 -7.24499e-07 
1648 0.935544 2.49575e-12 -7.21077e-07 
1649 0.933624 2.47112e-12 -7.17688e-07 
1650 0.931715 2.44649e-12 -7.14331e-07 
1651 0.929817 2.42187e-12 -7.11008e-07 
1652 0.927929 2.39726e-12 -7.07718e-07 
1653 0.926051 2.37267e-12 -7.04462e-07 
1654 0.924183 2.3481e-12 -7.0124e-07 
1655 0.922326 2.32355e-12 -6.98051e-07 
1656 0.920479 2.29904e-12 -6.94895e-07 
1657 0.918642 2.27456e-12 -6.91772e-07 
1658 0.916814 2.25012e-12 -6.88683e-07 
1659 0.914996 2.22572e-12 -6.85627e-07 
1660 0.913188 2.20137e-12 -6.82605e-07 
1661 0.911389 2.17708e-12 -6.79615e-07 
1662 0.909599 2.15285e-12 -6.76659e-07 
1663 0.907819 2.12868e-12 -6.73736e-07 
1664 0.906047 2.10458e-12 -6.70846e-07 
1665 0.904285 2.08055e-12 -6.67988e-07 
1666 0.902531 2.0566e-12 -6.65164e-07 
1667 0.900786 2.03273e-12 -6.62372e-07 
1668 0.899049 2.00895e-12 -6.59614e-07 
1669 0.897321 1.98526e-12 -6.56888e-07 
1670 0.895601 1.96167e-12 -6.54195e-07 
1671 0.89389 1.93818e-12 -6.51534e-07 
1672 0.892186 1.9148e-12 -6.48906e-07 
1673 0.89049 1.89153e-12 -6.46311e-07 
1674 0.888802 1.86838e-12 -6.43748e-07 
1675 0.887121 1.84535e-12 -6.41218e-07 
1676 0.885448 1.82245e-12 -6.3872e-07 
1677 0.883782 1.79968e-12 -6.36254e-07 
1678 0.882123 1.77705e-12 -6.33821e-07 
1679 0.880472 1.75456e-12 -6.31419e-07 
1680 0.878827 1.73221e-12 -6.2905e-07 
1681 0.877189 1.71002e-12 -6.26713e-07 
1682 0.875558 1.68799e-12 -6.24408e-07 
1683 0.873933 1.66612e-12 -6.22135e-07 
1684 0.872314 1.64442e-12 -6.19894e-07 
1685 0.870702 1.62289e-12 -6.17685e-07 
1686 0.869096 1.60155e-12 -6.15507e-07 
1687 0.867495 1.58038e-12 -6.13361e-07 
1688 0.865901 1.55941e-12 -6.11247e-07 
1689 0.864312 1.53863e-12 -6.09164e-07 
1690 0.862728 1.51805e-12 -6.07113e-07 
1691 0.86115 1.49767e-12 -6.05093e-07 
1692 0.859577 1.47751e-12 -6.03104e-07 
1693 0.858009 1.45756e-12 -6.01147e-07 
1694 0.856446 1.43784e-12 -5.99221e-07 
1695 0.854887 1.41834e-12 -5.97326e-07 
1696 0.853333 1.39907e-12 -5.95462e-07 
1697 0.851784 1.38005e-12 -5.9363e-07 
1698 0.850239 1.36126e-12 -5.91828e-07 
1699 0.848698 1.34273e-12 -5.90057e-07 
1700 0.84716 1.32445e-12 -5.88316e-07 
1701 0.845627 1.30643e-12 -5.86607e-07 
1702 0.844097 1.28867e-12 -5.84927e-07 
1703 0.842571 1.27117e-12 -5.83278e-07 
1704 0.841048 1.25393e-12 -5.81658e-07 
1705 0.839529 1.23695e-12 -5.80067e-07 
1706 0.838013 1.22023e-12 -5.78506e-07 
1707 0.836501 1.20377e-12 -5.76972e-07 
1708 0.834991 1.18758e-12 -5.75467e-07 
1709 0.833484 1.17164e-12 -5.73989e-07 
1710 0.831981 1.15597e-12 -5.72539e-07 
1711 0.83048 1.14055e-12 -5.71116e-07 
1712 0.828982 1.1254e-12 -5.69719e-07 
1713 0.827486 1.11051e-12 -5.68349e-07 
1714 0.825993 1.09587e-12 -5.67004e-07 
1715 0.824502 1.0815e-12 -5.65685e-07 
1716 0.823014 1.06739e-12 -5.64391e-07 
1717 0.821527 1.05354e-12 -5.63121e-07 
1718 0.820043 1.03995e-12 -5.61876e-07 
1719 0.818561 1.02662e-12 -5.60654e-07 
1720 0.817081 1.01356e-12 -5.59456e-07 
1721 0.815602 1.00075e-12 -5.58281e-07 
1722 0.814125 9.88204e-13 -5.57128e-07 
1723 0.81265 9.75918e-13 -5.55998e-07 
1724 0.811176 9.63893e-13 -5.54889e-07 
1725 0.809703 9.52129e-13 -5.53802e-07 
1726 0.808232 9.40625e-13 -5.52735e-07 
1727 0.806762 9.29381e-13 -5.5169e-07 
1728 0.805292 9.18399e-13 -5.50664e-07 
1729 0.803824 9.07676e-13 -5.49658e-07 
1730 0.802356 8.97214e-13 -5.48671e-07 
1731 0.800889 8.87013e-13 -5.47703e-07 
1732 0.799423 8.77071e-13 -5.46754e-07 
1733 0.797957 8.6739e-13 -5.45823e-07 
1734 0.796491 8.57969e-13 -5.44909e-07 
1735 0.795026 8.48808e-13 -5.44012e-07 
1736 0.79356 8.39907e-13 -5.43132e-07 
1737 0.792095 8.31266e-13 -5.42268e-07 
1738 0.790629 8.22885e-13 -5.4142e-07 
1739 0.789164 8.14764e-13 -5.40587e-07 
1740 0.787698 8.06903e-13 -5.39769e-07 
1741 0.786231 7.99301e-13 -5.38966e-07 
1742 0.784764 7.91958e-13 -5.38177e-07 
1743 0.783296 7.84875e-13 -5.37401e-07 
1744 0.781827 7.78052e-13 -5.36638e-07 
1745 0.780357 7.71487e-13 -5.35888e-07 
1746 0.778886 7.65182e-13 -5.3515e-07 
1747 0.777414 7.59135e-13 -5.34424e-07 
1748 0.775941 7.53348e-13 -5.33709e-07 
1749 0.774466 7.47819e-13 -5.33005e-07 
1750 0.772989 7.42549e-13 -5.32312e-07 
1751 0.771511 7.37537e-13 -5.31628e-07 
1752 0.770031 7.32781e-13 -5.30953e-07 
1753 0.76855 7.28277e-13 -5.30288e-07 
1754 0.767067 7.24023e-13 -5.29632e-07 
1755 0.765582 7.20016e-13 -5.28983e-07 
1756 0.764095 7.16253e-13 -5.28343e-07 
1757 0.762607 7.1273e-13 -5.27711e-07 
1758 0.761116 7.09445e-13 -5.27086e-07 
1759 0.759624 7.06395e-13 -5.26468e-07 
1760 0.758131 7.03576e-13 -5.25857e-07 
1761 0.756635 7.00986e-13 -5.25252e-07 
1762 0.755138 6.98621e-13 -5.24653e-07 
1763 0.753639 6.96479e-13 -5.24059e-07 
1764 0.752139 6.94557e-13 -5.2347e-07 
1765 0.750636 6.9285e-13 -5.22887e-07 
1766 0.749132 6.91356e-13 -5.22307e-07 
1767 0.747626 6.90072e-13 -5.21732e-07 
1768 0.746118 6.88995e-13 -5.2116e-07 
1769 0.744608 6.88121e-13 -5.20592e-07 
1770 0.743097 6.87448e-13 -5.20026e-07 
1771 0.741584 6.86971e-13 -5.19463e-07 
1772 0.740069 6.86688e-13 -5.18902e-07 
1773 0.738552 6.86596e-13 -5.18342e-07 
1774 0.737033 6.86691e-13 -5.17784e-07 
1775 0.735513 6.86969e-13 -5.17227e-07 
1776 0.73399 6.87428e-13 -5.16671e-07 
1777 0.732466 6.88065e-13 -5.16114e-07 
1778 0.73094 6.88875e-13 -5.15557e-07 
1779 0.729412 6.89856e-13 -5.15e-07 
1780 0.727882 6.91004e-13 -5.14442e-07 
1781 0.726351 6.92315e-13 -5.13882e-07 
1782 0.724817 6.93787e-13 -5.1332e-07 
1783 0.723282 6.95415e-13 -5.12756e-07 
1784 0.721744 6.97197e-13 -5.12189e-07 
1785 0.720205 6.99129e-13 -5.11619e-07 
1786 0.718664 7.01207e-13 -5.11046e-07 
1787 0.717121 7.03428e-13 -5.10469e-07 
1788 0.715576 7.05789e-13 -5.09887e-07 
1789 0.71403 7.08285e-13 -5.09301e-07 
1790 0.712481 7.10914e-13 -5.08709e-07 
1791 0.71093 7.13671e-13 -5.08112e-07 
1792 0.709378 7.16553e-13 -5.07509e-07 
1793 0.707823 7.19557e-13 -5.06899e-07 
1794 0.706267 7.22678e-13 -5.06282e-07 
1795 0.704708 7.25914e-13 -5.05659e-07 
1796 0.703148 7.2926e-13 -5.05027e-07 
1797 0.701585 7.32713e-13 -5.04387e-07 
1798 0.700021 7.36269e-13 -5.03739e-07 
1799 0.698455 7.39925e-13 -5.03082e-07 
1800 0.696887 7.43676e-13 -5.02415e-07 
1801 0.695316 7.47519e-13 -5.01738e-07 
1802 0.693744 7.51451e-13 -5.01052e-07 
1803 0.69217 7.55468e-13 -5.00355e-07 
1804 0.690594 7.59566e-13 -4.99648e-07 
1805 0.689017 7.63742e-13 -4.98931e-07 
1806 0.687437 7.67993e-13 -4.98204e-07 
1807 0.685857 7.72315e-13 -4.97466e-07 
1808 0.684275 7.76704e-13 -4.96719e-07 
1809 0.682691 7.81158e-13 -4.9596e-07 
1810 0.681106 7.85672e-13 -4.95192e-07 
1811 0.67952 7.90242e-13 -4.94413e-07 
1812 0.677933 7.94866e-13 -4.93623e-07 
1813 0.676345 7.9954e-13 -4.92822e-07 
1814 0.674755 8.04259e-13 -4.92011e-07 
1815 0.673165 8.09021e-13 -4.91189e-07 
1816 0.671574 8.13822e-13 -4.90356e-07 
1817 0.669982 8.18658e-13 -4.89513e-07 
1818 0.66839 8.23525e-13 -4.88658e-07 
1819 0.666796 8.28419e-13 -4.87792e-07 
1820 0.665203 8.33338e-13 -4.86915e-07 
1821 0.663609 8.38276e-13 -4.86027e-07 
1822 0.662014 8.43231e-13 -4.85128e-07 
1823 0.66042 8.48199e-13 -4.84217e-07 
1824 0.658825 8.53175e-13 -4.83295e-07 
1825 0.65723 8.58157e-13 -4.82362e-07 
1826 0.655635 8.63139e-13 -4.81417e-07 
1827 0.65404 8.68119e-13 -4.80461e-07 
1828 0.652445 8.73092e-13 -4.79493e-07 
1829 0.65085 8.78055e-13 -4.78513e-07 
1830 0.649256 8.83004e-13 -4.77521e-07 
1831 0.647662 8.87934e-13 -4.76518e-07 
1832 0.646069 8.92843e-13 -4.75503e-07 
1833 0.644476 8.97725e-13 -4.74475e-07 
1834 0.642884 9.02577e-13 -4.73436e-07 
1835 0.641292 9.07395e-13 -4.72385e-07 
1836 0.639702 9.12175e-13 -4.71321e-07 
1837 0.638112 9.16912e-13 -4.70246e-07 
1838 0.636523 9.21604e-13 -4.69158e-07 
1839 0.634936 9.26246e-13 -4.68057e-07 
1840 0.633349 9.30833e-13 -4.66944e-07 
1841 0.631764 9.35362e-13 -4.65819e-07 
1842 0.63018 9.39829e-13 -4.64681e-07 
1843 0.628597 9.44229e-13 -4.63531e-07 
1844 0.627017 9.48559e-13 -4.62367e-07 
1845 0.625437 9.52814e-13 -4.61191e-07 
1846 0.62386 9.5699e-13 -4.60003e-07 
1847 0.622284 9.61083e-13 -4.58801e-07 
1848 0.62071 9.65088e-13 -4.57586e-07 
1849 0.619138 9.69002e-13 -4.56358e-07 
1850 0.617568 9.7282e-13 -4.55117e-07 
1851 0.616 9.76539e-13 -4.53863e-07 
1852 0.614435 9.80156e-13 -4.52596e-07 
1853 0.612871 9.83672e-13 -4.51316e-07 
1854 0.61131 9.87086e-13 -4.50024e-07 
1855 0.609752 9.90396e-13 -4.48719e-07 
1856 0.608196 9.93601e-13 -4.47402e-07 
1857 0.606642 9.96702e-13 -4.46073e-07 
1858 0.605091 9.99696e-13 -4.44732e-07 
1859 0.603542 1.00258e-12 -4.4338e-07 
1860 0.601997 1.00536e-12 -4.42017e-07 
1861 0.600454 1.00804e-12 -4.40642e-07 
1862 0.598913 1.0106e-12 -4.39257e-07 
1863 0.597376 1.01305e-12 -4.37861e-07 
1864 0.595842 1.01539e-12 -4.36455e-07 
1865 0.59431 1.01762e-12 -4.35038e-07 
1866 0.592782 1.01973e-12 -4.33612e-07 
1867 0.591256 1.02173e-12 -4.32175e-07 
1868 0.589734 1.02362e-12 -4.30729e-07 
1869 0.588215 1.02539e-12 -4.29274e-07 
1870 0.586699 1.02705e-12 -4.2781e-07 
1871 0.585187 1.02858e-12 -4.26337e-07 
1872 0.583678 1.03e-12 -4.24855e-07 
1873 0.582173 1.0313e-12 -4.23365e-07 
1874 0.580671 1.03248e-12 -4.21867e-07 
1875 0.579172 1.03354e-12 -4.2036e-07 
1876 0.577677 1.03448e-12 -4.18846e-07 
1877 0.576186 1.03529e-12 -4.17325e-07 
1878 0.574699 1.03599e-12 -4.15796e-07 
1879 0.573216 1.03655e-12 -4.14261e-07 
1880 0.571736 1.03699e-12 -4.12718e-07 
1881 0.570261 1.03731e-12 -4.11169e-07 
1882 0.568789 1.03749e-12 -4.09614e-07 
1883 0.567322 1.03755e-12 -4.08053e-07 
1884 0.565859 1.03748e-12 -4.06486e-07 
1885 0.5644 1.03728e-12 -4.04913e-07 
1886 0.562945 1.03695e-12 -4.03335e-07 
1887 0.561495 1.03649e-12 -4.01752e-07 
1888 0.560049 1.03589e-12 -4.00164e-07 
1889 0.558607 1.03516e-12 -3.98571e-07 
1890 0.55717 1.03429e-12 -3.96975e-07 
1891 0.555738 1.03329e-12 -3.95374e-07 
1892 0.55431 1.03215e-12 -3.93769e-07 
1893 0.552887 1.03088e-12 -3.9216e-07 
1894 0.551469 1.02947e-12 -3.90549e-07 
1895 0.550056 1.02791e-12 -3.88934e-07 
1896 0.548648 1.02622e-12 -3.87316e-07 
1897 0.547244 1.02438e-12 -3.85696e-07 
1898 0.545846 1.02241e-12 -3.84073e-07 
1899 0.544453 1.02028e-12 -3.82448e-07 
1900 0.543065 1.01802e-12 -3.80822e-07 
1901 0.541682 1.01561e-12 -3.79194e-07 
1902 0.540305 1.01306e-12 -3.77565e-07 
1903 0.538933 1.01036e-12 -3.75934e-07 
1904 0.537567 1.00753e-12 -3.74303e-07 
1905 0.536205 1.00457e-12 -3.72672e-07 
1906 0.53485 1.00147e-12 -3.7104e-07 
1907 0.533499 9.9824e-13 -3.69408e-07 
1908 0.532155 9.94885e-13 -3.67777e-07 
1909 0.530815 9.91405e-13 -3.66147e-07 
1910 0.529482 9.87803e-13 -3.64518e-07 
1911 0.528154 9.84082e-13 -3.6289e-07 
1912 0.526831 9.80244e-13 -3.61263e-07 
1913 0.525514 9.76292e-13 -3.59639e-07 
1914 0.524203 9.72229e-13 -3.58017e-07 
1915 0.522898 9.68057e-13 -3.56397e-07 
1916 0.521598 9.63779e-13 -3.5478e-07 
1917 0.520304 9.59398e-13 -3.53166e-07 
1918 0.519016 9.54917e-13 -3.51555e-07 
1919 0.517734 9.50338e-13 -3.49949e-07 
1920 0.516458 9.45664e-13 -3.48346e-07 
1921 0.515187 9.40898e-13 -3.46747e-07 
1922 0.513923 9.36042e-13 -3.45153e-07 
1923 0.512664 9.311e-13 -3.43564e-07 
1924 0.511412 9.26074e-13 -3.41981e-07 
1925 0.510166 9.20967e-13 -3.40402e-07 
1926 0.508925 9.15782e-13 -3.3883e-07 
1927 0.507691 9.10522e-13 -3.37264e-07 
1928 0.506463 9.0519e-13 -3.35704e-07 
1929 0.505241 8.99788e-13 -3.34151e-07 
1930 0.504026 8.94319e-13 -3.32605e-07 
1931 0.502816 8.88787e-13 -3.31067e-07 
1932 0.501613 8.83194e-13 -3.29536e-07 
1933 0.500416 8.77542e-13 -3.28013e-07 
1934 0.499226 8.71836e-13 -3.26499e-07 
1935 0.498042 8.66078e-13 -3.24993e-07 
1936 0.496864 8.60271e-13 -3.23497e-07 
1937 0.495693 8.54418e-13 -3.22009e-07 
1938 0.494528 8.48522e-13 -3.20532e-07 
1939 0.49337 8.42585e-13 -3.19064e-07 
1940 0.492218 8.36612e-13 -3.17607e-07 
1941 0.491073 8.30605e-13 -3.1616e-07 
1942 0.489935 8.24566e-13 -3.14725e-07 
1943 0.488803 8.185e-13 -3.133e-07 
1944 0.487678 8.12408e-13 -3.11888e-07 
1945 0.486559 8.06295e-13 -3.10487e-07 
1946 0.485448 8.00163e-13 -3.09099e-07 
1947 0.484343 7.94016e-13 -3.07723e-07 
1948 0.483245 7.87856e-13 -3.0636e-07 
1949 0.482154 7.81687e-13 -3.05011e-07 
1950 0.481069 7.75511e-13 -3.03675e-07 
1951 0.479992 7.69332e-13 -3.02353e-07 
1952 0.478921 7.63149e-13 -3.01045e-07 
1953 0.477857 7.56963e-13 -2.9975e-07 
1954 0.476799 7.50773e-13 -2.98469e-07 
1955 0.475748 7.4458e-13 -2.972e-07 
1956 0.474703 7.38382e-13 -2.95944e-07 
1957 0.473663 7.3218e-13 -2.947e-07 
1958 0.472629 7.25974e-13 -2.93468e-07 
1959 0.471601 7.19763e-13 -2.92247e-07 
1960 0.470578 7.13547e-13 -2.91038e-07 
1961 0.469561 7.07326e-13 -2.8984e-07 
1962 0.468548 7.011e-13 -2.88652e-07 
1963 0.46754 6.94868e-13 -2.87475e-07 
1964 0.466537 6.88631e-13 -2.86308e-07 
1965 0.465538 6.82387e-13 -2.85151e-07 
1966 0.464544 6.76138e-13 -2.84003e-07 
1967 0.463553 6.69882e-13 -2.82865e-07 
1968 0.462567 6.6362e-13 -2.81735e-07 
1969 0.461584 6.57351e-13 -2.80613e-07 
1970 0.460605 6.51075e-13 -2.795e-07 
1971 0.459629 6.44792e-13 -2.78395e-07 
1972 0.458657 6.38502e-13 -2.77297e-07 
1973 0.457687 6.32204e-13 -2.76206e-07 
1974 0.45672 6.25898e-13 -2.75123e-07 
1975 0.455756 6.19585e-13 -2.74046e-07 
1976 0.454794 6.13263e-13 -2.72975e-07 
1977 0.453835 6.06932e-13 -2.7191e-07 
1978 0.452877 6.00593e-13 -2.7085e-07 
1979 0.451922 5.94246e-13 -2.69796e-07 
1980 0.450968 5.87889e-13 -2.68747e-07 
1981 0.450015 5.81523e-13 -2.67702e-07 
1982 0.449064 5.75147e-13 -2.66662e-07 
1983 0.448114 5.68762e-13 -2.65625e-07 
1984 0.447165 5.62366e-13 -2.64592e-07 
1985 0.446216 5.55961e-13 -2.63562e-07 
1986 0.445268 5.49545e-13 -2.62535e-07 
1987 0.44432 5.43118e-13 -2.61511e-07 
1988 0.443373 5.36681e-13 -2.60489e-07 
1989 0.442425 5.30232e-13 -2.59468e-07 
1990 0.441477 5.23773e-13 -2.5845e-07 
1991 0.440528 5.17301e-13 -2.57432e-07 
1992 0.439579 5.10818e-13 -2.56415e-07 
1993 0.438628 5.04323e-13 -2.55398e-07 
1994 0.437677 4.97816e-13 -2.54382e-07 
1995 0.436724 4.91296e-13 -2.53365e-07 
1996 0.43577 4.84763e-13 -2.52348e-07 
1997 0.434814 4.78218e-13 -2.5133e-07 
1998 0.433856 4.71659e-13 -2.5031e-07 
1999 0.432896 4.65087e-13 -2.49289e-07 
2000 0.431934 4.58502e-13 -2.48266e-07 
