2 950.963 5.83881e-08 0.00740772 
3 917.45 5.4586e-08 0.00702273 
4 892.84 5.16674e-08 0.00673131 
5 873.973 4.93241e-08 0.00650067 
6 858.197 4.73583e-08 0.00630696 
7 844.111 4.56608e-08 0.0061371 
8 830.917 4.41633e-08 0.00598329 
9 817.73 4.2795e-08 0.0058375 
10 805.595 4.16001e-08 0.00570649 
11 792.965 4.04736e-08 0.00557766 
12 780.48 3.9442e-08 0.00545519 
13 767.254 3.84405e-08 0.00533148 
14 754.484 3.75303e-08 0.00521507 
15 742.252 3.67095e-08 0.00510614 
16 728.668 3.58605e-08 0.00498989 
17 714.562 3.50243e-08 0.0048721 
18 701.201 3.4268e-08 0.00476192 
19 688.998 3.36106e-08 0.00466212 
20 677.286 3.30104e-08 0.00456744 
21 664.744 3.23892e-08 0.00446777 
22 651.596 3.17555e-08 0.00436446 
23 638.391 3.11364e-08 0.00426134 
24 625.414 3.05452e-08 0.00416031 
25 612.635 2.99782e-08 0.004061 
26 599.826 2.94214e-08 0.00396161 
27 587.144 2.88811e-08 0.00386311 
28 574.748 2.83638e-08 0.00376649 
29 562.624 2.78669e-08 0.00367152 
30 550.561 2.73777e-08 0.00357653 
31 538.274 2.68797e-08 0.00347935 
32 525.907 2.63785e-08 0.00338088 
33 513.702 2.58848e-08 0.00328268 
34 501.855 2.54075e-08 0.00318606 
35 490.516 2.49526e-08 0.00309194 
36 479.778 2.45238e-08 0.00300089 
37 469.667 2.41211e-08 0.002913 
38 460.14 2.37416e-08 0.00282789 
39 451.075 2.33781e-08 0.00274461 
40 442.261 2.30193e-08 0.00266164 
41 433.479 2.26535e-08 0.00257736 
42 424.762 2.22815e-08 0.00249194 
43 416.209 2.1907e-08 0.00240596 
44 407.904 2.15335e-08 0.00231996 
45 399.917 2.11636e-08 0.00223436 
46 392.304 2.07992e-08 0.00214948 
47 385.102 2.04416e-08 0.00206551 
48 378.33 2.0091e-08 0.00198255 
49 371.984 1.97469e-08 0.00190054 
50 366.041 1.94076e-08 0.00181926 
51 360.47 1.90714e-08 0.00173848 
52 355.304 1.87393e-08 0.00165838 
53 350.587 1.84126e-08 0.0015792 
54 346.352 1.80926e-08 0.00150115 
55 342.624 1.77799e-08 0.00142433 
56 339.417 1.74746e-08 0.00134883 
57 336.734 1.71766e-08 0.00127461 
58 334.567 1.68849e-08 0.0012016 
59 332.893 1.65983e-08 0.00112961 
60 331.679 1.63148e-08 0.00105839 
61 330.889 1.60325e-08 0.000987695 
62 330.54 1.57518e-08 0.000917587 
63 330.654 1.54734e-08 0.000848215 
64 331.253 1.51981e-08 0.000779699 
65 332.354 1.49263e-08 0.000712133 
66 333.967 1.46585e-08 0.000645583 
67 336.101 1.43947e-08 0.000580087 
68 338.756 1.41349e-08 0.000515648 
69 341.93 1.38787e-08 0.000452238 
70 345.612 1.36257e-08 0.000389794 
71 349.793 1.33754e-08 0.00032825 
72 354.482 1.3128e-08 0.000267661 
73 359.689 1.28839e-08 0.000208096 
74 365.424 1.26433e-08 0.000149613 
75 371.691 1.24065e-08 9.22482e-05 
76 378.493 1.21734e-08 3.60225e-05 
77 385.829 1.19441e-08 -1.90634e-05 
78 393.695 1.17183e-08 -7.30285e-05 
79 402.084 1.14956e-08 -0.000125913 
80 410.984 1.12757e-08 -0.000177778 
81 420.383 1.1058e-08 -0.000228683 
82 430.285 1.08428e-08 -0.000278597 
83 440.695 1.06301e-08 -0.000327475 
84 451.615 1.04204e-08 -0.000375278 
85 463.048 1.02136e-08 -0.00042198 
86 474.992 1.00098e-08 -0.000467563 
87 487.446 9.80913e-09 -0.00051202 
88 500.404 9.61146e-09 -0.000555355 
89 513.862 9.41665e-09 -0.000597583 
90 527.81 9.22452e-09 -0.000638731 
91 542.24 9.03485e-09 -0.000678827 
92 557.15 8.8477e-09 -0.000717857 
93 572.538 8.66318e-09 -0.000755804 
94 588.401 8.48135e-09 -0.000792654 
95 604.734 8.30221e-09 -0.000828405 
96 621.533 8.12574e-09 -0.000863058 
97 638.79 7.95186e-09 -0.000896623 
98 656.496 7.78045e-09 -0.00092912 
99 674.641 7.61132e-09 -0.000960573 
100 693.214 7.44426e-09 -0.000991018 
101 712.205 7.27906e-09 -0.00102048 
102 731.608 7.11584e-09 -0.00104896 
103 751.422 6.95475e-09 -0.00107641 
104 771.645 6.79596e-09 -0.00110282 
105 792.272 6.63959e-09 -0.00112816 
106 813.301 6.48575e-09 -0.00115244 
107 834.724 6.33456e-09 -0.00117561 
108 856.539 6.18607e-09 -0.00119769 
109 878.737 6.04035e-09 -0.00121867 
110 901.312 5.89742e-09 -0.00123853 
111 924.256 5.75731e-09 -0.00125729 
112 947.56 5.61999e-09 -0.00127495 
113 971.216 5.48543e-09 -0.00129152 
114 995.212 5.35357e-09 -0.00130701 
115 1019.54 5.22433e-09 -0.00132144 
116 1044.18 5.09758e-09 -0.00133483 
117 1069.13 4.9732e-09 -0.00134721 
118 1094.37 4.85101e-09 -0.00135861 
119 1119.89 4.73082e-09 -0.00136907 
120 1145.66 4.6124e-09 -0.00137862 
121 1171.69 4.49556e-09 -0.00138731 
122 1197.95 4.38033e-09 -0.00139513 
123 1224.43 4.26678e-09 -0.00140208 
124 1251.15 4.15499e-09 -0.00140816 
125 1278.07 4.04502e-09 -0.00141336 
126 1305.2 3.93692e-09 -0.00141767 
127 1332.52 3.83075e-09 -0.00142111 
128 1360.03 3.72654e-09 -0.00142367 
129 1387.72 3.62433e-09 -0.00142535 
130 1415.58 3.52413e-09 -0.00142616 
131 1443.59 3.42596e-09 -0.00142611 
132 1471.74 3.32982e-09 -0.0014252 
133 1500.03 3.2357e-09 -0.00142344 
134 1528.45 3.14359e-09 -0.00142084 
135 1556.97 3.05346e-09 -0.00141743 
136 1585.6 2.96526e-09 -0.0014132 
137 1614.31 2.87895e-09 -0.00140818 
138 1643.09 2.79447e-09 -0.0014024 
139 1671.94 2.71175e-09 -0.00139586 
140 1700.83 2.6307e-09 -0.00138859 
141 1729.76 2.55125e-09 -0.00138061 
142 1758.71 2.47342e-09 -0.00137194 
143 1787.67 2.39722e-09 -0.00136257 
144 1816.64 2.32269e-09 -0.00135251 
145 1845.59 2.24985e-09 -0.00134177 
146 1874.53 2.17871e-09 -0.00133036 
147 1903.44 2.10928e-09 -0.00131828 
148 1932.31 2.04157e-09 -0.00130555 
149 1961.13 1.97558e-09 -0.00129217 
150 1989.89 1.9113e-09 -0.00127816 
151 2018.57 1.84872e-09 -0.00126352 
152 2047.17 1.78782e-09 -0.00124828 
153 2075.67 1.72859e-09 -0.00123245 
154 2104.06 1.67098e-09 -0.00121604 
155 2132.34 1.61498e-09 -0.00119907 
156 2160.48 1.56053e-09 -0.00118155 
157 2188.48 1.5076e-09 -0.00116351 
158 2216.32 1.45612e-09 -0.00114496 
159 2243.99 1.40603e-09 -0.00112592 
160 2271.49 1.35728e-09 -0.00110643 
161 2298.79 1.3098e-09 -0.00108648 
162 2325.88 1.26358e-09 -0.00106611 
163 2352.76 1.21865e-09 -0.00104531 
164 2379.42 1.175e-09 -0.0010241 
165 2405.85 1.13265e-09 -0.00100249 
166 2432.03 1.09159e-09 -0.000980485 
167 2457.96 1.05182e-09 -0.000958101 
168 2483.63 1.01335e-09 -0.000935348 
169 2509.03 9.76163e-10 -0.000912239 
170 2534.14 9.40254e-10 -0.000888786 
171 2558.97 9.05611e-10 -0.000865002 
172 2583.49 8.72219e-10 -0.000840901 
173 2607.71 8.40062e-10 -0.000816496 
174 2631.6 8.09117e-10 -0.000791801 
175 2655.17 7.79362e-10 -0.000766832 
176 2678.4 7.50769e-10 -0.000741604 
177 2701.28 7.23308e-10 -0.000716132 
178 2723.81 6.96945e-10 -0.000690432 
179 2745.96 6.71643e-10 -0.000664522 
180 2767.75 6.47361e-10 -0.000638418 
181 2789.14 6.24063e-10 -0.000612137 
182 2810.15 6.0174e-10 -0.00058569 
183 2830.76 5.80393e-10 -0.000559089 
184 2850.96 5.60015e-10 -0.000532345 
185 2870.75 5.40604e-10 -0.000505469 
186 2890.11 5.22152e-10 -0.000478473 
187 2909.05 5.0465e-10 -0.000451367 
188 2927.55 4.8809e-10 -0.000424165 
189 2945.61 4.72458e-10 -0.000396877 
190 2963.23 4.57742e-10 -0.000369517 
191 2980.39 4.43927e-10 -0.000342096 
192 2997.09 4.30994e-10 -0.000314626 
193 3013.32 4.18926e-10 -0.000287122 
194 3029.08 4.07701e-10 -0.000259594 
195 3044.36 3.97297e-10 -0.000232056 
196 3059.16 3.87689e-10 -0.000204522 
197 3073.47 3.78851e-10 -0.000177004 
198 3087.29 3.70754e-10 -0.000149517 
199 3100.61 3.63367e-10 -0.000122073 
200 3113.42 3.56658e-10 -9.46862e-05 
201 3125.73 3.50598e-10 -6.73702e-05 
202 3137.53 3.45178e-10 -4.01351e-05 
203 3148.8 3.40393e-10 -1.29904e-05 
204 3159.56 3.3624e-10 1.40544e-05 
205 3169.8 3.32711e-10 4.09899e-05 
206 3179.51 3.29802e-10 6.78065e-05 
207 3188.69 3.27503e-10 9.44948e-05 
208 3197.33 3.25808e-10 0.000121046 
209 3205.45 3.24706e-10 0.000147449 
210 3213.02 3.24189e-10 0.000173697 
211 3220.05 3.24243e-10 0.000199778 
212 3226.55 3.24859e-10 0.000225685 
213 3232.5 3.26023e-10 0.000251408 
214 3237.9 3.2772e-10 0.000276938 
215 3242.77 3.29938e-10 0.000302265 
216 3247.08 3.32658e-10 0.000327381 
217 3250.85 3.35866e-10 0.000352277 
218 3254.07 3.39544e-10 0.000376943 
219 3256.74 3.43671e-10 0.000401372 
220 3258.86 3.4823e-10 0.000425553 
221 3260.44 3.53199e-10 0.000449478 
222 3261.47 3.58555e-10 0.00047314 
223 3261.96 3.64277e-10 0.000496528 
224 3261.9 3.70341e-10 0.000519634 
225 3261.3 3.7672e-10 0.00054245 
226 3260.16 3.83393e-10 0.000564968 
227 3258.48 3.90351e-10 0.000587182 
228 3256.26 3.97587e-10 0.000609084 
229 3253.51 4.05096e-10 0.000630668 
230 3250.21 4.12871e-10 0.00065193 
231 3246.39 4.20905e-10 0.000672862 
232 3242.03 4.29191e-10 0.000693459 
233 3237.15 4.3772e-10 0.000713716 
234 3231.73 4.46485e-10 0.000733628 
235 3225.8 4.55478e-10 0.000753189 
236 3219.34 4.64688e-10 0.000772393 
237 3212.37 4.74108e-10 0.000791238 
238 3204.88 4.83727e-10 0.000809717 
239 3196.88 4.93536e-10 0.000827826 
240 3188.38 5.03523e-10 0.000845562 
241 3179.38 5.13677e-10 0.000862919 
242 3169.89 5.23988e-10 0.000879895 
243 3159.9 5.34444e-10 0.000896485 
244 3149.43 5.45032e-10 0.000912686 
245 3138.48 5.55739e-10 0.000928495 
246 3127.06 5.66553e-10 0.000943908 
247 3115.17 5.7746e-10 0.000958923 
248 3102.83 5.88445e-10 0.000973538 
249 3090.03 5.99495e-10 0.000987749 
250 3076.78 6.10594e-10 0.00100155 
251 3063.1 6.21729e-10 0.00101495 
252 3048.99 6.32893e-10 0.00102794 
253 3034.45 6.4408e-10 0.00104052 
254 3019.49 6.55286e-10 0.00105268 
255 3004.11 6.66505e-10 0.00106442 
256 2988.32 6.77731e-10 0.00107574 
257 2972.13 6.88958e-10 0.00108665 
258 2955.54 7.00181e-10 0.00109713 
259 2938.56 7.11394e-10 0.00110719 
260 2921.19 7.2259e-10 0.00111682 
261 2903.45 7.33762e-10 0.00112603 
262 2885.34 7.44906e-10 0.00113481 
263 2866.86 7.56013e-10 0.00114317 
264 2848.03 7.67077e-10 0.0011511 
265 2828.85 7.78092e-10 0.0011586 
266 2809.33 7.8905e-10 0.00116568 
267 2789.48 7.99944e-10 0.00117233 
268 2769.31 8.10767e-10 0.00117856 
269 2748.83 8.21511e-10 0.00118436 
270 2728.04 8.32168e-10 0.00118975 
271 2706.97 8.42732e-10 0.00119471 
272 2685.6 8.53193e-10 0.00119925 
273 2663.97 8.63544e-10 0.00120338 
274 2642.07 8.73776e-10 0.00120709 
275 2619.92 8.83881e-10 0.00121039 
276 2597.52 8.93852e-10 0.00121329 
277 2574.89 9.03684e-10 0.00121577 
278 2552.04 9.13375e-10 0.00121785 
279 2528.97 9.2292e-10 0.00121953 
280 2505.69 9.32318e-10 0.00122081 
281 2482.22 9.41564e-10 0.00122168 
282 2458.55 9.50656e-10 0.00122217 
283 2434.7 9.5959e-10 0.00122225 
284 2410.68 9.68364e-10 0.00122195 
285 2386.5 9.76975e-10 0.00122127 
286 2362.17 9.85418e-10 0.0012202 
287 2337.69 9.93692e-10 0.00121875 
288 2313.08 1.00179e-09 0.00121693 
289 2288.35 1.00972e-09 0.00121474 
290 2263.51 1.01746e-09 0.00121218 
291 2238.57 1.02502e-09 0.00120927 
292 2213.54 1.0324e-09 0.001206 
293 2188.43 1.03959e-09 0.00120238 
294 2163.26 1.04659e-09 0.00119842 
295 2138.03 1.05339e-09 0.00119412 
296 2112.76 1.06e-09 0.00118949 
297 2087.46 1.0664e-09 0.00118453 
298 2062.14 1.0726e-09 0.00117926 
299 2036.81 1.0786e-09 0.00117368 
300 2011.49 1.08438e-09 0.0011678 
301 1986.2 1.08995e-09 0.00116162 
302 1960.92 1.09531e-09 0.00115514 
303 1935.68 1.10045e-09 0.00114838 
304 1910.48 1.10538e-09 0.00114133 
305 1885.32 1.11009e-09 0.001134 
306 1860.22 1.11459e-09 0.00112638 
307 1835.17 1.11887e-09 0.00111848 
308 1810.18 1.12293e-09 0.00111031 
309 1785.27 1.12678e-09 0.00110186 
310 1760.43 1.1304e-09 0.00109315 
311 1735.68 1.13381e-09 0.00108417 
312 1711.02 1.137e-09 0.00107492 
313 1686.45 1.13998e-09 0.00106542 
314 1661.99 1.14273e-09 0.00105567 
315 1637.64 1.14527e-09 0.00104566 
316 1613.4 1.14759e-09 0.00103541 
317 1589.29 1.14969e-09 0.00102492 
318 1565.3 1.15157e-09 0.00101419 
319 1541.46 1.15324e-09 0.00100323 
320 1517.75 1.15469e-09 0.000992038 
321 1494.2 1.15593e-09 0.000980628 
322 1470.8 1.15695e-09 0.000969001 
323 1447.57 1.15776e-09 0.000957164 
324 1424.51 1.15835e-09 0.00094512 
325 1401.63 1.15874e-09 0.000932877 
326 1378.93 1.15891e-09 0.000920441 
327 1356.43 1.15887e-09 0.000907816 
328 1334.12 1.15862e-09 0.000895011 
329 1312.02 1.15816e-09 0.00088203 
330 1290.14 1.1575e-09 0.000868881 
331 1268.47 1.15663e-09 0.000855571 
332 1247.03 1.15556e-09 0.000842106 
333 1225.83 1.15429e-09 0.000828494 
334 1204.87 1.15281e-09 0.000814742 
335 1184.15 1.15114e-09 0.000800857 
336 1163.7 1.14927e-09 0.000786848 
337 1143.51 1.14721e-09 0.000772722 
338 1123.59 1.14496e-09 0.000758487 
339 1103.95 1.14251e-09 0.000744151 
340 1084.59 1.13988e-09 0.000729724 
341 1065.53 1.13706e-09 0.000715213 
342 1046.77 1.13406e-09 0.000700627 
343 1028.32 1.13088e-09 0.000685975 
344 1010.18 1.12752e-09 0.000671267 
345 992.368 1.12399e-09 0.000656513 
346 974.887 1.12029e-09 0.00064172 
347 957.744 1.11641e-09 0.0006269 
348 940.948 1.11237e-09 0.000612062 
349 924.506 1.10817e-09 0.000597217 
350 908.425 1.10381e-09 0.000582374 
351 892.713 1.09929e-09 0.000567544 
352 877.372 1.09462e-09 0.00055273 
353 862.404 1.08979e-09 0.000537935 
354 847.81 1.08481e-09 0.000523164 
355 833.593 1.07969e-09 0.000508418 
356 819.752 1.07441e-09 0.0004937 
357 806.289 1.06899e-09 0.000479015 
358 793.206 1.06343e-09 0.000464365 
359 780.504 1.05772e-09 0.000449754 
360 768.182 1.05188e-09 0.000435185 
361 756.243 1.04589e-09 0.00042066 
362 744.686 1.03977e-09 0.000406184 
363 733.512 1.03351e-09 0.00039176 
364 722.722 1.02713e-09 0.000377391 
365 712.316 1.02061e-09 0.00036308 
366 702.293 1.01397e-09 0.000348831 
367 692.654 1.0072e-09 0.000334648 
368 683.399 1.00031e-09 0.000320534 
369 674.527 9.93303e-10 0.000306492 
370 666.038 9.86178e-10 0.000292526 
371 657.931 9.78939e-10 0.00027864 
372 650.207 9.71588e-10 0.000264836 
373 642.863 9.6413e-10 0.00025112 
374 635.899 9.56566e-10 0.000237494 
375 629.315 9.48899e-10 0.000223962 
376 623.108 9.41134e-10 0.000210528 
377 617.277 9.33272e-10 0.000197196 
378 611.822 9.25318e-10 0.000183969 
379 606.74 9.17274e-10 0.000170852 
380 602.029 9.09144e-10 0.000157847 
381 597.688 9.00931e-10 0.000144959 
382 593.715 8.92639e-10 0.000132192 
383 590.107 8.84272e-10 0.00011955 
384 586.862 8.75832e-10 0.000107036 
385 583.977 8.67325e-10 9.46553e-05 
386 581.45 8.58753e-10 8.2411e-05 
387 579.278 8.50121e-10 7.03073e-05 
388 577.459 8.41432e-10 5.83484e-05 
389 575.988 8.32691e-10 4.65383e-05 
390 574.863 8.23902e-10 3.48812e-05 
391 574.08 8.15069e-10 2.33812e-05 
392 573.636 8.06196e-10 1.20425e-05 
393 573.527 7.97287e-10 8.69346e-07 
394 573.749 7.88348e-10 -1.01341e-05 
395 574.298 7.79383e-10 -2.09634e-05 
396 575.17 7.70396e-10 -3.16144e-05 
397 576.361 7.61392e-10 -4.20828e-05 
398 577.865 7.52375e-10 -5.23641e-05 
399 579.678 7.43351e-10 -6.2454e-05 
400 581.795 7.34325e-10 -7.2348e-05 
401 584.213 7.25301e-10 -8.20424e-05 
402 586.926 7.16281e-10 -9.15358e-05 
403 589.933 7.07266e-10 -0.000100828 
404 593.229 6.98259e-10 -0.000109917 
405 596.812 6.89261e-10 -0.000118805 
406 600.677 6.80272e-10 -0.000127489 
407 604.822 6.71296e-10 -0.000135969 
408 609.243 6.62333e-10 -0.000144246 
409 613.935 6.53385e-10 -0.000152319 
410 618.894 6.44453e-10 -0.000160187 
411 624.117 6.3554e-10 -0.000167851 
412 629.599 6.26647e-10 -0.00017531 
413 635.336 6.17775e-10 -0.000182564 
414 641.322 6.08927e-10 -0.000189612 
415 647.554 6.00103e-10 -0.000196456 
416 654.027 5.91306e-10 -0.000203095 
417 660.734 5.82537e-10 -0.00020953 
418 667.672 5.73798e-10 -0.000215759 
419 674.835 5.65091e-10 -0.000221784 
420 682.218 5.56418e-10 -0.000227604 
421 689.815 5.47779e-10 -0.000233221 
422 697.62 5.39177e-10 -0.000238634 
423 705.627 5.30615e-10 -0.000243844 
424 713.831 5.22092e-10 -0.000248851 
425 722.225 5.13612e-10 -0.000253656 
426 730.804 5.05176e-10 -0.00025826 
427 739.56 4.96786e-10 -0.000262662 
428 748.486 4.88444e-10 -0.000266864 
429 757.577 4.80152e-10 -0.000270867 
430 766.826 4.71911e-10 -0.000274671 
431 776.225 4.63723e-10 -0.000278277 
432 785.767 4.55591e-10 -0.000281686 
433 795.444 4.47516e-10 -0.000284899 
434 805.25 4.395e-10 -0.000287917 
435 815.177 4.31545e-10 -0.000290742 
436 825.216 4.23653e-10 -0.000293374 
437 835.36 4.15826e-10 -0.000295814 
438 845.601 4.08066e-10 -0.000298065 
439 855.93 4.00375e-10 -0.000300126 
440 866.339 3.92755e-10 -0.000302 
441 876.82 3.85208e-10 -0.000303689 
442 887.362 3.77735e-10 -0.000305193 
443 897.959 3.7034e-10 -0.000306514 
444 908.6 3.63024e-10 -0.000307654 
445 919.276 3.55789e-10 -0.000308615 
446 929.978 3.48637e-10 -0.000309398 
447 940.696 3.41571e-10 -0.000310006 
448 951.421 3.34592e-10 -0.00031044 
449 962.142 3.27702e-10 -0.000310701 
450 972.849 3.20904e-10 -0.000310794 
451 983.534 3.142e-10 -0.000310718 
452 994.191 3.0759e-10 -0.000310477 
453 1004.82 3.01074e-10 -0.000310071 
454 1015.41 2.94653e-10 -0.000309502 
455 1025.97 2.88327e-10 -0.000308772 
456 1036.48 2.82097e-10 -0.000307884 
457 1046.96 2.75962e-10 -0.000306838 
458 1057.38 2.69923e-10 -0.000305636 
459 1067.75 2.6398e-10 -0.000304282 
460 1078.07 2.58134e-10 -0.000302776 
461 1088.34 2.52384e-10 -0.000301121 
462 1098.53 2.4673e-10 -0.000299319 
463 1108.67 2.41174e-10 -0.000297372 
464 1118.73 2.35714e-10 -0.000295283 
465 1128.72 2.30351e-10 -0.000293053 
466 1138.64 2.25085e-10 -0.000290686 
467 1148.47 2.19917e-10 -0.000288184 
468 1158.22 2.14845e-10 -0.000285549 
469 1167.88 2.09871e-10 -0.000282784 
470 1177.45 2.04994e-10 -0.000279892 
471 1186.92 2.00214e-10 -0.000276875 
472 1196.29 1.95531e-10 -0.000273736 
473 1205.55 1.90945e-10 -0.000270478 
474 1214.71 1.86456e-10 -0.000267104 
475 1223.75 1.82064e-10 -0.000263617 
476 1232.67 1.77768e-10 -0.000260019 
477 1241.47 1.73569e-10 -0.000256315 
478 1250.14 1.69466e-10 -0.000252507 
479 1258.68 1.6546e-10 -0.000248599 
480 1267.09 1.61549e-10 -0.000244594 
481 1275.35 1.57734e-10 -0.000240494 
482 1283.47 1.54015e-10 -0.000236305 
483 1291.44 1.5039e-10 -0.000232028 
484 1299.26 1.4686e-10 -0.000227669 
485 1306.91 1.43425e-10 -0.000223229 
486 1314.4 1.40084e-10 -0.000218714 
487 1321.72 1.36836e-10 -0.000214127 
488 1328.87 1.33682e-10 -0.000209472 
489 1335.84 1.3062e-10 -0.000204752 
490 1342.62 1.27651e-10 -0.000199972 
491 1349.22 1.24774e-10 -0.000195136 
492 1355.62 1.21988e-10 -0.000190248 
493 1361.82 1.19293e-10 -0.000185312 
494 1367.81 1.16688e-10 -0.000180333 
495 1373.6 1.14173e-10 -0.000175315 
496 1379.17 1.11747e-10 -0.000170261 
497 1384.51 1.09409e-10 -0.000165178 
498 1389.64 1.0716e-10 -0.000160069 
499 1394.52 1.04997e-10 -0.000154939 
500 1399.18 1.02921e-10 -0.000149793 
501 1403.58 1.0093e-10 -0.000144635 
502 1407.75 9.90249e-11 -0.000139467 
503 1411.67 9.72039e-11 -0.00013429 
504 1415.36 9.54667e-11 -0.000129108 
505 1418.8 9.38126e-11 -0.00012392 
506 1422 9.2241e-11 -0.000118729 
507 1424.96 9.07512e-11 -0.000113536 
508 1427.68 8.93424e-11 -0.000108344 
509 1430.17 8.80138e-11 -0.000103154 
510 1432.41 8.67647e-11 -9.79671e-05 
511 1434.42 8.55942e-11 -9.27861e-05 
512 1436.2 8.45016e-11 -8.76124e-05 
513 1437.74 8.34859e-11 -8.2448e-05 
514 1439.05 8.25463e-11 -7.72946e-05 
515 1440.12 8.16818e-11 -7.21542e-05 
516 1440.97 8.08915e-11 -6.70288e-05 
517 1441.58 8.01746e-11 -6.19202e-05 
518 1441.97 7.95299e-11 -5.68305e-05 
519 1442.13 7.89564e-11 -5.17616e-05 
520 1442.06 7.84532e-11 -4.67155e-05 
521 1441.77 7.80191e-11 -4.16944e-05 
522 1441.26 7.76531e-11 -3.67002e-05 
523 1440.52 7.73541e-11 -3.17351e-05 
524 1439.57 7.71209e-11 -2.68011e-05 
525 1438.39 7.69523e-11 -2.19005e-05 
526 1437 7.68471e-11 -1.70354e-05 
527 1435.39 7.68042e-11 -1.2208e-05 
528 1433.57 7.68222e-11 -7.42051e-06 
529 1431.54 7.68999e-11 -2.67519e-06 
530 1429.3 7.7036e-11 2.0257e-06 
531 1426.85 7.72291e-11 6.67985e-06 
532 1424.2 7.74779e-11 1.12849e-05 
533 1421.34 7.7781e-11 1.58386e-05 
534 1418.28 7.8137e-11 2.03385e-05 
535 1415.02 7.85445e-11 2.47822e-05 
536 1411.56 7.90018e-11 2.91673e-05 
537 1407.91 7.95077e-11 3.34914e-05 
538 1404.06 8.00605e-11 3.77518e-05 
539 1400.03 8.06587e-11 4.19462e-05 
540 1395.8 8.13006e-11 4.6072e-05 
541 1391.39 8.19847e-11 5.01267e-05 
542 1386.8 8.27094e-11 5.41076e-05 
543 1382.02 8.34729e-11 5.80121e-05 
544 1377.07 8.42735e-11 6.18377e-05 
545 1371.94 8.51096e-11 6.55815e-05 
546 1366.63 8.59793e-11 6.9241e-05 
547 1361.16 8.68809e-11 7.28134e-05 
548 1355.52 8.78125e-11 7.62959e-05 
549 1349.71 8.87724e-11 7.96858e-05 
550 1343.75 8.97585e-11 8.29803e-05 
551 1337.62 9.07692e-11 8.6177e-05 
552 1331.34 9.18037e-11 8.92753e-05 
553 1324.91 9.28612e-11 9.22752e-05 
554 1318.33 9.39412e-11 9.51768e-05 
555 1311.6 9.50429e-11 9.79799e-05 
556 1304.74 9.61656e-11 0.000100685 
557 1297.73 9.73086e-11 0.000103291 
558 1290.6 9.84712e-11 0.000105799 
559 1283.33 9.96526e-11 0.000108208 
560 1275.94 1.00852e-10 0.000110519 
561 1268.42 1.02069e-10 0.000112732 
562 1260.79 1.03302e-10 0.000114846 
563 1253.04 1.04552e-10 0.000116863 
564 1245.19 1.05816e-10 0.000118781 
565 1237.23 1.07094e-10 0.000120601 
566 1229.17 1.08386e-10 0.000122324 
567 1221.01 1.0969e-10 0.000123949 
568 1212.76 1.11006e-10 0.000125476 
569 1204.42 1.12333e-10 0.000126906 
570 1196 1.13669e-10 0.000128239 
571 1187.5 1.15015e-10 0.000129475 
572 1178.93 1.16369e-10 0.000130614 
573 1170.29 1.1773e-10 0.000131657 
574 1161.59 1.19097e-10 0.000132603 
575 1152.82 1.2047e-10 0.000133453 
576 1144.01 1.21847e-10 0.000134207 
577 1135.14 1.23228e-10 0.000134866 
578 1126.23 1.24611e-10 0.000135429 
579 1117.28 1.25995e-10 0.000135898 
580 1108.3 1.2738e-10 0.000136272 
581 1099.29 1.28765e-10 0.000136551 
582 1090.25 1.30147e-10 0.000136737 
583 1081.2 1.31528e-10 0.000136829 
584 1072.14 1.32904e-10 0.000136828 
585 1063.08 1.34276e-10 0.000136734 
586 1054.01 1.35642e-10 0.000136548 
587 1044.95 1.37001e-10 0.00013627 
588 1035.9 1.38352e-10 0.0001359 
589 1026.86 1.39693e-10 0.000135439 
590 1017.85 1.41025e-10 0.000134888 
591 1008.87 1.42345e-10 0.000134246 
592 999.93 1.43652e-10 0.000133515 
593 991.027 1.44945e-10 0.000132695 
594 982.173 1.46223e-10 0.000131786 
595 973.374 1.47485e-10 0.00013079 
596 964.635 1.4873e-10 0.000129706 
597 955.964 1.49956e-10 0.000128535 
598 947.367 1.51161e-10 0.000127277 
599 938.851 1.52346e-10 0.000125935 
600 930.423 1.53508e-10 0.000124507 
601 922.089 1.54646e-10 0.000122995 
602 913.851 1.5576e-10 0.000121399 
603 905.712 1.56851e-10 0.000119722 
604 897.675 1.57916e-10 0.000117964 
605 889.742 1.58958e-10 0.000116126 
606 881.915 1.59975e-10 0.00011421 
607 874.197 1.60967e-10 0.000112217 
608 866.59 1.61934e-10 0.000110149 
609 859.097 1.62876e-10 0.000108006 
610 851.72 1.63793e-10 0.00010579 
611 844.461 1.64684e-10 0.000103502 
612 837.324 1.6555e-10 0.000101144 
613 830.31 1.6639e-10 9.87168e-05 
614 823.423 1.67205e-10 9.62225e-05 
615 816.664 1.67994e-10 9.36623e-05 
616 810.037 1.68756e-10 9.10376e-05 
617 803.544 1.69493e-10 8.83501e-05 
618 797.187 1.70203e-10 8.56011e-05 
619 790.97 1.70886e-10 8.27924e-05 
620 784.895 1.71543e-10 7.99254e-05 
621 778.964 1.72174e-10 7.70019e-05 
622 773.18 1.72777e-10 7.40235e-05 
623 767.546 1.73353e-10 7.09918e-05 
624 762.065 1.73902e-10 6.79085e-05 
625 756.74 1.74424e-10 6.47753e-05 
626 751.573 1.74918e-10 6.15941e-05 
627 746.567 1.75385e-10 5.83665e-05 
628 741.724 1.75824e-10 5.50944e-05 
629 737.048 1.76236e-10 5.17796e-05 
630 732.542 1.76619e-10 4.8424e-05 
631 728.208 1.76974e-10 4.50293e-05 
632 724.049 1.77301e-10 4.15976e-05 
633 720.068 1.776e-10 3.81308e-05 
634 716.268 1.7787e-10 3.46307e-05 
635 712.653 1.78112e-10 3.10994e-05 
636 709.224 1.78324e-10 2.75389e-05 
637 705.984 1.78508e-10 2.39513e-05 
638 702.938 1.78664e-10 2.03385e-05 
639 700.088 1.78789e-10 1.67027e-05 
640 697.436 1.78886e-10 1.3046e-05 
641 694.986 1.78954e-10 9.37056e-06 
642 692.742 1.78992e-10 5.6785e-06 
643 690.705 1.79e-10 1.97205e-06 
644 688.879 1.78979e-10 -1.74658e-06 
645 687.268 1.78928e-10 -5.47514e-06 
646 685.874 1.78847e-10 -9.21133e-06 
647 684.701 1.78736e-10 -1.29529e-05 
648 683.752 1.78595e-10 -1.66974e-05 
649 683.029 1.78423e-10 -2.04426e-05 
650 682.537 1.78222e-10 -2.4186e-05 
651 682.277 1.7799e-10 -2.79255e-05 
652 682.249 1.77727e-10 -3.16597e-05 
653 682.452 1.77435e-10 -3.53878e-05 
654 682.885 1.77113e-10 -3.91086e-05 
655 683.546 1.76762e-10 -4.2821e-05 
656 684.434 1.76382e-10 -4.65241e-05 
657 685.547 1.75974e-10 -5.02167e-05 
658 686.883 1.75536e-10 -5.38978e-05 
659 688.443 1.75071e-10 -5.75662e-05 
660 690.223 1.74579e-10 -6.12208e-05 
661 692.222 1.74058e-10 -6.48605e-05 
662 694.439 1.73511e-10 -6.84843e-05 
663 696.871 1.72937e-10 -7.20908e-05 
664 699.519 1.72337e-10 -7.56791e-05 
665 702.378 1.71711e-10 -7.92479e-05 
666 705.448 1.71059e-10 -8.2796e-05 
667 708.728 1.70382e-10 -8.63222e-05 
668 712.214 1.69681e-10 -8.98254e-05 
669 715.906 1.68955e-10 -9.33044e-05 
670 719.801 1.68204e-10 -9.67578e-05 
671 723.897 1.6743e-10 -0.000100185 
672 728.193 1.66633e-10 -0.000103583 
673 732.686 1.65813e-10 -0.000106953 
674 737.374 1.64971e-10 -0.000110292 
675 742.255 1.64107e-10 -0.000113599 
676 747.327 1.63221e-10 -0.000116873 
677 752.588 1.62314e-10 -0.000120113 
678 758.035 1.61386e-10 -0.000123317 
679 763.667 1.60438e-10 -0.000126484 
680 769.481 1.59471e-10 -0.000129613 
681 775.474 1.58484e-10 -0.000132702 
682 781.644 1.57478e-10 -0.00013575 
683 787.989 1.56454e-10 -0.000138755 
684 794.507 1.55412e-10 -0.000141717 
685 801.194 1.54353e-10 -0.000144633 
686 808.048 1.53277e-10 -0.000147503 
687 815.067 1.52184e-10 -0.000150325 
688 822.247 1.51076e-10 -0.000153097 
689 829.587 1.49952e-10 -0.000155818 
690 837.083 1.48813e-10 -0.000158486 
691 844.734 1.4766e-10 -0.000161101 
692 852.535 1.46494e-10 -0.00016366 
693 860.484 1.45314e-10 -0.000166162 
694 868.578 1.44122e-10 -0.000168606 
695 876.814 1.42917e-10 -0.00017099 
696 885.19 1.41701e-10 -0.000173313 
697 893.702 1.40474e-10 -0.000175572 
698 902.347 1.39236e-10 -0.000177767 
699 911.122 1.37989e-10 -0.000179896 
700 920.024 1.36733e-10 -0.000181957 
701 929.05 1.35468e-10 -0.000183948 
702 938.195 1.34195e-10 -0.000185871 
703 947.458 1.32914e-10 -0.000187724 
704 956.834 1.31625e-10 -0.000189508 
705 966.319 1.30329e-10 -0.000191223 
706 975.909 1.29026e-10 -0.000192868 
707 985.602 1.27716e-10 -0.000194445 
708 995.394 1.26401e-10 -0.000195952 
709 1005.28 1.25079e-10 -0.000197391 
710 1015.26 1.23752e-10 -0.00019876 
711 1025.32 1.2242e-10 -0.000200061 
712 1035.47 1.21083e-10 -0.000201294 
713 1045.69 1.19742e-10 -0.000202457 
714 1055.99 1.18396e-10 -0.000203552 
715 1066.36 1.17047e-10 -0.000204579 
716 1076.8 1.15695e-10 -0.000205538 
717 1087.3 1.1434e-10 -0.000206428 
718 1097.85 1.12983e-10 -0.000207251 
719 1108.47 1.11623e-10 -0.000208005 
720 1119.13 1.10262e-10 -0.000208692 
721 1129.83 1.08899e-10 -0.000209312 
722 1140.58 1.07536e-10 -0.000209864 
723 1151.36 1.06172e-10 -0.000210348 
724 1162.18 1.04808e-10 -0.000210766 
725 1173.02 1.03445e-10 -0.000211117 
726 1183.88 1.02082e-10 -0.000211401 
727 1194.76 1.00721e-10 -0.000211618 
728 1205.66 9.9361e-11 -0.00021177 
729 1216.56 9.80034e-11 -0.000211855 
730 1227.46 9.66484e-11 -0.000211874 
731 1238.37 9.52965e-11 -0.000211827 
732 1249.26 9.3948e-11 -0.000211715 
733 1260.15 9.26034e-11 -0.000211538 
734 1271.02 9.12633e-11 -0.000211296 
735 1281.87 8.9928e-11 -0.000210989 
736 1292.69 8.8598e-11 -0.000210617 
737 1303.48 8.72738e-11 -0.000210181 
738 1314.23 8.59559e-11 -0.000209682 
739 1324.93 8.46448e-11 -0.000209118 
740 1335.59 8.33409e-11 -0.000208491 
741 1346.2 8.20448e-11 -0.000207801 
742 1356.75 8.07569e-11 -0.000207048 
743 1367.23 7.94777e-11 -0.000206232 
744 1377.65 7.82078e-11 -0.000205355 
745 1387.98 7.69477e-11 -0.000204415 
746 1398.24 7.56978e-11 -0.000203413 
747 1408.41 7.44587e-11 -0.000202351 
748 1418.48 7.32309e-11 -0.000201227 
749 1428.46 7.2015e-11 -0.000200043 
750 1438.33 7.08114e-11 -0.000198798 
751 1448.09 6.96207e-11 -0.000197493 
752 1457.74 6.8443e-11 -0.00019613 
753 1467.28 6.72784e-11 -0.000194708 
754 1476.69 6.61269e-11 -0.000193229 
755 1485.99 6.49887e-11 -0.000191693 
756 1495.17 6.38639e-11 -0.000190102 
757 1504.22 6.27525e-11 -0.000188455 
758 1513.14 6.16547e-11 -0.000186755 
759 1521.94 6.05705e-11 -0.000185002 
760 1530.61 5.95e-11 -0.000183198 
761 1539.14 5.84433e-11 -0.000181342 
762 1547.54 5.74005e-11 -0.000179436 
763 1555.8 5.63716e-11 -0.00017748 
764 1563.93 5.53568e-11 -0.000175477 
765 1571.91 5.43562e-11 -0.000173427 
766 1579.74 5.33698e-11 -0.00017133 
767 1587.43 5.23977e-11 -0.000169188 
768 1594.97 5.144e-11 -0.000167003 
769 1602.36 5.04968e-11 -0.000164774 
770 1609.59 4.95682e-11 -0.000162503 
771 1616.67 4.86543e-11 -0.000160191 
772 1623.59 4.77551e-11 -0.00015784 
773 1630.34 4.68708e-11 -0.00015545 
774 1636.94 4.60013e-11 -0.000153022 
775 1643.36 4.51469e-11 -0.000150558 
776 1649.62 4.43076e-11 -0.000148058 
777 1655.71 4.34834e-11 -0.000145525 
778 1661.62 4.26745e-11 -0.000142958 
779 1667.36 4.18809e-11 -0.000140359 
780 1672.91 4.11028e-11 -0.00013773 
781 1678.29 4.03402e-11 -0.000135071 
782 1683.48 3.95932e-11 -0.000132385 
783 1688.49 3.88618e-11 -0.000129671 
784 1693.3 3.81462e-11 -0.000126931 
785 1697.92 3.74465e-11 -0.000124167 
786 1702.35 3.67627e-11 -0.00012138 
787 1706.59 3.60949e-11 -0.000118571 
788 1710.62 3.54432e-11 -0.000115741 
789 1714.45 3.48076e-11 -0.000112892 
790 1718.07 3.41883e-11 -0.000110026 
791 1721.49 3.35853e-11 -0.000107142 
792 1724.69 3.29988e-11 -0.000104243 
793 1727.68 3.24287e-11 -0.000101331 
794 1730.46 3.18753e-11 -9.84058e-05 
795 1733.01 3.13384e-11 -9.54697e-05 
796 1735.34 3.08183e-11 -9.25239e-05 
797 1737.45 3.03151e-11 -8.95699e-05 
798 1739.33 2.98287e-11 -8.66091e-05 
799 1740.98 2.93593e-11 -8.3643e-05 
800 1742.4 2.89069e-11 -8.06731e-05 
801 1743.58 2.84717e-11 -7.77006e-05 
802 1744.53 2.80534e-11 -7.47266e-05 
803 1745.24 2.7652e-11 -7.17516e-05 
804 1745.72 2.72673e-11 -6.87766e-05 
805 1745.97 2.68992e-11 -6.58022e-05 
806 1745.98 2.65475e-11 -6.28293e-05 
807 1745.77 2.62121e-11 -5.98586e-05 
808 1745.33 2.58928e-11 -5.68909e-05 
809 1744.66 2.55895e-11 -5.3927e-05 
810 1743.76 2.5302e-11 -5.09677e-05 
811 1742.64 2.50302e-11 -4.80139e-05 
812 1741.3 2.47739e-11 -4.50662e-05 
813 1739.73 2.45329e-11 -4.21256e-05 
814 1737.95 2.43071e-11 -3.9193e-05 
815 1735.94 2.40963e-11 -3.6269e-05 
816 1733.72 2.39004e-11 -3.33546e-05 
817 1731.27 2.37191e-11 -3.04507e-05 
818 1728.62 2.35522e-11 -2.7558e-05 
819 1725.75 2.33997e-11 -2.46775e-05 
820 1722.66 2.32614e-11 -2.181e-05 
821 1719.37 2.31369e-11 -1.89565e-05 
822 1715.87 2.30263e-11 -1.61177e-05 
823 1712.16 2.29292e-11 -1.32947e-05 
824 1708.24 2.28455e-11 -1.04882e-05 
825 1704.12 2.27749e-11 -7.6993e-06 
826 1699.79 2.27174e-11 -4.92883e-06 
827 1695.27 2.26726e-11 -2.17772e-06 
828 1690.54 2.26405e-11 5.53086e-07 
829 1685.62 2.26207e-11 3.26264e-06 
830 1680.5 2.26131e-11 5.95001e-06 
831 1675.18 2.26175e-11 8.61421e-06 
832 1669.68 2.26337e-11 1.12543e-05 
833 1663.98 2.26614e-11 1.38693e-05 
834 1658.09 2.27004e-11 1.64582e-05 
835 1652.02 2.27505e-11 1.90201e-05 
836 1645.76 2.28115e-11 2.15539e-05 
837 1639.31 2.28832e-11 2.40586e-05 
838 1632.69 2.29653e-11 2.65333e-05 
839 1625.89 2.30576e-11 2.89769e-05 
840 1618.9 2.31599e-11 3.13883e-05 
841 1611.75 2.32719e-11 3.37666e-05 
842 1604.42 2.33934e-11 3.61108e-05 
843 1596.92 2.35241e-11 3.84196e-05 
844 1589.24 2.36639e-11 4.06922e-05 
845 1581.41 2.38124e-11 4.29274e-05 
846 1573.4 2.39694e-11 4.51241e-05 
847 1565.24 2.41347e-11 4.72813e-05 
848 1556.91 2.4308e-11 4.93979e-05 
849 1548.43 2.4489e-11 5.14728e-05 
850 1539.78 2.46775e-11 5.35049e-05 
851 1530.99 2.48732e-11 5.54932e-05 
852 1522.04 2.5076e-11 5.74375e-05 
853 1512.95 2.52856e-11 5.93379e-05 
854 1503.71 2.55019e-11 6.11941e-05 
855 1494.33 2.57248e-11 6.30063e-05 
856 1484.82 2.59539e-11 6.47744e-05 
857 1475.17 2.61892e-11 6.64984e-05 
858 1465.38 2.64304e-11 6.81782e-05 
859 1455.47 2.66774e-11 6.98137e-05 
860 1445.44 2.69299e-11 7.14051e-05 
861 1435.28 2.71878e-11 7.29522e-05 
862 1425.01 2.74509e-11 7.44551e-05 
863 1414.62 2.7719e-11 7.59137e-05 
864 1404.13 2.79918e-11 7.7328e-05 
865 1393.52 2.82692e-11 7.8698e-05 
866 1382.81 2.8551e-11 8.00237e-05 
867 1372 2.88369e-11 8.13051e-05 
868 1361.1 2.91268e-11 8.25422e-05 
869 1350.11 2.94204e-11 8.37349e-05 
870 1339.02 2.97176e-11 8.48834e-05 
871 1327.85 3.00181e-11 8.59875e-05 
872 1316.6 3.03217e-11 8.70472e-05 
873 1305.28 3.06282e-11 8.80627e-05 
874 1293.88 3.09373e-11 8.90339e-05 
875 1282.41 3.12489e-11 8.99607e-05 
876 1270.88 3.15627e-11 9.08433e-05 
877 1259.28 3.18785e-11 9.16816e-05 
878 1247.63 3.2196e-11 9.24757e-05 
879 1235.93 3.25151e-11 9.32255e-05 
880 1224.17 3.28354e-11 9.39312e-05 
881 1212.38 3.31568e-11 9.45926e-05 
882 1200.54 3.34791e-11 9.52099e-05 
883 1188.67 3.38019e-11 9.57831e-05 
884 1176.76 3.4125e-11 9.63122e-05 
885 1164.83 3.44482e-11 9.67972e-05 
886 1152.87 3.47713e-11 9.72382e-05 
887 1140.9 3.5094e-11 9.76352e-05 
888 1128.91 3.5416e-11 9.79883e-05 
889 1116.91 3.57372e-11 9.82974e-05 
890 1104.91 3.60571e-11 9.85628e-05 
891 1092.91 3.63757e-11 9.87843e-05 
892 1080.91 3.66925e-11 9.8962e-05 
893 1068.92 3.70074e-11 9.90961e-05 
894 1056.94 3.73201e-11 9.91865e-05 
895 1044.99 3.76304e-11 9.92334e-05 
896 1033.05 3.79378e-11 9.92367e-05 
897 1021.14 3.82423e-11 9.91966e-05 
898 1009.27 3.85435e-11 9.9113e-05 
899 997.431 3.88411e-11 9.89862e-05 
900 985.636 3.91349e-11 9.88161e-05 
901 973.888 3.94246e-11 9.86029e-05 
902 962.19 3.97101e-11 9.8347e-05 
903 950.543 3.99914e-11 9.8049e-05 
904 938.95 4.02684e-11 9.77094e-05 
905 927.413 4.0541e-11 9.73287e-05 
906 915.934 4.08092e-11 9.69074e-05 
907 904.515 4.10729e-11 9.64462e-05 
908 893.158 4.1332e-11 9.59456e-05 
909 881.866 4.15866e-11 9.5406e-05 
910 870.64 4.18364e-11 9.48282e-05 
911 859.483 4.20815e-11 9.42127e-05 
912 848.397 4.23218e-11 9.356e-05 
913 837.384 4.25572e-11 9.28708e-05 
914 826.447 4.27877e-11 9.21456e-05 
915 815.588 4.30132e-11 9.1385e-05 
916 804.808 4.32337e-11 9.05897e-05 
917 794.111 4.3449e-11 8.97603e-05 
918 783.499 4.36591e-11 8.88973e-05 
919 772.973 4.38639e-11 8.80015e-05 
920 762.537 4.40634e-11 8.70734e-05 
921 752.192 4.42575e-11 8.61137e-05 
922 741.942 4.44462e-11 8.51231e-05 
923 731.788 4.46293e-11 8.41022e-05 
924 721.732 4.48068e-11 8.30516e-05 
925 711.778 4.49787e-11 8.1972e-05 
926 701.927 4.51448e-11 8.08642e-05 
927 692.183 4.53051e-11 7.97287e-05 
928 682.547 4.54596e-11 7.85664e-05 
929 673.022 4.56081e-11 7.73778e-05 
930 663.611 4.57505e-11 7.61636e-05 
931 654.315 4.58869e-11 7.49247e-05 
932 645.138 4.60172e-11 7.36617e-05 
933 636.082 4.61412e-11 7.23754e-05 
934 627.15 4.62589e-11 7.10664e-05 
935 618.344 4.63703e-11 6.97355e-05 
936 609.666 4.64752e-11 6.83834e-05 
937 601.12 4.65736e-11 6.7011e-05 
938 592.708 4.66654e-11 6.5619e-05 
939 584.433 4.67505e-11 6.42081e-05 
940 576.296 4.6829e-11 6.27791e-05 
941 568.302 4.69006e-11 6.13327e-05 
942 560.452 4.69653e-11 5.98699e-05 
943 552.75 4.70231e-11 5.83914e-05 
944 545.197 4.70738e-11 5.68979e-05 
945 537.797 4.71174e-11 5.53904e-05 
946 530.553 4.71539e-11 5.38696e-05 
947 523.467 4.71831e-11 5.23363e-05 
948 516.541 4.7205e-11 5.07913e-05 
949 509.78 4.72194e-11 4.92356e-05 
950 503.185 4.72264e-11 4.767e-05 
951 496.759 4.72258e-11 4.60952e-05 
952 490.502 4.72177e-11 4.45119e-05 
953 484.413 4.72022e-11 4.29205e-05 
954 478.492 4.71793e-11 4.13216e-05 
955 472.739 4.71491e-11 3.97157e-05 
956 467.152 4.71116e-11 3.81033e-05 
957 461.732 4.70669e-11 3.6485e-05 
958 456.477 4.70151e-11 3.48614e-05 
959 451.387 4.69563e-11 3.32329e-05 
960 446.462 4.68904e-11 3.16001e-05 
961 441.701 4.68176e-11 2.99636e-05 
962 437.103 4.6738e-11 2.83239e-05 
963 432.667 4.66515e-11 2.66816e-05 
964 428.394 4.65583e-11 2.50374e-05 
965 424.282 4.64585e-11 2.33916e-05 
966 420.331 4.63521e-11 2.1745e-05 
967 416.54 4.62392e-11 2.00981e-05 
968 412.908 4.61199e-11 1.84515e-05 
969 409.434 4.59941e-11 1.68058e-05 
970 406.119 4.58621e-11 1.51615e-05 
971 402.961 4.57239e-11 1.35194e-05 
972 399.959 4.55796e-11 1.188e-05 
973 397.113 4.54292e-11 1.02438e-05 
974 394.422 4.52728e-11 8.61166e-06 
975 391.885 4.51105e-11 6.98403e-06 
976 389.502 4.49424e-11 5.36158e-06 
977 387.271 4.47685e-11 3.74493e-06 
978 385.192 4.4589e-11 2.13474e-06 
979 383.264 4.44039e-11 5.31636e-07 
980 381.485 4.42133e-11 -1.06373e-06 
981 379.857 4.40173e-11 -2.65072e-06 
982 378.376 4.3816e-11 -4.22866e-06 
983 377.043 4.36094e-11 -5.79691e-06 
984 375.857 4.33977e-11 -7.35478e-06 
985 374.816 4.31809e-11 -8.90162e-06 
986 373.92 4.29591e-11 -1.04367e-05 
987 373.168 4.27325e-11 -1.19595e-05 
988 372.559 4.2501e-11 -1.34691e-05 
989 372.092 4.22648e-11 -1.4965e-05 
990 371.766 4.20241e-11 -1.64464e-05 
991 371.58 4.17787e-11 -1.79127e-05 
992 371.533 4.1529e-11 -1.93631e-05 
993 371.624 4.12749e-11 -2.07969e-05 
994 371.852 4.10166e-11 -2.22134e-05 
995 372.216 4.07541e-11 -2.36119e-05 
996 372.715 4.04876e-11 -2.49917e-05 
997 373.348 4.02172e-11 -2.6352e-05 
998 374.113 3.99429e-11 -2.76921e-05 
999 375.01 3.96648e-11 -2.90113e-05 
1000 376.038 3.93831e-11 -3.03088e-05 
1001 377.195 3.90979e-11 -3.15839e-05 
1002 378.48 3.88091e-11 -3.28366e-05 
1003 379.889 3.85171e-11 -3.40666e-05 
1004 381.422 3.82217e-11 -3.5274e-05 
1005 383.075 3.79232e-11 -3.64587e-05 
1006 384.846 3.76216e-11 -3.76205e-05 
1007 386.734 3.73171e-11 -3.87595e-05 
1008 388.735 3.70096e-11 -3.98755e-05 
1009 390.848 3.66994e-11 -4.09685e-05 
1010 393.071 3.63865e-11 -4.20384e-05 
1011 395.4 3.6071e-11 -4.30851e-05 
1012 397.833 3.57531e-11 -4.41086e-05 
1013 400.369 3.54327e-11 -4.51088e-05 
1014 403.004 3.51101e-11 -4.60856e-05 
1015 405.737 3.47854e-11 -4.70389e-05 
1016 408.564 3.44585e-11 -4.79687e-05 
1017 411.483 3.41297e-11 -4.8875e-05 
1018 414.492 3.3799e-11 -4.97575e-05 
1019 417.588 3.34666e-11 -5.06164e-05 
1020 420.768 3.31326e-11 -5.14514e-05 
1021 424.031 3.2797e-11 -5.22626e-05 
1022 427.372 3.246e-11 -5.30498e-05 
1023 430.791 3.21217e-11 -5.3813e-05 
1024 434.283 3.17823e-11 -5.45522e-05 
1025 437.847 3.14417e-11 -5.52672e-05 
1026 441.48 3.11001e-11 -5.5958e-05 
1027 445.178 3.07578e-11 -5.66245e-05 
1028 448.94 3.04146e-11 -5.72667e-05 
1029 452.762 3.00709e-11 -5.78845e-05 
1030 456.642 2.97266e-11 -5.84779e-05 
1031 460.576 2.9382e-11 -5.90467e-05 
1032 464.562 2.9037e-11 -5.95909e-05 
1033 468.598 2.8692e-11 -6.01104e-05 
1034 472.679 2.83469e-11 -6.06053e-05 
1035 476.804 2.80019e-11 -6.10753e-05 
1036 480.969 2.76571e-11 -6.15205e-05 
1037 485.171 2.73127e-11 -6.19408e-05 
1038 489.408 2.69687e-11 -6.23361e-05 
1039 493.676 2.66253e-11 -6.27064e-05 
1040 497.973 2.62826e-11 -6.30516e-05 
1041 502.294 2.59408e-11 -6.33716e-05 
1042 506.638 2.55999e-11 -6.36665e-05 
1043 511.001 2.52602e-11 -6.3936e-05 
1044 515.379 2.49216e-11 -6.41802e-05 
1045 519.771 2.45845e-11 -6.4399e-05 
1046 524.172 2.42488e-11 -6.45924e-05 
1047 528.579 2.39148e-11 -6.47602e-05 
1048 532.99 2.35825e-11 -6.49025e-05 
1049 537.4 2.32521e-11 -6.50192e-05 
1050 541.807 2.29237e-11 -6.51101e-05 
1051 546.208 2.25975e-11 -6.51754e-05 
1052 550.6 2.22735e-11 -6.52153e-05 
1053 554.982 2.19517e-11 -6.52299e-05 
1054 559.352 2.16322e-11 -6.52198e-05 
1055 563.709 2.13151e-11 -6.5185e-05 
1056 568.051 2.10003e-11 -6.5126e-05 
1057 572.376 2.06879e-11 -6.5043e-05 
1058 576.682 2.03779e-11 -6.49364e-05 
1059 580.968 2.00704e-11 -6.48065e-05 
1060 585.232 1.97655e-11 -6.46535e-05 
1061 589.472 1.94631e-11 -6.44778e-05 
1062 593.687 1.91633e-11 -6.42798e-05 
1063 597.874 1.88662e-11 -6.40596e-05 
1064 602.032 1.85718e-11 -6.38178e-05 
1065 606.159 1.828e-11 -6.35545e-05 
1066 610.253 1.79911e-11 -6.32702e-05 
1067 614.312 1.7705e-11 -6.29651e-05 
1068 618.334 1.74217e-11 -6.26396e-05 
1069 622.319 1.71413e-11 -6.22941e-05 
1070 626.263 1.68639e-11 -6.19289e-05 
1071 630.164 1.65895e-11 -6.15443e-05 
1072 634.022 1.6318e-11 -6.11407e-05 
1073 637.833 1.60497e-11 -6.07185e-05 
1074 641.597 1.57844e-11 -6.0278e-05 
1075 645.31 1.55224e-11 -5.98195e-05 
1076 648.972 1.52635e-11 -5.93435e-05 
1077 652.58 1.50078e-11 -5.88503e-05 
1078 656.132 1.47555e-11 -5.83402e-05 
1079 659.627 1.45065e-11 -5.78137e-05 
1080 663.061 1.42608e-11 -5.72711e-05 
1081 666.434 1.40186e-11 -5.67129e-05 
1082 669.743 1.37799e-11 -5.61393e-05 
1083 672.986 1.35447e-11 -5.55508e-05 
1084 676.161 1.3313e-11 -5.49478e-05 
1085 679.265 1.30849e-11 -5.43306e-05 
1086 682.298 1.28605e-11 -5.36998e-05 
1087 685.257 1.26398e-11 -5.30555e-05 
1088 688.139 1.24228e-11 -5.23984e-05 
1089 690.943 1.22096e-11 -5.17287e-05 
1090 693.666 1.20003e-11 -5.10469e-05 
1091 696.306 1.17948e-11 -5.03534e-05 
1092 698.862 1.15932e-11 -4.96486e-05 
1093 701.33 1.13957e-11 -4.8933e-05 
1094 703.709 1.12021e-11 -4.82069e-05 
1095 705.997 1.10127e-11 -4.74709e-05 
1096 708.191 1.08273e-11 -4.67252e-05 
1097 710.289 1.06462e-11 -4.59704e-05 
1098 712.288 1.04692e-11 -4.52069e-05 
1099 714.188 1.02965e-11 -4.44352e-05 
1100 715.984 1.01281e-11 -4.36556e-05 
1101 717.677 9.96412e-12 -4.28686e-05 
1102 719.264 9.80443e-12 -4.20746e-05 
1103 720.748 9.64906e-12 -4.12739e-05 
1104 722.128 9.49796e-12 -4.04667e-05 
1105 723.404 9.35113e-12 -3.96535e-05 
1106 724.578 9.20852e-12 -3.88345e-05 
1107 725.65 9.07012e-12 -3.801e-05 
1108 726.62 8.93588e-12 -3.71805e-05 
1109 727.488 8.80579e-12 -3.63463e-05 
1110 728.256 8.67981e-12 -3.55076e-05 
1111 728.924 8.55791e-12 -3.46649e-05 
1112 729.492 8.44006e-12 -3.38184e-05 
1113 729.96 8.32624e-12 -3.29685e-05 
1114 730.33 8.21642e-12 -3.21156e-05 
1115 730.601 8.11055e-12 -3.12601e-05 
1116 730.775 8.00861e-12 -3.04022e-05 
1117 730.852 7.91058e-12 -2.95423e-05 
1118 730.832 7.81641e-12 -2.86808e-05 
1119 730.716 7.72607e-12 -2.7818e-05 
1120 730.504 7.63953e-12 -2.69544e-05 
1121 730.197 7.55677e-12 -2.60902e-05 
1122 729.796 7.47774e-12 -2.52259e-05 
1123 729.301 7.40241e-12 -2.43618e-05 
1124 728.713 7.33074e-12 -2.34983e-05 
1125 728.033 7.26271e-12 -2.26357e-05 
1126 727.26 7.19828e-12 -2.17745e-05 
1127 726.396 7.13741e-12 -2.0915e-05 
1128 725.441 7.08006e-12 -2.00577e-05 
1129 724.396 7.02621e-12 -1.92028e-05 
1130 723.261 6.97581e-12 -1.83508e-05 
1131 722.037 6.92883e-12 -1.75021e-05 
1132 720.725 6.88523e-12 -1.66571e-05 
1133 719.325 6.84498e-12 -1.58162e-05 
1134 717.838 6.80803e-12 -1.49797e-05 
1135 716.265 6.77435e-12 -1.41481e-05 
1136 714.606 6.74389e-12 -1.33218e-05 
1137 712.862 6.71663e-12 -1.25012e-05 
1138 711.034 6.69252e-12 -1.16867e-05 
1139 709.122 6.67152e-12 -1.08787e-05 
1140 707.127 6.6536e-12 -1.00777e-05 
1141 705.05 6.63871e-12 -9.28398e-06 
1142 702.892 6.6268e-12 -8.49805e-06 
1143 700.652 6.61785e-12 -7.72033e-06 
1144 698.332 6.61181e-12 -6.95122e-06 
1145 695.933 6.60863e-12 -6.19118e-06 
1146 693.456 6.60828e-12 -5.44062e-06 
1147 690.9 6.61071e-12 -4.69999e-06 
1148 688.267 6.61588e-12 -3.96972e-06 
1149 685.558 6.62374e-12 -3.25025e-06 
1150 682.773 6.63426e-12 -2.54203e-06 
1151 679.914 6.64739e-12 -1.84543e-06 
1152 676.981 6.66307e-12 -1.1606e-06 
1153 673.976 6.68126e-12 -4.87612e-07 
1154 670.901 6.70191e-12 1.73472e-07 
1155 667.757 6.72497e-12 8.22573e-07 
1156 664.545 6.75039e-12 1.45962e-06 
1157 661.268 6.77811e-12 2.08454e-06 
1158 657.926 6.80808e-12 2.69726e-06 
1159 654.522 6.84025e-12 3.29771e-06 
1160 651.056 6.87456e-12 3.88581e-06 
1161 647.531 6.91097e-12 4.4615e-06 
1162 643.948 6.94942e-12 5.02469e-06 
1163 640.308 6.98985e-12 5.57531e-06 
1164 636.614 7.03221e-12 6.11329e-06 
1165 632.867 7.07644e-12 6.63856e-06 
1166 629.068 7.1225e-12 7.15105e-06 
1167 625.22 7.17032e-12 7.65067e-06 
1168 621.323 7.21984e-12 8.13735e-06 
1169 617.38 7.27101e-12 8.61102e-06 
1170 613.392 7.32378e-12 9.07161e-06 
1171 609.361 7.37808e-12 9.51903e-06 
1172 605.289 7.43385e-12 9.95322e-06 
1173 601.177 7.49105e-12 1.03741e-05 
1174 597.028 7.5496e-12 1.07816e-05 
1175 592.842 7.60945e-12 1.11756e-05 
1176 588.622 7.67054e-12 1.15561e-05 
1177 584.37 7.73281e-12 1.1923e-05 
1178 580.087 7.7962e-12 1.22762e-05 
1179 575.775 7.86064e-12 1.26157e-05 
1180 571.436 7.92608e-12 1.29413e-05 
1181 567.071 7.99245e-12 1.32529e-05 
1182 562.684 8.05969e-12 1.35506e-05 
1183 558.274 8.12773e-12 1.38342e-05 
1184 553.845 8.19653e-12 1.41037e-05 
1185 549.399 8.266e-12 1.4359e-05 
1186 544.936 8.33608e-12 1.45999e-05 
1187 540.46 8.40672e-12 1.48265e-05 
1188 535.971 8.47784e-12 1.50387e-05 
1189 531.472 8.54938e-12 1.52363e-05 
1190 526.966 8.62128e-12 1.54193e-05 
1191 522.453 8.69346e-12 1.55876e-05 
1192 517.936 8.76586e-12 1.57411e-05 
1193 513.416 8.83841e-12 1.58798e-05 
1194 508.897 8.91105e-12 1.60036e-05 
1195 504.379 8.9837e-12 1.61124e-05 
1196 499.866 9.0563e-12 1.62062e-05 
1197 495.358 9.12878e-12 1.62847e-05 
1198 490.858 9.20107e-12 1.63481e-05 
1199 486.368 9.27309e-12 1.63961e-05 
1200 481.89 9.34478e-12 1.64288e-05 
1201 477.427 9.41607e-12 1.6446e-05 
1202 472.979 9.48693e-12 1.64479e-05 
1203 468.547 9.55735e-12 1.64348e-05 
1204 464.133 9.62728e-12 1.64067e-05 
1205 459.739 9.69672e-12 1.63639e-05 
1206 455.365 9.76563e-12 1.63066e-05 
1207 451.012 9.834e-12 1.62349e-05 
1208 446.682 9.90179e-12 1.61491e-05 
1209 442.377 9.96899e-12 1.60493e-05 
1210 438.097 1.00356e-11 1.59357e-05 
1211 433.843 1.01015e-11 1.58086e-05 
1212 429.617 1.01667e-11 1.56681e-05 
1213 425.421 1.02313e-11 1.55144e-05 
1214 421.255 1.02951e-11 1.53478e-05 
1215 417.121 1.03582e-11 1.51684e-05 
1216 413.02 1.04205e-11 1.49764e-05 
1217 408.953 1.04821e-11 1.47721e-05 
1218 404.923 1.05428e-11 1.45557e-05 
1219 400.929 1.06026e-11 1.43273e-05 
1220 396.974 1.06616e-11 1.40872e-05 
1221 393.059 1.07196e-11 1.38356e-05 
1222 389.185 1.07768e-11 1.35727e-05 
1223 385.354 1.08329e-11 1.32987e-05 
1224 381.566 1.08881e-11 1.30139e-05 
1225 377.824 1.09423e-11 1.27184e-05 
1226 374.129 1.09955e-11 1.24125e-05 
1227 370.481 1.10475e-11 1.20965e-05 
1228 366.884 1.10985e-11 1.17704e-05 
1229 363.337 1.11484e-11 1.14347e-05 
1230 359.842 1.11971e-11 1.10894e-05 
1231 356.401 1.12447e-11 1.07348e-05 
1232 353.016 1.1291e-11 1.03713e-05 
1233 349.687 1.13361e-11 9.99885e-06 
1234 346.416 1.138e-11 9.61787e-06 
1235 343.205 1.14226e-11 9.22855e-06 
1236 340.055 1.14638e-11 8.83113e-06 
1237 336.968 1.15037e-11 8.42585e-06 
1238 333.944 1.15423e-11 8.01296e-06 
1239 330.986 1.15794e-11 7.5927e-06 
1240 328.095 1.16151e-11 7.16531e-06 
1241 325.273 1.16493e-11 6.73104e-06 
1242 322.52 1.16821e-11 6.29014e-06 
1243 319.839 1.17133e-11 5.84287e-06 
1244 317.232 1.1743e-11 5.38947e-06 
1245 314.699 1.17711e-11 4.9302e-06 
1246 312.242 1.17976e-11 4.46532e-06 
1247 309.862 1.18224e-11 3.99509e-06 
1248 307.563 1.18456e-11 3.51976e-06 
1249 305.344 1.18671e-11 3.0396e-06 
1250 303.207 1.18868e-11 2.55486e-06 
1251 301.154 1.19048e-11 2.06582e-06 
1252 299.185 1.1921e-11 1.57267e-06 
1253 297.3 1.19355e-11 1.07562e-06 
1254 295.497 1.19483e-11 5.74886e-07 
1255 293.777 1.19593e-11 7.06634e-08 
1256 292.139 1.19686e-11 -4.36836e-07 
1257 290.584 1.19762e-11 -9.47402e-07 
1258 289.11 1.19821e-11 -1.46082e-06 
1259 287.717 1.19863e-11 -1.97689e-06 
1260 286.405 1.19888e-11 -2.49539e-06 
1261 285.173 1.19896e-11 -3.0161e-06 
1262 284.022 1.19888e-11 -3.5388e-06 
1263 282.95 1.19863e-11 -4.06329e-06 
1264 281.958 1.19821e-11 -4.58934e-06 
1265 281.044 1.19764e-11 -5.11673e-06 
1266 280.209 1.1969e-11 -5.64524e-06 
1267 279.452 1.19599e-11 -6.17464e-06 
1268 278.773 1.19493e-11 -6.70471e-06 
1269 278.171 1.19371e-11 -7.23522e-06 
1270 277.646 1.19233e-11 -7.76595e-06 
1271 277.198 1.19079e-11 -8.29667e-06 
1272 276.825 1.18909e-11 -8.82713e-06 
1273 276.528 1.18724e-11 -9.35713e-06 
1274 276.307 1.18524e-11 -9.88641e-06 
1275 276.16 1.18308e-11 -1.04147e-05 
1276 276.087 1.18077e-11 -1.09419e-05 
1277 276.088 1.17831e-11 -1.14676e-05 
1278 276.163 1.17569e-11 -1.19917e-05 
1279 276.31 1.17293e-11 -1.25139e-05 
1280 276.53 1.17002e-11 -1.30339e-05 
1281 276.822 1.16696e-11 -1.35515e-05 
1282 277.185 1.16376e-11 -1.40666e-05 
1283 277.62 1.16042e-11 -1.45787e-05 
1284 278.125 1.15692e-11 -1.50877e-05 
1285 278.7 1.15329e-11 -1.55933e-05 
1286 279.345 1.14952e-11 -1.60954e-05 
1287 280.059 1.1456e-11 -1.65935e-05 
1288 280.841 1.14155e-11 -1.70875e-05 
1289 281.692 1.13736e-11 -1.75771e-05 
1290 282.61 1.13303e-11 -1.80621e-05 
1291 283.596 1.12857e-11 -1.85421e-05 
1292 284.648 1.12398e-11 -1.90171e-05 
1293 285.766 1.11925e-11 -1.94865e-05 
1294 286.949 1.11439e-11 -1.99503e-05 
1295 288.198 1.1094e-11 -2.04082e-05 
1296 289.511 1.10428e-11 -2.08598e-05 
1297 290.887 1.09904e-11 -2.1305e-05 
1298 292.328 1.09366e-11 -2.17433e-05 
1299 293.831 1.08817e-11 -2.21747e-05 
1300 295.396 1.08255e-11 -2.25988e-05 
1301 297.023 1.07681e-11 -2.30154e-05 
1302 298.711 1.07094e-11 -2.34243e-05 
1303 300.458 1.06496e-11 -2.38256e-05 
1304 302.263 1.05887e-11 -2.42191e-05 
1305 304.124 1.05266e-11 -2.4605e-05 
1306 306.041 1.04635e-11 -2.4983e-05 
1307 308.013 1.03992e-11 -2.53532e-05 
1308 310.037 1.0334e-11 -2.57155e-05 
1309 312.113 1.02677e-11 -2.60698e-05 
1310 314.239 1.02004e-11 -2.64162e-05 
1311 316.414 1.01321e-11 -2.67545e-05 
1312 318.637 1.00629e-11 -2.70847e-05 
1313 320.906 9.99278e-12 -2.74069e-05 
1314 323.22 9.92177e-12 -2.77208e-05 
1315 325.578 9.84991e-12 -2.80265e-05 
1316 327.978 9.77721e-12 -2.8324e-05 
1317 330.419 9.7037e-12 -2.86131e-05 
1318 332.9 9.62942e-12 -2.88939e-05 
1319 335.419 9.55438e-12 -2.91663e-05 
1320 337.975 9.47862e-12 -2.94302e-05 
1321 340.566 9.40217e-12 -2.96855e-05 
1322 343.191 9.32505e-12 -2.99324e-05 
1323 345.849 9.24729e-12 -3.01706e-05 
1324 348.538 9.16892e-12 -3.04001e-05 
1325 351.256 9.08997e-12 -3.0621e-05 
1326 354.003 9.01047e-12 -3.08331e-05 
1327 356.776 8.93044e-12 -3.10364e-05 
1328 359.575 8.84992e-12 -3.12309e-05 
1329 362.398 8.76894e-12 -3.14164e-05 
1330 365.243 8.68753e-12 -3.15931e-05 
1331 368.109 8.6057e-12 -3.17607e-05 
1332 370.994 8.52351e-12 -3.19192e-05 
1333 373.897 8.44097e-12 -3.20687e-05 
1334 376.816 8.35812e-12 -3.2209e-05 
1335 379.751 8.27498e-12 -3.23402e-05 
1336 382.698 8.19159e-12 -3.2462e-05 
1337 385.657 8.10798e-12 -3.25746e-05 
1338 388.627 8.02419e-12 -3.26779e-05 
1339 391.604 7.94023e-12 -3.27717e-05 
1340 394.589 7.85614e-12 -3.28561e-05 
1341 397.58 7.77197e-12 -3.2931e-05 
1342 400.574 7.68772e-12 -3.29964e-05 
1343 403.57 7.60345e-12 -3.30521e-05 
1344 406.567 7.51918e-12 -3.30983e-05 
1345 409.562 7.43494e-12 -3.31347e-05 
1346 412.555 7.35077e-12 -3.31613e-05 
1347 415.544 7.26669e-12 -3.31782e-05 
1348 418.527 7.18275e-12 -3.31852e-05 
1349 421.502 7.09898e-12 -3.31823e-05 
1350 424.467 7.0154e-12 -3.31695e-05 
1351 427.422 6.93206e-12 -3.31467e-05 
1352 430.365 6.84896e-12 -3.3114e-05 
1353 433.295 6.76612e-12 -3.30715e-05 
1354 436.211 6.68357e-12 -3.30193e-05 
1355 439.112 6.60131e-12 -3.29575e-05 
1356 441.998 6.51936e-12 -3.28863e-05 
1357 444.866 6.43774e-12 -3.28057e-05 
1358 447.717 6.35646e-12 -3.27159e-05 
1359 450.549 6.27553e-12 -3.2617e-05 
1360 453.362 6.19499e-12 -3.25091e-05 
1361 456.153 6.11483e-12 -3.23923e-05 
1362 458.923 6.03508e-12 -3.22667e-05 
1363 461.671 5.95575e-12 -3.21325e-05 
1364 464.394 5.87686e-12 -3.19897e-05 
1365 467.093 5.79843e-12 -3.18385e-05 
1366 469.766 5.72047e-12 -3.1679e-05 
1367 472.413 5.643e-12 -3.15113e-05 
1368 475.031 5.56603e-12 -3.13356e-05 
1369 477.621 5.48959e-12 -3.11519e-05 
1370 480.181 5.41368e-12 -3.09604e-05 
1371 482.709 5.33834e-12 -3.07612e-05 
1372 485.206 5.26356e-12 -3.05544e-05 
1373 487.67 5.18938e-12 -3.03402e-05 
1374 490.1 5.1158e-12 -3.01187e-05 
1375 492.494 5.04285e-12 -2.989e-05 
1376 494.853 4.97055e-12 -2.96543e-05 
1377 497.173 4.8989e-12 -2.94116e-05 
1378 499.456 4.82793e-12 -2.91621e-05 
1379 501.699 4.75766e-12 -2.89059e-05 
1380 503.901 4.68809e-12 -2.86432e-05 
1381 506.062 4.61926e-12 -2.83741e-05 
1382 508.18 4.55118e-12 -2.80987e-05 
1383 510.254 4.48387e-12 -2.78172e-05 
1384 512.283 4.41734e-12 -2.75297e-05 
1385 514.266 4.35161e-12 -2.72363e-05 
1386 516.201 4.28671e-12 -2.69372e-05 
1387 518.088 4.22264e-12 -2.66325e-05 
1388 519.926 4.15944e-12 -2.63223e-05 
1389 521.713 4.09711e-12 -2.60069e-05 
1390 523.448 4.03568e-12 -2.56862e-05 
1391 525.13 3.97516e-12 -2.53605e-05 
1392 526.757 3.91557e-12 -2.503e-05 
1393 528.33 3.85694e-12 -2.46947e-05 
1394 529.845 3.79927e-12 -2.43547e-05 
1395 531.304 3.7426e-12 -2.40104e-05 
1396 532.703 3.68693e-12 -2.36617e-05 
1397 534.042 3.6323e-12 -2.33088e-05 
1398 535.32 3.57871e-12 -2.2952e-05 
1399 536.535 3.52619e-12 -2.25912e-05 
1400 537.687 3.47476e-12 -2.22268e-05 
1401 538.774 3.42443e-12 -2.18587e-05 
1402 539.796 3.3752e-12 -2.14873e-05 
1403 540.753 3.32706e-12 -2.11125e-05 
1404 541.645 3.28002e-12 -2.07346e-05 
1405 542.473 3.23406e-12 -2.03537e-05 
1406 543.236 3.18919e-12 -1.99699e-05 
1407 543.935 3.14539e-12 -1.95834e-05 
1408 544.569 3.10266e-12 -1.91942e-05 
1409 545.138 3.061e-12 -1.88026e-05 
1410 545.643 3.02039e-12 -1.84087e-05 
1411 546.084 2.98084e-12 -1.80126e-05 
1412 546.461 2.94233e-12 -1.76146e-05 
1413 546.773 2.90487e-12 -1.72146e-05 
1414 547.021 2.86845e-12 -1.68129e-05 
1415 547.205 2.83306e-12 -1.64096e-05 
1416 547.325 2.79869e-12 -1.60049e-05 
1417 547.38 2.76535e-12 -1.55989e-05 
1418 547.373 2.73302e-12 -1.51917e-05 
1419 547.301 2.70169e-12 -1.47836e-05 
1420 547.165 2.67137e-12 -1.43746e-05 
1421 546.966 2.64204e-12 -1.3965e-05 
1422 546.703 2.61371e-12 -1.35548e-05 
1423 546.377 2.58636e-12 -1.31442e-05 
1424 545.988 2.55998e-12 -1.27335e-05 
1425 545.535 2.53458e-12 -1.23226e-05 
1426 545.018 2.51015e-12 -1.19119e-05 
1427 544.439 2.48667e-12 -1.15014e-05 
1428 543.797 2.46414e-12 -1.10913e-05 
1429 543.091 2.44257e-12 -1.06818e-05 
1430 542.323 2.42193e-12 -1.0273e-05 
1431 541.492 2.40222e-12 -9.86511e-06 
1432 540.598 2.38344e-12 -9.45826e-06 
1433 539.642 2.36559e-12 -9.05263e-06 
1434 538.623 2.34864e-12 -8.64837e-06 
1435 537.541 2.3326e-12 -8.24565e-06 
1436 536.398 2.31746e-12 -7.84464e-06 
1437 535.192 2.30322e-12 -7.44551e-06 
1438 533.924 2.28986e-12 -7.04841e-06 
1439 532.594 2.27737e-12 -6.65353e-06 
1440 531.202 2.26576e-12 -6.26102e-06 
1441 529.749 2.25502e-12 -5.87106e-06 
1442 528.233 2.24513e-12 -5.48382e-06 
1443 526.657 2.2361e-12 -5.09946e-06 
1444 525.018 2.2279e-12 -4.71817e-06 
1445 523.319 2.22055e-12 -4.34012e-06 
1446 521.558 2.21402e-12 -3.96547e-06 
1447 519.736 2.20831e-12 -3.59441e-06 
1448 517.853 2.20342e-12 -3.22711e-06 
1449 515.91 2.19933e-12 -2.86375e-06 
1450 513.905 2.19604e-12 -2.50451e-06 
1451 511.84 2.19355e-12 -2.14953e-06 
1452 509.716 2.19183e-12 -1.7989e-06 
1453 507.533 2.19087e-12 -1.45263e-06 
1454 505.293 2.19067e-12 -1.11079e-06 
1455 502.997 2.19121e-12 -7.73402e-07 
1456 500.646 2.19248e-12 -4.40513e-07 
1457 498.241 2.19447e-12 -1.12164e-07 
1458 495.784 2.19715e-12 2.11604e-07 
1459 493.274 2.20053e-12 5.30748e-07 
1460 490.715 2.20458e-12 8.45229e-07 
1461 488.106 2.2093e-12 1.155e-06 
1462 485.449 2.21466e-12 1.46003e-06 
1463 482.745 2.22067e-12 1.76026e-06 
1464 479.995 2.22729e-12 2.05567e-06 
1465 477.201 2.23453e-12 2.3462e-06 
1466 474.364 2.24236e-12 2.63181e-06 
1467 471.485 2.25078e-12 2.91246e-06 
1468 468.564 2.25976e-12 3.18811e-06 
1469 465.605 2.2693e-12 3.45871e-06 
1470 462.606 2.27938e-12 3.72423e-06 
1471 459.571 2.28999e-12 3.98461e-06 
1472 456.499 2.30111e-12 4.23982e-06 
1473 453.393 2.31272e-12 4.48981e-06 
1474 450.254 2.32483e-12 4.73454e-06 
1475 447.082 2.3374e-12 4.97396e-06 
1476 443.88 2.35043e-12 5.20803e-06 
1477 440.648 2.3639e-12 5.43671e-06 
1478 437.388 2.3778e-12 5.65995e-06 
1479 434.101 2.39211e-12 5.87771e-06 
1480 430.788 2.40682e-12 6.08994e-06 
1481 427.451 2.42191e-12 6.2966e-06 
1482 424.09 2.43737e-12 6.49765e-06 
1483 420.708 2.45318e-12 6.69303e-06 
1484 417.306 2.46933e-12 6.88271e-06 
1485 413.884 2.4858e-12 7.06663e-06 
1486 410.445 2.50257e-12 7.24476e-06 
1487 406.99 2.51964e-12 7.41705e-06 
1488 403.52 2.53699e-12 7.58345e-06 
1489 400.036 2.55459e-12 7.74392e-06 
1490 396.54 2.57244e-12 7.8984e-06 
1491 393.033 2.59052e-12 8.04686e-06 
1492 389.516 2.60882e-12 8.18925e-06 
1493 385.992 2.62731e-12 8.32552e-06 
1494 382.461 2.64598e-12 8.45563e-06 
1495 378.925 2.66482e-12 8.57953e-06 
1496 375.385 2.68381e-12 8.69716e-06 
1497 371.842 2.70293e-12 8.8085e-06 
1498 368.299 2.72217e-12 8.91348e-06 
1499 364.757 2.74151e-12 9.01206e-06 
1500 361.216 2.76093e-12 9.10419e-06 
1501 357.679 2.78042e-12 9.18985e-06 
1502 354.146 2.79997e-12 9.26907e-06 
1503 350.618 2.81957e-12 9.3419e-06 
1504 347.095 2.8392e-12 9.40841e-06 
1505 343.579 2.85886e-12 9.46864e-06 
1506 340.069 2.87855e-12 9.52264e-06 
1507 336.568 2.89823e-12 9.57049e-06 
1508 333.074 2.91792e-12 9.61223e-06 
1509 329.59 2.9376e-12 9.64793e-06 
1510 326.116 2.95725e-12 9.67763e-06 
1511 322.653 2.97687e-12 9.70139e-06 
1512 319.2 2.99645e-12 9.71929e-06 
1513 315.76 3.01597e-12 9.73136e-06 
1514 312.332 3.03543e-12 9.73768e-06 
1515 308.918 3.05482e-12 9.7383e-06 
1516 305.519 3.07412e-12 9.73328e-06 
1517 302.134 3.09333e-12 9.72268e-06 
1518 298.765 3.11243e-12 9.70657e-06 
1519 295.413 3.13142e-12 9.685e-06 
1520 292.078 3.15028e-12 9.65804e-06 
1521 288.761 3.169e-12 9.62574e-06 
1522 285.462 3.18757e-12 9.58817e-06 
1523 282.184 3.20599e-12 9.54539e-06 
1524 278.926 3.22423e-12 9.49747e-06 
1525 275.688 3.2423e-12 9.44447e-06 
1526 272.473 3.26017e-12 9.38645e-06 
1527 269.281 3.27783e-12 9.32348e-06 
1528 266.112 3.29529e-12 9.25562e-06 
1529 262.967 3.31252e-12 9.18294e-06 
1530 259.847 3.32951e-12 9.1055e-06 
1531 256.753 3.34625e-12 9.02337e-06 
1532 253.686 3.36273e-12 8.93661e-06 
1533 250.646 3.37895e-12 8.8453e-06 
1534 247.635 3.39488e-12 8.74949e-06 
1535 244.653 3.41051e-12 8.64926e-06 
1536 241.7 3.42585e-12 8.54468e-06 
1537 238.779 3.44086e-12 8.43581e-06 
1538 235.889 3.45555e-12 8.32273e-06 
1539 233.031 3.46989e-12 8.20549e-06 
1540 230.207 3.48388e-12 8.08418e-06 
1541 227.416 3.49751e-12 7.95886e-06 
1542 224.661 3.51077e-12 7.8296e-06 
1543 221.941 3.52363e-12 7.69648e-06 
1544 219.258 3.5361e-12 7.55956e-06 
1545 216.612 3.54815e-12 7.41891e-06 
1546 214.005 3.55978e-12 7.27462e-06 
1547 211.437 3.57097e-12 7.12675e-06 
1548 208.909 3.58171e-12 6.97537e-06 
1549 206.422 3.592e-12 6.82056e-06 
1550 203.976 3.6018e-12 6.6624e-06 
1551 201.573 3.61113e-12 6.50096e-06 
1552 199.213 3.61997e-12 6.33631e-06 
1553 196.895 3.62833e-12 6.16857e-06 
1554 194.62 3.6362e-12 5.9978e-06 
1555 192.388 3.64359e-12 5.8241e-06 
1556 190.198 3.6505e-12 5.64756e-06 
1557 188.051 3.65693e-12 5.46828e-06 
1558 185.947 3.66288e-12 5.28632e-06 
1559 183.885 3.66835e-12 5.1018e-06 
1560 181.866 3.67334e-12 4.9148e-06 
1561 179.889 3.67785e-12 4.72542e-06 
1562 177.956 3.68189e-12 4.53374e-06 
1563 176.064 3.68545e-12 4.33985e-06 
1564 174.216 3.68853e-12 4.14386e-06 
1565 172.41 3.69114e-12 3.94585e-06 
1566 170.647 3.69328e-12 3.74593e-06 
1567 168.926 3.69495e-12 3.54417e-06 
1568 167.248 3.69614e-12 3.34069e-06 
1569 165.613 3.69687e-12 3.13557e-06 
1570 164.02 3.69713e-12 2.92891e-06 
1571 162.47 3.69691e-12 2.72082e-06 
1572 160.963 3.69624e-12 2.51137e-06 
1573 159.498 3.69509e-12 2.30069e-06 
1574 158.075 3.69348e-12 2.08885e-06 
1575 156.695 3.69141e-12 1.87597e-06 
1576 155.358 3.68887e-12 1.66213e-06 
1577 154.063 3.68587e-12 1.44745e-06 
1578 152.811 3.68241e-12 1.23202e-06 
1579 151.601 3.67849e-12 1.01594e-06 
1580 150.434 3.67411e-12 7.99309e-07 
1581 149.31 3.66927e-12 5.82237e-07 
1582 148.227 3.66398e-12 3.64824e-07 
1583 147.187 3.65823e-12 1.47172e-07 
1584 146.19 3.65203e-12 -7.06161e-08 
1585 145.235 3.64537e-12 -2.88435e-07 
1586 144.322 3.63827e-12 -5.06181e-07 
1587 143.452 3.63071e-12 -7.23749e-07 
1588 142.624 3.6227e-12 -9.41032e-07 
1589 141.839 3.61425e-12 -1.15793e-06 
1590 141.095 3.60534e-12 -1.37432e-06 
1591 140.394 3.59599e-12 -1.59011e-06 
1592 139.735 3.5862e-12 -1.80519e-06 
1593 139.119 3.57596e-12 -2.01945e-06 
1594 138.545 3.56528e-12 -2.23279e-06 
1595 138.012 3.55416e-12 -2.44508e-06 
1596 137.522 3.5426e-12 -2.65622e-06 
1597 137.075 3.5306e-12 -2.86611e-06 
1598 136.669 3.51817e-12 -3.07463e-06 
1599 136.305 3.5053e-12 -3.28166e-06 
1600 135.983 3.49199e-12 -3.4871e-06 
1601 135.704 3.47826e-12 -3.69085e-06 
1602 135.465 3.4641e-12 -3.89286e-06 
1603 135.268 3.44952e-12 -4.09309e-06 
1604 135.111 3.43453e-12 -4.29149e-06 
1605 134.994 3.41914e-12 -4.48804e-06 
1606 134.916 3.40335e-12 -4.68269e-06 
1607 134.876 3.38718e-12 -4.87541e-06 
1608 134.875 3.37063e-12 -5.06616e-06 
1609 134.912 3.35371e-12 -5.25489e-06 
1610 134.985 3.33643e-12 -5.44158e-06 
1611 135.095 3.3188e-12 -5.62617e-06 
1612 135.24 3.30082e-12 -5.80864e-06 
1613 135.421 3.2825e-12 -5.98893e-06 
1614 135.636 3.26385e-12 -6.16702e-06 
1615 135.886 3.24488e-12 -6.34286e-06 
1616 136.168 3.2256e-12 -6.51641e-06 
1617 136.484 3.20602e-12 -6.68763e-06 
1618 136.832 3.18614e-12 -6.85648e-06 
1619 137.212 3.16597e-12 -7.02293e-06 
1620 137.622 3.14552e-12 -7.18692e-06 
1621 138.064 3.1248e-12 -7.34842e-06 
1622 138.535 3.10382e-12 -7.5074e-06 
1623 139.035 3.08259e-12 -7.6638e-06 
1624 139.563 3.06111e-12 -7.81758e-06 
1625 140.12 3.0394e-12 -7.96871e-06 
1626 140.704 3.01746e-12 -8.11714e-06 
1627 141.315 2.9953e-12 -8.26284e-06 
1628 141.952 2.97294e-12 -8.40575e-06 
1629 142.614 2.95037e-12 -8.54584e-06 
1630 143.301 2.92761e-12 -8.68307e-06 
1631 144.012 2.90467e-12 -8.81738e-06 
1632 144.747 2.88156e-12 -8.94875e-06 
1633 145.504 2.85828e-12 -9.07712e-06 
1634 146.284 2.83485e-12 -9.20246e-06 
1635 147.085 2.81127e-12 -9.32472e-06 
1636 147.907 2.78755e-12 -9.44386e-06 
1637 148.749 2.76371e-12 -9.55983e-06 
1638 149.611 2.73975e-12 -9.67259e-06 
1639 150.491 2.71568e-12 -9.78209e-06 
1640 151.39 2.69151e-12 -9.8883e-06 
1641 152.306 2.66725e-12 -9.99117e-06 
1642 153.239 2.64292e-12 -1.00907e-05 
1643 154.188 2.61851e-12 -1.01867e-05 
1644 155.153 2.59404e-12 -1.02793e-05 
1645 156.132 2.56952e-12 -1.03683e-05 
1646 157.126 2.54496e-12 -1.04538e-05 
1647 158.132 2.52037e-12 -1.05357e-05 
1648 159.152 2.49575e-12 -1.06139e-05 
1649 160.183 2.47112e-12 -1.06885e-05 
1650 161.225 2.44649e-12 -1.07593e-05 
1651 162.278 2.42187e-12 -1.08263e-05 
1652 163.341 2.39726e-12 -1.08895e-05 
1653 164.413 2.37267e-12 -1.0949e-05 
1654 165.494 2.3481e-12 -1.10048e-05 
1655 166.582 2.32355e-12 -1.10569e-05 
1656 167.678 2.29904e-12 -1.11053e-05 
1657 168.78 2.27456e-12 -1.11502e-05 
1658 169.888 2.25012e-12 -1.11914e-05 
1659 171.002 2.22572e-12 -1.1229e-05 
1660 172.12 2.20137e-12 -1.12631e-05 
1661 173.241 2.17708e-12 -1.12937e-05 
1662 174.366 2.15285e-12 -1.13208e-05 
1663 175.494 2.12868e-12 -1.13445e-05 
1664 176.623 2.10458e-12 -1.13647e-05 
1665 177.754 2.08055e-12 -1.13816e-05 
1666 178.885 2.0566e-12 -1.1395e-05 
1667 180.016 2.03273e-12 -1.14051e-05 
1668 181.146 2.00895e-12 -1.14119e-05 
1669 182.274 1.98526e-12 -1.14155e-05 
1670 183.4 1.96167e-12 -1.14158e-05 
1671 184.523 1.93818e-12 -1.14128e-05 
1672 185.642 1.9148e-12 -1.14067e-05 
1673 186.757 1.89153e-12 -1.13974e-05 
1674 187.867 1.86838e-12 -1.1385e-05 
1675 188.97 1.84535e-12 -1.13695e-05 
1676 190.067 1.82245e-12 -1.1351e-05 
1677 191.157 1.79968e-12 -1.13294e-05 
1678 192.239 1.77705e-12 -1.13048e-05 
1679 193.311 1.75456e-12 -1.12773e-05 
1680 194.375 1.73221e-12 -1.12468e-05 
1681 195.428 1.71002e-12 -1.12134e-05 
1682 196.47 1.68799e-12 -1.11771e-05 
1683 197.5 1.66612e-12 -1.1138e-05 
1684 198.517 1.64442e-12 -1.10961e-05 
1685 199.522 1.62289e-12 -1.10514e-05 
1686 200.512 1.60155e-12 -1.1004e-05 
1687 201.487 1.58038e-12 -1.09539e-05 
1688 202.447 1.55941e-12 -1.09011e-05 
1689 203.391 1.53863e-12 -1.08457e-05 
1690 204.317 1.51805e-12 -1.07877e-05 
1691 205.225 1.49767e-12 -1.07271e-05 
1692 206.115 1.47751e-12 -1.06639e-05 
1693 206.986 1.45756e-12 -1.05983e-05 
1694 207.836 1.43784e-12 -1.05302e-05 
1695 208.665 1.41834e-12 -1.04597e-05 
1696 209.472 1.39907e-12 -1.03868e-05 
1697 210.257 1.38005e-12 -1.03115e-05 
1698 211.018 1.36126e-12 -1.02339e-05 
1699 211.755 1.34273e-12 -1.0154e-05 
1700 212.467 1.32445e-12 -1.00719e-05 
1701 213.154 1.30643e-12 -9.98755e-06 
1702 213.814 1.28867e-12 -9.90104e-06 
1703 214.449 1.27117e-12 -9.81242e-06 
1704 215.057 1.25393e-12 -9.72174e-06 
1705 215.64 1.23695e-12 -9.62907e-06 
1706 216.197 1.22023e-12 -9.53445e-06 
1707 216.729 1.20377e-12 -9.43794e-06 
1708 217.234 1.18758e-12 -9.3396e-06 
1709 217.713 1.17164e-12 -9.23947e-06 
1710 218.167 1.15597e-12 -9.13762e-06 
1711 218.594 1.14055e-12 -9.03409e-06 
1712 218.996 1.1254e-12 -8.92895e-06 
1713 219.372 1.11051e-12 -8.82226e-06 
1714 219.722 1.09587e-12 -8.71406e-06 
1715 220.045 1.0815e-12 -8.60442e-06 
1716 220.343 1.06739e-12 -8.49339e-06 
1717 220.615 1.05354e-12 -8.38103e-06 
1718 220.862 1.03995e-12 -8.2674e-06 
1719 221.082 1.02662e-12 -8.15256e-06 
1720 221.276 1.01356e-12 -8.03655e-06 
1721 221.444 1.00075e-12 -7.91945e-06 
1722 221.587 9.88204e-13 -7.80132e-06 
1723 221.703 9.75918e-13 -7.6822e-06 
1724 221.794 9.63893e-13 -7.56216e-06 
1725 221.858 9.52129e-13 -7.44126e-06 
1726 221.897 9.40625e-13 -7.31957e-06 
1727 221.909 9.29381e-13 -7.19713e-06 
1728 221.896 9.18399e-13 -7.07401e-06 
1729 221.857 9.07676e-13 -6.95027e-06 
1730 221.791 8.97214e-13 -6.82598e-06 
1731 221.7 8.87013e-13 -6.70118e-06 
1732 221.583 8.77071e-13 -6.57596e-06 
1733 221.44 8.6739e-13 -6.45036e-06 
1734 221.271 8.57969e-13 -6.32445e-06 
1735 221.076 8.48808e-13 -6.19829e-06 
1736 220.855 8.39907e-13 -6.07195e-06 
1737 220.608 8.31266e-13 -5.94548e-06 
1738 220.335 8.22885e-13 -5.81896e-06 
1739 220.036 8.14764e-13 -5.69244e-06 
1740 219.712 8.06903e-13 -5.56599e-06 
1741 219.361 7.99301e-13 -5.43967e-06 
1742 218.985 7.91958e-13 -5.31356e-06 
1743 218.582 7.84875e-13 -5.1877e-06 
1744 218.154 7.78052e-13 -5.06217e-06 
1745 217.699 7.71487e-13 -4.93704e-06 
1746 217.219 7.65182e-13 -4.81236e-06 
1747 216.713 7.59135e-13 -4.68822e-06 
1748 216.181 7.53348e-13 -4.56466e-06 
1749 215.623 7.47819e-13 -4.44176e-06 
1750 215.039 7.42549e-13 -4.31958e-06 
1751 214.43 7.37537e-13 -4.19819e-06 
1752 213.795 7.32781e-13 -4.07762e-06 
1753 213.135 7.28277e-13 -3.95789e-06 
1754 212.451 7.24023e-13 -3.83903e-06 
1755 211.742 7.20016e-13 -3.72105e-06 
1756 211.01 7.16253e-13 -3.60399e-06 
1757 210.255 7.1273e-13 -3.48787e-06 
1758 209.477 7.09445e-13 -3.37272e-06 
1759 208.677 7.06395e-13 -3.25856e-06 
1760 207.856 7.03576e-13 -3.14541e-06 
1761 207.013 7.00986e-13 -3.0333e-06 
1762 206.15 6.98621e-13 -2.92226e-06 
1763 205.266 6.96479e-13 -2.81231e-06 
1764 204.363 6.94557e-13 -2.70347e-06 
1765 203.441 6.9285e-13 -2.59578e-06 
1766 202.5 6.91356e-13 -2.48926e-06 
1767 201.54 6.90072e-13 -2.38393e-06 
1768 200.563 6.88995e-13 -2.27983e-06 
1769 199.569 6.88121e-13 -2.17697e-06 
1770 198.557 6.87448e-13 -2.07538e-06 
1771 197.53 6.86971e-13 -1.97509e-06 
1772 196.487 6.86688e-13 -1.87613e-06 
1773 195.429 6.86596e-13 -1.77852e-06 
1774 194.356 6.86691e-13 -1.68228e-06 
1775 193.269 6.86969e-13 -1.58746e-06 
1776 192.168 6.87428e-13 -1.49406e-06 
1777 191.054 6.88065e-13 -1.40212e-06 
1778 189.927 6.88875e-13 -1.31167e-06 
1779 188.789 6.89856e-13 -1.22274e-06 
1780 187.638 6.91004e-13 -1.13534e-06 
1781 186.477 6.92315e-13 -1.04951e-06 
1782 185.305 6.93787e-13 -9.65274e-07 
1783 184.124 6.95415e-13 -8.82661e-07 
1784 182.933 6.97197e-13 -8.01699e-07 
1785 181.732 6.99129e-13 -7.22415e-07 
1786 180.524 7.01207e-13 -6.44837e-07 
1787 179.308 7.03428e-13 -5.68992e-07 
1788 178.085 7.05789e-13 -4.94909e-07 
1789 176.854 7.08285e-13 -4.22616e-07 
1790 175.618 7.10914e-13 -3.52141e-07 
1791 174.376 7.13671e-13 -2.83512e-07 
1792 173.129 7.16553e-13 -2.16759e-07 
1793 171.878 7.19557e-13 -1.51909e-07 
1794 170.623 7.22678e-13 -8.8991e-08 
1795 169.364 7.25914e-13 -2.80344e-08 
1796 168.103 7.2926e-13 3.09323e-08 
1797 166.839 7.32713e-13 8.78801e-08 
1798 165.574 7.36269e-13 1.4278e-07 
1799 164.308 7.39925e-13 1.95602e-07 
1800 163.041 7.43676e-13 2.46318e-07 
1801 161.774 7.47519e-13 2.94905e-07 
1802 160.508 7.51451e-13 3.4137e-07 
1803 159.242 7.55468e-13 3.85725e-07 
1804 157.978 7.59566e-13 4.27984e-07 
1805 156.714 7.63742e-13 4.6816e-07 
1806 155.453 7.67993e-13 5.06268e-07 
1807 154.193 7.72315e-13 5.42321e-07 
1808 152.935 7.76704e-13 5.76332e-07 
1809 151.68 7.81158e-13 6.08316e-07 
1810 150.428 7.85672e-13 6.38286e-07 
1811 149.179 7.90242e-13 6.66256e-07 
1812 147.934 7.94866e-13 6.92241e-07 
1813 146.692 7.9954e-13 7.16255e-07 
1814 145.455 8.04259e-13 7.38311e-07 
1815 144.222 8.09021e-13 7.58425e-07 
1816 142.993 8.13822e-13 7.7661e-07 
1817 141.77 8.18658e-13 7.92882e-07 
1818 140.552 8.23525e-13 8.07254e-07 
1819 139.34 8.28419e-13 8.19742e-07 
1820 138.134 8.33338e-13 8.30361e-07 
1821 136.934 8.38276e-13 8.39124e-07 
1822 135.741 8.43231e-13 8.46048e-07 
1823 134.555 8.48199e-13 8.51147e-07 
1824 133.376 8.53175e-13 8.54436e-07 
1825 132.205 8.58157e-13 8.5593e-07 
1826 131.042 8.63139e-13 8.55645e-07 
1827 129.888 8.68119e-13 8.53597e-07 
1828 128.742 8.73092e-13 8.498e-07 
1829 127.605 8.78055e-13 8.4427e-07 
1830 126.477 8.83004e-13 8.37023e-07 
1831 125.359 8.87934e-13 8.28074e-07 
1832 124.251 8.92843e-13 8.1744e-07 
1833 123.154 8.97725e-13 8.05136e-07 
1834 122.067 9.02577e-13 7.91179e-07 
1835 120.992 9.07395e-13 7.75583e-07 
1836 119.927 9.12175e-13 7.58367e-07 
1837 118.875 9.16912e-13 7.39544e-07 
1838 117.835 9.21604e-13 7.19133e-07 
1839 116.807 9.26246e-13 6.9715e-07 
1840 115.792 9.30833e-13 6.7361e-07 
1841 114.79 9.35362e-13 6.48531e-07 
1842 113.801 9.39829e-13 6.2193e-07 
1843 112.827 9.44229e-13 5.93822e-07 
1844 111.867 9.48559e-13 5.64225e-07 
1845 110.921 9.52814e-13 5.33157e-07 
1846 109.99 9.5699e-13 5.00633e-07 
1847 109.075 9.61083e-13 4.66671e-07 
1848 108.175 9.65088e-13 4.31289e-07 
1849 107.291 9.69002e-13 3.94503e-07 
1850 106.424 9.7282e-13 3.56331e-07 
1851 105.574 9.76539e-13 3.16793e-07 
1852 104.74 9.80156e-13 2.75916e-07 
1853 103.923 9.83672e-13 2.33732e-07 
1854 103.123 9.87086e-13 1.9027e-07 
1855 102.34 9.90396e-13 1.4556e-07 
1856 101.574 9.93601e-13 9.96343e-08 
1857 100.826 9.96702e-13 5.25228e-08 
1858 100.094 9.99696e-13 4.25672e-09 
1859 99.3795 1.00258e-12 -4.51329e-08 
1860 98.6822 1.00536e-12 -9.56146e-08 
1861 98.0022 1.00804e-12 -1.47157e-07 
1862 97.3395 1.0106e-12 -1.99729e-07 
1863 96.6941 1.01305e-12 -2.53298e-07 
1864 96.0662 1.01539e-12 -3.07833e-07 
1865 95.4558 1.01762e-12 -3.63302e-07 
1866 94.8629 1.01973e-12 -4.19672e-07 
1867 94.2876 1.02173e-12 -4.76911e-07 
1868 93.7299 1.02362e-12 -5.34987e-07 
1869 93.1899 1.02539e-12 -5.93867e-07 
1870 92.6676 1.02705e-12 -6.53519e-07 
1871 92.1631 1.02858e-12 -7.13909e-07 
1872 91.6764 1.03e-12 -7.75004e-07 
1873 91.2075 1.0313e-12 -8.36772e-07 
1874 90.7566 1.03248e-12 -8.99179e-07 
1875 90.3237 1.03354e-12 -9.62191e-07 
1876 89.9088 1.03448e-12 -1.02578e-06 
1877 89.512 1.03529e-12 -1.0899e-06 
1878 89.1333 1.03599e-12 -1.15452e-06 
1879 88.7727 1.03655e-12 -1.21962e-06 
1880 88.4304 1.03699e-12 -1.28515e-06 
1881 88.1064 1.03731e-12 -1.35109e-06 
1882 87.8007 1.03749e-12 -1.41739e-06 
1883 87.5134 1.03755e-12 -1.48402e-06 
1884 87.2445 1.03748e-12 -1.55095e-06 
1885 86.9941 1.03728e-12 -1.61814e-06 
1886 86.7622 1.03695e-12 -1.68556e-06 
1887 86.5489 1.03649e-12 -1.75318e-06 
1888 86.3542 1.03589e-12 -1.82095e-06 
1889 86.1782 1.03516e-12 -1.88884e-06 
1890 86.0209 1.03429e-12 -1.95681e-06 
1891 85.8824 1.03329e-12 -2.02484e-06 
1892 85.7627 1.03215e-12 -2.09288e-06 
1893 85.6619 1.03088e-12 -2.16089e-06 
1894 85.5801 1.02947e-12 -2.22885e-06 
1895 85.5172 1.02791e-12 -2.29671e-06 
1896 85.4734 1.02622e-12 -2.36444e-06 
1897 85.4486 1.02438e-12 -2.432e-06 
1898 85.443 1.02241e-12 -2.49935e-06 
1899 85.4566 1.02028e-12 -2.56646e-06 
1900 85.4894 1.01802e-12 -2.63329e-06 
1901 85.5414 1.01561e-12 -2.69981e-06 
1902 85.6124 1.01306e-12 -2.76598e-06 
1903 85.702 1.01036e-12 -2.8318e-06 
1904 85.8101 1.00753e-12 -2.89722e-06 
1905 85.9361 1.00457e-12 -2.96224e-06 
1906 86.0799 1.00147e-12 -3.02683e-06 
1907 86.2411 9.9824e-13 -3.09097e-06 
1908 86.4195 9.94885e-13 -3.15462e-06 
1909 86.6145 9.91405e-13 -3.21778e-06 
1910 86.8261 9.87803e-13 -3.28042e-06 
1911 87.0538 9.84082e-13 -3.34251e-06 
1912 87.2973 9.80244e-13 -3.40403e-06 
1913 87.5563 9.76292e-13 -3.46495e-06 
1914 87.8304 9.72229e-13 -3.52526e-06 
1915 88.1194 9.68057e-13 -3.58493e-06 
1916 88.4229 9.63779e-13 -3.64394e-06 
1917 88.7406 9.59398e-13 -3.70226e-06 
1918 89.0721 9.54917e-13 -3.75986e-06 
1919 89.4171 9.50338e-13 -3.81673e-06 
1920 89.7753 9.45664e-13 -3.87284e-06 
1921 90.1463 9.40898e-13 -3.92817e-06 
1922 90.5299 9.36042e-13 -3.98269e-06 
1923 90.9256 9.311e-13 -4.03637e-06 
1924 91.3331 9.26074e-13 -4.0892e-06 
1925 91.7521 9.20967e-13 -4.14115e-06 
1926 92.1822 9.15782e-13 -4.19219e-06 
1927 92.6231 9.10522e-13 -4.2423e-06 
1928 93.0744 9.0519e-13 -4.29146e-06 
1929 93.5359 8.99788e-13 -4.33963e-06 
1930 94.007 8.94319e-13 -4.3868e-06 
1931 94.4876 8.88787e-13 -4.43293e-06 
1932 94.9772 8.83194e-13 -4.47801e-06 
1933 95.4754 8.77542e-13 -4.52201e-06 
1934 95.982 8.71836e-13 -4.56491e-06 
1935 96.4966 8.66078e-13 -4.60667e-06 
1936 97.0187 8.60271e-13 -4.64727e-06 
1937 97.5481 8.54418e-13 -4.68669e-06 
1938 98.0844 8.48522e-13 -4.7249e-06 
1939 98.6272 8.42585e-13 -4.76187e-06 
1940 99.1761 8.36612e-13 -4.79758e-06 
1941 99.7308 8.30605e-13 -4.83201e-06 
1942 100.291 8.24566e-13 -4.86512e-06 
1943 100.856 8.185e-13 -4.8969e-06 
1944 101.426 8.12408e-13 -4.9273e-06 
1945 102 8.06295e-13 -4.95632e-06 
1946 102.578 8.00163e-13 -4.98391e-06 
1947 103.16 7.94016e-13 -5.01006e-06 
1948 103.744 7.87856e-13 -5.03474e-06 
1949 104.332 7.81687e-13 -5.05792e-06 
1950 104.922 7.75511e-13 -5.07957e-06 
1951 105.514 7.69332e-13 -5.09968e-06 
1952 106.108 7.63149e-13 -5.11826e-06 
1953 106.704 7.56963e-13 -5.13535e-06 
1954 107.302 7.50773e-13 -5.15096e-06 
1955 107.902 7.4458e-13 -5.16512e-06 
1956 108.503 7.38382e-13 -5.17788e-06 
1957 109.107 7.3218e-13 -5.18924e-06 
1958 109.713 7.25974e-13 -5.19924e-06 
1959 110.32 7.19763e-13 -5.2079e-06 
1960 110.93 7.13547e-13 -5.21526e-06 
1961 111.541 7.07326e-13 -5.22134e-06 
1962 112.154 7.011e-13 -5.22618e-06 
1963 112.769 6.94868e-13 -5.22979e-06 
1964 113.386 6.88631e-13 -5.2322e-06 
1965 114.004 6.82387e-13 -5.23346e-06 
1966 114.625 6.76138e-13 -5.23358e-06 
1967 115.247 6.69882e-13 -5.23259e-06 
1968 115.87 6.6362e-13 -5.23053e-06 
1969 116.496 6.57351e-13 -5.22741e-06 
1970 117.123 6.51075e-13 -5.22328e-06 
1971 117.752 6.44792e-13 -5.21816e-06 
1972 118.383 6.38502e-13 -5.21207e-06 
1973 119.015 6.32204e-13 -5.20506e-06 
1974 119.649 6.25898e-13 -5.19715e-06 
1975 120.284 6.19585e-13 -5.18836e-06 
1976 120.921 6.13263e-13 -5.17873e-06 
1977 121.56 6.06932e-13 -5.1683e-06 
1978 122.2 6.00593e-13 -5.15708e-06 
1979 122.842 5.94246e-13 -5.14511e-06 
1980 123.485 5.87889e-13 -5.13242e-06 
1981 124.13 5.81523e-13 -5.11905e-06 
1982 124.776 5.75147e-13 -5.10501e-06 
1983 125.424 5.68762e-13 -5.09035e-06 
1984 126.074 5.62366e-13 -5.07509e-06 
1985 126.724 5.55961e-13 -5.05927e-06 
1986 127.376 5.49545e-13 -5.04291e-06 
1987 128.03 5.43118e-13 -5.02605e-06 
1988 128.685 5.36681e-13 -5.00872e-06 
1989 129.341 5.30232e-13 -4.99095e-06 
1990 129.999 5.23773e-13 -4.97278e-06 
1991 130.658 5.17301e-13 -4.95422e-06 
1992 131.318 5.10818e-13 -4.93533e-06 
1993 131.979 5.04323e-13 -4.91612e-06 
1994 132.642 4.97816e-13 -4.89664e-06 
1995 133.306 4.91296e-13 -4.87691e-06 
1996 133.971 4.84763e-13 -4.85697e-06 
1997 134.638 4.78218e-13 -4.83684e-06 
1998 135.306 4.71659e-13 -4.81657e-06 
1999 135.975 4.65087e-13 -4.79619e-06 
2000 136.645 4.58502e-13 -4.77572e-06 
