2 1003.62 
3 973.64 
4 940.742 
5 917.305 
6 902.297 
7 893.764 
8 890.102 
9 889.613 
10 893.021 
11 898.081 
12 905.082 
13 912.863 
14 922.424 
15 933.654 
16 944.444 
17 955.471 
18 967.877 
19 981.971 
20 997.014 
21 1011.63 
22 1025.96 
23 1040.48 
24 1055.41 
25 1070.68 
26 1086.04 
27 1101.59 
28 1117.44 
29 1133.57 
30 1149.73 
31 1165.62 
32 1181.37 
33 1197.17 
34 1213.19 
35 1229.57 
36 1246.38 
37 1263.62 
38 1281.24 
39 1299.12 
40 1317.04 
41 1334.78 
42 1352.37 
43 1369.89 
44 1387.43 
45 1405.04 
46 1422.77 
47 1440.65 
48 1458.7 
49 1476.92 
50 1495.26 
51 1513.71 
52 1532.28 
53 1551.03 
54 1569.99 
55 1589.18 
56 1608.62 
57 1628.3 
58 1648.23 
59 1668.37 
60 1688.7 
61 1709.19 
62 1729.85 
63 1750.7 
64 1771.78 
65 1793.09 
66 1814.66 
67 1836.49 
68 1858.59 
69 1880.96 
70 1903.58 
71 1926.46 
72 1949.59 
73 1973 
74 1996.7 
75 2020.7 
76 2045 
77 2069.61 
78 2094.52 
79 2119.73 
80 2145.23 
81 2171.01 
82 2197.08 
83 2223.44 
84 2250.11 
85 2277.08 
86 2304.36 
87 2331.96 
88 2359.86 
89 2388.07 
90 2416.58 
91 2445.37 
92 2474.46 
93 2503.83 
94 2533.5 
95 2563.46 
96 2593.7 
97 2624.22 
98 2655.01 
99 2686.06 
100 2717.36 
101 2748.9 
102 2780.67 
103 2812.68 
104 2844.93 
105 2877.42 
106 2910.14 
107 2943.09 
108 2976.28 
109 3009.68 
110 3043.31 
111 3077.15 
112 3111.19 
113 3145.42 
114 3179.84 
115 3214.42 
116 3249.17 
117 3284.05 
118 3319.06 
119 3354.17 
120 3389.37 
121 3424.64 
122 3459.97 
123 3495.35 
124 3530.78 
125 3566.24 
126 3601.74 
127 3637.26 
128 3672.79 
129 3708.32 
130 3743.85 
131 3779.36 
132 3814.84 
133 3850.27 
134 3885.65 
135 3920.95 
136 3956.17 
137 3991.29 
138 4026.28 
139 4061.15 
140 4095.86 
141 4130.4 
142 4164.76 
143 4198.92 
144 4232.89 
145 4266.63 
146 4300.16 
147 4333.45 
148 4366.49 
149 4399.27 
150 4431.77 
151 4464 
152 4495.92 
153 4527.53 
154 4558.81 
155 4589.75 
156 4620.34 
157 4650.55 
158 4680.38 
159 4709.81 
160 4738.81 
161 4767.38 
162 4795.51 
163 4823.18 
164 4850.38 
165 4877.11 
166 4903.35 
167 4929.1 
168 4954.34 
169 4979.07 
170 5003.27 
171 5026.93 
172 5050.05 
173 5072.61 
174 5094.6 
175 5116.02 
176 5136.84 
177 5157.06 
178 5176.68 
179 5195.67 
180 5214.03 
181 5231.74 
182 5248.81 
183 5265.22 
184 5280.96 
185 5296.04 
186 5310.44 
187 5324.16 
188 5337.2 
189 5349.54 
190 5361.19 
191 5372.13 
192 5382.37 
193 5391.89 
194 5400.7 
195 5408.78 
196 5416.14 
197 5422.77 
198 5428.66 
199 5433.82 
200 5438.23 
201 5441.89 
202 5444.81 
203 5446.98 
204 5448.4 
205 5449.07 
206 5449 
207 5448.17 
208 5446.6 
209 5444.27 
210 5441.2 
211 5437.39 
212 5432.83 
213 5427.53 
214 5421.5 
215 5414.72 
216 5407.21 
217 5398.97 
218 5390.01 
219 5380.32 
220 5369.91 
221 5358.79 
222 5346.96 
223 5334.43 
224 5321.19 
225 5307.27 
226 5292.65 
227 5277.36 
228 5261.39 
229 5244.75 
230 5227.45 
231 5209.5 
232 5190.9 
233 5171.65 
234 5151.78 
235 5131.29 
236 5110.18 
237 5088.47 
238 5066.16 
239 5043.27 
240 5019.8 
241 4995.77 
242 4971.18 
243 4946.06 
244 4920.4 
245 4894.22 
246 4867.54 
247 4840.37 
248 4812.71 
249 4784.59 
250 4756.02 
251 4727.01 
252 4697.57 
253 4667.72 
254 4637.46 
255 4606.8 
256 4575.76 
257 4544.36 
258 4512.59 
259 4480.48 
260 4448.03 
261 4415.26 
262 4382.19 
263 4348.82 
264 4315.16 
265 4281.25 
266 4247.08 
267 4212.67 
268 4178.04 
269 4143.2 
270 4108.17 
271 4072.97 
272 4037.6 
273 4002.09 
274 3966.45 
275 3930.7 
276 3894.85 
277 3858.93 
278 3822.94 
279 3786.89 
280 3750.8 
281 3714.69 
282 3678.55 
283 3642.42 
284 3606.31 
285 3570.22 
286 3534.17 
287 3498.17 
288 3462.25 
289 3426.42 
290 3390.68 
291 3355.06 
292 3319.57 
293 3284.23 
294 3249.05 
295 3214.05 
296 3179.24 
297 3144.64 
298 3110.27 
299 3076.14 
300 3042.27 
301 3008.68 
302 2975.37 
303 2942.35 
304 2909.63 
305 2877.22 
306 2845.13 
307 2813.35 
308 2781.91 
309 2750.81 
310 2720.05 
311 2689.65 
312 2659.6 
313 2629.92 
314 2600.62 
315 2571.7 
316 2543.16 
317 2515.02 
318 2487.28 
319 2459.94 
320 2433.03 
321 2406.53 
322 2380.46 
323 2354.82 
324 2329.62 
325 2304.87 
326 2280.57 
327 2256.72 
328 2233.34 
329 2210.43 
330 2187.99 
331 2166.03 
332 2144.56 
333 2123.57 
334 2103.08 
335 2083.1 
336 2063.61 
337 2044.64 
338 2026.18 
339 2008.23 
340 1990.81 
341 1973.92 
342 1957.56 
343 1941.74 
344 1926.45 
345 1911.71 
346 1897.51 
347 1883.87 
348 1870.78 
349 1858.24 
350 1846.26 
351 1834.85 
352 1824 
353 1813.71 
354 1803.97 
355 1794.8 
356 1786.18 
357 1778.11 
358 1770.6 
359 1763.63 
360 1757.21 
361 1751.33 
362 1745.99 
363 1741.18 
364 1736.91 
365 1733.16 
366 1729.94 
367 1727.23 
368 1725.04 
369 1723.36 
370 1722.17 
371 1721.49 
372 1721.3 
373 1721.59 
374 1722.37 
375 1723.61 
376 1725.32 
377 1727.48 
378 1730.1 
379 1733.16 
380 1736.65 
381 1740.57 
382 1744.9 
383 1749.64 
384 1754.78 
385 1760.31 
386 1766.22 
387 1772.5 
388 1779.13 
389 1786.11 
390 1793.43 
391 1801.07 
392 1809.02 
393 1817.28 
394 1825.82 
395 1834.64 
396 1843.72 
397 1853.05 
398 1862.61 
399 1872.4 
400 1882.4 
401 1892.58 
402 1902.96 
403 1913.52 
404 1924.25 
405 1935.16 
406 1946.23 
407 1957.46 
408 1968.84 
409 1980.38 
410 1992.05 
411 2003.86 
412 2015.8 
413 2027.86 
414 2040.03 
415 2052.32 
416 2064.7 
417 2077.18 
418 2089.74 
419 2102.39 
420 2115.1 
421 2127.88 
422 2140.71 
423 2153.6 
424 2166.51 
425 2179.46 
426 2192.43 
427 2205.42 
428 2218.41 
429 2231.39 
430 2244.35 
431 2257.3 
432 2270.21 
433 2283.07 
434 2295.88 
435 2308.63 
436 2321.3 
437 2333.89 
438 2346.39 
439 2358.78 
440 2371.05 
441 2383.19 
442 2395.19 
443 2407.04 
444 2418.73 
445 2430.25 
446 2441.57 
447 2452.7 
448 2463.62 
449 2474.31 
450 2484.77 
451 2494.98 
452 2504.93 
453 2514.64 
454 2524.1 
455 2533.3 
456 2542.25 
457 2550.94 
458 2559.38 
459 2567.56 
460 2575.49 
461 2583.17 
462 2590.58 
463 2597.74 
464 2604.64 
465 2611.28 
466 2617.67 
467 2623.8 
468 2629.67 
469 2635.27 
470 2640.62 
471 2645.72 
472 2650.55 
473 2655.12 
474 2659.43 
475 2663.49 
476 2667.28 
477 2670.82 
478 2674.09 
479 2677.11 
480 2679.87 
481 2682.37 
482 2684.62 
483 2686.6 
484 2688.33 
485 2689.8 
486 2691.02 
487 2691.98 
488 2692.69 
489 2693.14 
490 2693.33 
491 2693.28 
492 2692.97 
493 2692.41 
494 2691.6 
495 2690.54 
496 2689.23 
497 2687.67 
498 2685.87 
499 2683.82 
500 2681.52 
501 2678.99 
502 2676.21 
503 2673.2 
504 2669.96 
505 2666.49 
506 2662.81 
507 2658.9 
508 2654.79 
509 2650.48 
510 2645.96 
511 2641.25 
512 2636.36 
513 2631.27 
514 2626.02 
515 2620.59 
516 2614.99 
517 2609.24 
518 2603.33 
519 2597.28 
520 2591.08 
521 2584.75 
522 2578.3 
523 2571.72 
524 2565.03 
525 2558.23 
526 2551.33 
527 2544.34 
528 2537.27 
529 2530.11 
530 2522.88 
531 2515.6 
532 2508.25 
533 2500.86 
534 2493.43 
535 2485.97 
536 2478.48 
537 2470.98 
538 2463.47 
539 2455.96 
540 2448.47 
541 2440.99 
542 2433.54 
543 2426.13 
544 2418.77 
545 2411.46 
546 2404.21 
547 2397.04 
548 2389.96 
549 2382.97 
550 2376.08 
551 2369.3 
552 2362.65 
553 2356.11 
554 2349.69 
555 2343.4 
556 2337.25 
557 2331.22 
558 2325.33 
559 2319.58 
560 2313.97 
561 2308.51 
562 2303.2 
563 2298.04 
564 2293.03 
565 2288.19 
566 2283.51 
567 2278.99 
568 2274.65 
569 2270.48 
570 2266.48 
571 2262.67 
572 2259.04 
573 2255.6 
574 2252.35 
575 2249.29 
576 2246.44 
577 2243.79 
578 2241.34 
579 2239.11 
580 2237.09 
581 2235.28 
582 2233.7 
583 2232.35 
584 2231.22 
585 2230.33 
586 2229.68 
587 2229.26 
588 2229.1 
589 2229.18 
590 2229.52 
591 2230.11 
592 2230.97 
593 2232.09 
594 2233.49 
595 2235.16 
596 2237.1 
597 2239.34 
598 2241.85 
599 2244.67 
600 2247.77 
601 2251.18 
602 2254.88 
603 2258.88 
604 2263.18 
605 2267.76 
606 2272.62 
607 2277.77 
608 2283.2 
609 2288.9 
610 2294.88 
611 2301.12 
612 2307.63 
613 2314.41 
614 2321.44 
615 2328.72 
616 2336.26 
617 2344.04 
618 2352.06 
619 2360.32 
620 2368.82 
621 2377.55 
622 2386.5 
623 2395.67 
624 2405.06 
625 2414.66 
626 2424.47 
627 2434.49 
628 2444.7 
629 2455.1 
630 2465.69 
631 2476.47 
632 2487.43 
633 2498.55 
634 2509.85 
635 2521.31 
636 2532.93 
637 2544.69 
638 2556.61 
639 2568.66 
640 2580.85 
641 2593.17 
642 2605.62 
643 2618.18 
644 2630.85 
645 2643.63 
646 2656.5 
647 2669.47 
648 2682.53 
649 2695.66 
650 2708.87 
651 2722.14 
652 2735.48 
653 2748.87 
654 2762.32 
655 2775.8 
656 2789.33 
657 2802.89 
658 2816.48 
659 2830.08 
660 2843.71 
661 2857.34 
662 2870.98 
663 2884.61 
664 2898.24 
665 2911.85 
666 2925.43 
667 2938.99 
668 2952.52 
669 2966 
670 2979.43 
671 2992.81 
672 3006.13 
673 3019.38 
674 3032.55 
675 3045.64 
676 3058.64 
677 3071.54 
678 3084.34 
679 3097.03 
680 3109.59 
681 3122.03 
682 3134.34 
683 3146.5 
684 3158.51 
685 3170.36 
686 3182.05 
687 3193.57 
688 3204.9 
689 3216.04 
690 3226.99 
691 3237.73 
692 3248.25 
693 3258.55 
694 3268.62 
695 3278.44 
696 3288.02 
697 3297.34 
698 3306.39 
699 3315.17 
700 3323.66 
701 3331.86 
702 3339.76 
703 3347.36 
704 3354.67 
705 3361.68 
706 3368.39 
707 3374.79 
708 3380.9 
709 3386.69 
710 3392.19 
711 3397.37 
712 3402.25 
713 3406.82 
714 3411.08 
715 3415.03 
716 3418.67 
717 3421.99 
718 3425 
719 3427.69 
720 3430.06 
721 3432.12 
722 3433.85 
723 3435.27 
724 3436.37 
725 3437.14 
726 3437.59 
727 3437.71 
728 3437.51 
729 3436.98 
730 3436.12 
731 3434.94 
732 3433.42 
733 3431.58 
734 3429.4 
735 3426.89 
736 3424.04 
737 3420.86 
738 3417.35 
739 3413.49 
740 3409.3 
741 3404.77 
742 3399.9 
743 3394.7 
744 3389.15 
745 3383.25 
746 3377.02 
747 3370.44 
748 3363.51 
749 3356.24 
750 3348.62 
751 3340.66 
752 3332.35 
753 3323.71 
754 3314.73 
755 3305.42 
756 3295.78 
757 3285.83 
758 3275.56 
759 3264.98 
760 3254.09 
761 3242.9 
762 3231.42 
763 3219.65 
764 3207.59 
765 3195.25 
766 3182.63 
767 3169.75 
768 3156.6 
769 3143.19 
770 3129.53 
771 3115.62 
772 3101.48 
773 3087.09 
774 3072.47 
775 3057.64 
776 3042.58 
777 3027.31 
778 3011.83 
779 2996.16 
780 2980.29 
781 2964.23 
782 2948 
783 2931.58 
784 2915.01 
785 2898.27 
786 2881.37 
787 2864.33 
788 2847.15 
789 2829.84 
790 2812.4 
791 2794.84 
792 2777.17 
793 2759.39 
794 2741.51 
795 2723.55 
796 2705.5 
797 2687.38 
798 2669.18 
799 2650.93 
800 2632.63 
801 2614.28 
802 2595.9 
803 2577.47 
804 2559.02 
805 2540.55 
806 2522.05 
807 2503.54 
808 2485.02 
809 2466.5 
810 2447.98 
811 2429.46 
812 2410.96 
813 2392.48 
814 2374.01 
815 2355.58 
816 2337.18 
817 2318.82 
818 2300.5 
819 2282.24 
820 2264.03 
821 2245.88 
822 2227.8 
823 2209.8 
824 2191.87 
825 2174.03 
826 2156.29 
827 2138.64 
828 2121.09 
829 2103.66 
830 2086.34 
831 2069.15 
832 2052.08 
833 2035.15 
834 2018.37 
835 2001.73 
836 1985.24 
837 1968.92 
838 1952.77 
839 1936.79 
840 1920.99 
841 1905.39 
842 1889.97 
843 1874.76 
844 1859.76 
845 1844.98 
846 1830.42 
847 1816.09 
848 1802 
849 1788.15 
850 1774.55 
851 1761.22 
852 1748.14 
853 1735.32 
854 1722.77 
855 1710.47 
856 1698.44 
857 1686.66 
858 1675.15 
859 1663.89 
860 1652.9 
861 1642.17 
862 1631.7 
863 1621.48 
864 1611.53 
865 1601.85 
866 1592.42 
867 1583.25 
868 1574.34 
869 1565.7 
870 1557.31 
871 1549.18 
872 1541.32 
873 1533.71 
874 1526.37 
875 1519.28 
876 1512.46 
877 1505.89 
878 1499.58 
879 1493.54 
880 1487.75 
881 1482.22 
882 1476.95 
883 1471.93 
884 1467.18 
885 1462.68 
886 1458.44 
887 1454.45 
888 1450.72 
889 1447.25 
890 1444.03 
891 1441.07 
892 1438.37 
893 1435.91 
894 1433.71 
895 1431.77 
896 1430.08 
897 1428.64 
898 1427.45 
899 1426.51 
900 1425.83 
901 1425.39 
902 1425.2 
903 1425.26 
904 1425.55 
905 1426.07 
906 1426.83 
907 1427.81 
908 1429.01 
909 1430.43 
910 1432.07 
911 1433.91 
912 1435.96 
913 1438.21 
914 1440.65 
915 1443.28 
916 1446.1 
917 1449.11 
918 1452.29 
919 1455.64 
920 1459.16 
921 1462.84 
922 1466.68 
923 1470.68 
924 1474.82 
925 1479.1 
926 1483.53 
927 1488.08 
928 1492.76 
929 1497.57 
930 1502.49 
931 1507.53 
932 1512.67 
933 1517.91 
934 1523.25 
935 1528.68 
936 1534.19 
937 1539.78 
938 1545.44 
939 1551.18 
940 1556.97 
941 1562.82 
942 1568.72 
943 1574.66 
944 1580.64 
945 1586.66 
946 1592.7 
947 1598.75 
948 1604.83 
949 1610.91 
950 1616.99 
951 1623.07 
952 1629.13 
953 1635.19 
954 1641.23 
955 1647.26 
956 1653.26 
957 1659.24 
958 1665.2 
959 1671.13 
960 1677.02 
961 1682.87 
962 1688.69 
963 1694.47 
964 1700.2 
965 1705.88 
966 1711.5 
967 1717.08 
968 1722.59 
969 1728.04 
970 1733.43 
971 1738.74 
972 1743.99 
973 1749.15 
974 1754.24 
975 1759.25 
976 1764.16 
977 1768.99 
978 1773.72 
979 1778.36 
980 1782.9 
981 1787.33 
982 1791.65 
983 1795.86 
984 1799.95 
985 1803.92 
986 1807.77 
987 1811.49 
988 1815.08 
989 1818.54 
990 1821.86 
991 1825.03 
992 1828.05 
993 1830.93 
994 1833.65 
995 1836.21 
996 1838.6 
997 1840.83 
998 1842.89 
999 1844.77 
1000 1846.47 
1001 1847.99 
1002 1849.33 
1003 1850.48 
1004 1851.45 
1005 1852.25 
1006 1852.86 
1007 1853.3 
1008 1853.56 
1009 1853.64 
1010 1853.55 
1011 1853.29 
1012 1852.86 
1013 1852.26 
1014 1851.49 
1015 1850.55 
1016 1849.44 
1017 1848.17 
1018 1846.74 
1019 1845.14 
1020 1843.38 
1021 1841.47 
1022 1839.39 
1023 1837.16 
1024 1834.77 
1025 1832.23 
1026 1829.54 
1027 1826.69 
1028 1823.7 
1029 1820.56 
1030 1817.27 
1031 1813.84 
1032 1810.26 
1033 1806.55 
1034 1802.69 
1035 1798.69 
1036 1794.56 
1037 1790.29 
1038 1785.89 
1039 1781.36 
1040 1776.69 
1041 1771.9 
1042 1766.98 
1043 1761.94 
1044 1756.77 
1045 1751.48 
1046 1746.07 
1047 1740.55 
1048 1734.9 
1049 1729.15 
1050 1723.28 
1051 1717.3 
1052 1711.21 
1053 1705.02 
1054 1698.73 
1055 1692.34 
1056 1685.86 
1057 1679.29 
1058 1672.63 
1059 1665.88 
1060 1659.06 
1061 1652.16 
1062 1645.19 
1063 1638.14 
1064 1631.03 
1065 1623.86 
1066 1616.63 
1067 1609.34 
1068 1602 
1069 1594.62 
1070 1587.19 
1071 1579.71 
1072 1572.21 
1073 1564.67 
1074 1557.1 
1075 1549.5 
1076 1541.89 
1077 1534.26 
1078 1526.61 
1079 1518.96 
1080 1511.3 
1081 1503.64 
1082 1495.98 
1083 1488.33 
1084 1480.69 
1085 1473.07 
1086 1465.46 
1087 1457.88 
1088 1450.33 
1089 1442.81 
1090 1435.33 
1091 1427.89 
1092 1420.5 
1093 1413.15 
1094 1405.86 
1095 1398.63 
1096 1391.46 
1097 1384.36 
1098 1377.33 
1099 1370.38 
1100 1363.51 
1101 1356.73 
1102 1350.04 
1103 1343.43 
1104 1336.92 
1105 1330.49 
1106 1324.16 
1107 1317.93 
1108 1311.79 
1109 1305.75 
1110 1299.8 
1111 1293.96 
1112 1288.21 
1113 1282.57 
1114 1277.03 
1115 1271.6 
1116 1266.27 
1117 1261.05 
1118 1255.94 
1119 1250.94 
1120 1246.05 
1121 1241.28 
1122 1236.62 
1123 1232.08 
1124 1227.65 
1125 1223.34 
1126 1219.16 
1127 1215.09 
1128 1211.15 
1129 1207.33 
1130 1203.64 
1131 1200.08 
1132 1196.65 
1133 1193.34 
1134 1190.17 
1135 1187.13 
1136 1184.23 
1137 1181.47 
1138 1178.84 
1139 1176.35 
1140 1174 
1141 1171.8 
1142 1169.74 
1143 1167.82 
1144 1166.05 
1145 1164.44 
1146 1162.97 
1147 1161.65 
1148 1160.49 
1149 1159.48 
1150 1158.63 
1151 1157.94 
1152 1157.4 
1153 1157.02 
1154 1156.78 
1155 1156.7 
1156 1156.77 
1157 1156.99 
1158 1157.35 
1159 1157.85 
1160 1158.49 
1161 1159.27 
1162 1160.19 
1163 1161.24 
1164 1162.42 
1165 1163.74 
1166 1165.18 
1167 1166.74 
1168 1168.43 
1169 1170.24 
1170 1172.17 
1171 1174.22 
1172 1176.37 
1173 1178.65 
1174 1181.03 
1175 1183.52 
1176 1186.11 
1177 1188.81 
1178 1191.6 
1179 1194.5 
1180 1197.49 
1181 1200.57 
1182 1203.74 
1183 1207 
1184 1210.35 
1185 1213.78 
1186 1217.29 
1187 1220.88 
1188 1224.54 
1189 1228.28 
1190 1232.08 
1191 1235.96 
1192 1239.9 
1193 1243.9 
1194 1247.96 
1195 1252.07 
1196 1256.24 
1197 1260.46 
1198 1264.73 
1199 1269.05 
1200 1273.41 
1201 1277.81 
1202 1282.24 
1203 1286.71 
1204 1291.22 
1205 1295.75 
1206 1300.31 
1207 1304.89 
1208 1309.49 
1209 1314.11 
1210 1318.74 
1211 1323.39 
1212 1328.05 
1213 1332.71 
1214 1337.38 
1215 1342.04 
1216 1346.71 
1217 1351.36 
1218 1356.01 
1219 1360.65 
1220 1365.27 
1221 1369.88 
1222 1374.46 
1223 1379.02 
1224 1383.56 
1225 1388.06 
1226 1392.53 
1227 1396.96 
1228 1401.36 
1229 1405.71 
1230 1410.01 
1231 1414.27 
1232 1418.47 
1233 1422.62 
1234 1426.7 
1235 1430.73 
1236 1434.68 
1237 1438.57 
1238 1442.39 
1239 1446.13 
1240 1449.78 
1241 1453.36 
1242 1456.85 
1243 1460.25 
1244 1463.55 
1245 1466.76 
1246 1469.86 
1247 1472.87 
1248 1475.76 
1249 1478.54 
1250 1481.21 
1251 1483.75 
1252 1486.18 
1253 1488.49 
1254 1490.68 
1255 1492.75 
1256 1494.69 
1257 1496.52 
1258 1498.23 
1259 1499.82 
1260 1501.28 
1261 1502.63 
1262 1503.85 
1263 1504.95 
1264 1505.93 
1265 1506.79 
1266 1507.52 
1267 1508.14 
1268 1508.63 
1269 1508.99 
1270 1509.24 
1271 1509.36 
1272 1509.36 
1273 1509.23 
1274 1508.98 
1275 1508.61 
1276 1508.11 
1277 1507.49 
1278 1506.74 
1279 1505.87 
1280 1504.88 
1281 1503.76 
1282 1502.51 
1283 1501.14 
1284 1499.65 
1285 1498.03 
1286 1496.28 
1287 1494.41 
1288 1492.41 
1289 1490.28 
1290 1488.03 
1291 1485.65 
1292 1483.15 
1293 1480.52 
1294 1477.76 
1295 1474.87 
1296 1471.86 
1297 1468.72 
1298 1465.45 
1299 1462.06 
1300 1458.53 
1301 1454.88 
1302 1451.11 
1303 1447.2 
1304 1443.18 
1305 1439.04 
1306 1434.78 
1307 1430.4 
1308 1425.91 
1309 1421.3 
1310 1416.59 
1311 1411.77 
1312 1406.84 
1313 1401.81 
1314 1396.67 
1315 1391.44 
1316 1386.11 
1317 1380.68 
1318 1375.16 
1319 1369.55 
1320 1363.85 
1321 1358.07 
1322 1352.2 
1323 1346.25 
1324 1340.21 
1325 1334.1 
1326 1327.92 
1327 1321.66 
1328 1315.33 
1329 1308.94 
1330 1302.47 
1331 1295.95 
1332 1289.36 
1333 1282.71 
1334 1276.01 
1335 1269.25 
1336 1262.44 
1337 1255.58 
1338 1248.68 
1339 1241.73 
1340 1234.74 
1341 1227.71 
1342 1220.64 
1343 1213.54 
1344 1206.4 
1345 1199.24 
1346 1192.05 
1347 1184.84 
1348 1177.61 
1349 1170.36 
1350 1163.09 
1351 1155.81 
1352 1148.52 
1353 1141.21 
1354 1133.91 
1355 1126.59 
1356 1119.27 
1357 1111.96 
1358 1104.64 
1359 1097.33 
1360 1090.02 
1361 1082.72 
1362 1075.43 
1363 1068.15 
1364 1060.89 
1365 1053.64 
1366 1046.41 
1367 1039.2 
1368 1032.01 
1369 1024.85 
1370 1017.72 
1371 1010.61 
1372 1003.54 
1373 996.505 
1374 989.503 
1375 982.541 
1376 975.619 
1377 968.741 
1378 961.909 
1379 955.125 
1380 948.392 
1381 941.711 
1382 935.086 
1383 928.519 
1384 922.011 
1385 915.567 
1386 909.187 
1387 902.875 
1388 896.633 
1389 890.463 
1390 884.368 
1391 878.351 
1392 872.414 
1393 866.559 
1394 860.789 
1395 855.107 
1396 849.516 
1397 844.017 
1398 838.613 
1399 833.308 
1400 828.103 
1401 823.001 
1402 818.002 
1403 813.106 
1404 808.313 
1405 803.622 
1406 799.033 
1407 794.547 
1408 790.163 
1409 785.88 
1410 781.698 
1411 777.618 
1412 773.638 
1413 769.76 
1414 765.982 
1415 762.304 
1416 758.726 
1417 755.248 
1418 751.869 
1419 748.59 
1420 745.41 
1421 742.328 
1422 739.345 
1423 736.46 
1424 733.673 
1425 730.984 
1426 728.392 
1427 725.897 
1428 723.5 
1429 721.198 
1430 718.993 
1431 716.884 
1432 714.871 
1433 712.953 
1434 711.13 
1435 709.402 
1436 707.768 
1437 706.229 
1438 704.783 
1439 703.431 
1440 702.172 
1441 701.006 
1442 699.932 
1443 698.951 
1444 698.061 
1445 697.263 
1446 696.556 
1447 695.94 
1448 695.414 
1449 694.979 
1450 694.633 
1451 694.377 
1452 694.208 
1453 694.125 
1454 694.127 
1455 694.212 
1456 694.377 
1457 694.623 
1458 694.946 
1459 695.345 
1460 695.819 
1461 696.365 
1462 696.983 
1463 697.67 
1464 698.424 
1465 699.244 
1466 700.128 
1467 701.074 
1468 702.08 
1469 703.145 
1470 704.267 
1471 705.444 
1472 706.674 
1473 707.955 
1474 709.286 
1475 710.664 
1476 712.088 
1477 713.556 
1478 715.065 
1479 716.615 
1480 718.203 
1481 719.826 
1482 721.484 
1483 723.175 
1484 724.895 
1485 726.644 
1486 728.419 
1487 730.218 
1488 732.04 
1489 733.882 
1490 735.742 
1491 737.619 
1492 739.509 
1493 741.412 
1494 743.325 
1495 745.245 
1496 747.172 
1497 749.102 
1498 751.033 
1499 752.965 
1500 754.893 
1501 756.817 
1502 758.734 
1503 760.645 
1504 762.547 
1505 764.439 
1506 766.321 
1507 768.19 
1508 770.047 
1509 771.888 
1510 773.714 
1511 775.523 
1512 777.314 
1513 779.085 
1514 780.836 
1515 782.565 
1516 784.27 
1517 785.951 
1518 787.605 
1519 789.233 
1520 790.832 
1521 792.402 
1522 793.941 
1523 795.447 
1524 796.919 
1525 798.357 
1526 799.758 
1527 801.121 
1528 802.445 
1529 803.729 
1530 804.971 
1531 806.171 
1532 807.325 
1533 808.434 
1534 809.495 
1535 810.508 
1536 811.47 
1537 812.382 
1538 813.24 
1539 814.044 
1540 814.792 
1541 815.483 
1542 816.115 
1543 816.688 
1544 817.199 
1545 817.646 
1546 818.03 
1547 818.347 
1548 818.597 
1549 818.778 
1550 818.889 
1551 818.929 
1552 818.897 
1553 818.794 
1554 818.621 
1555 818.379 
1556 818.068 
1557 817.689 
1558 817.242 
1559 816.728 
1560 816.147 
1561 815.502 
1562 814.791 
1563 814.015 
1564 813.176 
1565 812.273 
1566 811.309 
1567 810.282 
1568 809.194 
1569 808.046 
1570 806.838 
1571 805.571 
1572 804.245 
1573 802.861 
1574 801.421 
1575 799.924 
1576 798.372 
1577 796.764 
1578 795.102 
1579 793.387 
1580 791.619 
1581 789.799 
1582 787.927 
1583 786.005 
1584 784.032 
1585 782.011 
1586 779.941 
1587 777.824 
1588 775.659 
1589 773.448 
1590 771.192 
1591 768.892 
1592 766.547 
1593 764.159 
1594 761.729 
1595 759.257 
1596 756.745 
1597 754.192 
1598 751.601 
1599 748.971 
1600 746.303 
1601 743.599 
1602 740.859 
1603 738.084 
1604 735.277 
1605 732.436 
1606 729.565 
1607 726.664 
1608 723.734 
1609 720.777 
1610 717.793 
1611 714.784 
1612 711.751 
1613 708.695 
1614 705.617 
1615 702.519 
1616 699.401 
1617 696.266 
1618 693.113 
1619 689.945 
1620 686.763 
1621 683.568 
1622 680.36 
1623 677.143 
1624 673.915 
1625 670.68 
1626 667.438 
1627 664.19 
1628 660.939 
1629 657.684 
1630 654.427 
1631 651.17 
1632 647.915 
1633 644.661 
1634 641.411 
1635 638.166 
1636 634.927 
1637 631.696 
1638 628.474 
1639 625.262 
1640 622.062 
1641 618.874 
1642 615.702 
1643 612.545 
1644 609.405 
1645 606.284 
1646 603.182 
1647 600.103 
1648 597.046 
1649 594.013 
1650 591.006 
1651 588.025 
1652 585.073 
1653 582.149 
1654 579.253 
1655 576.387 
1656 573.551 
1657 570.745 
1658 567.971 
1659 565.228 
1660 562.517 
1661 559.84 
1662 557.196 
1663 554.586 
1664 552.011 
1665 549.471 
1666 546.967 
1667 544.499 
1668 542.069 
1669 539.676 
1670 537.322 
1671 535.007 
1672 532.731 
1673 530.495 
1674 528.301 
1675 526.148 
1676 524.037 
1677 521.968 
1678 519.943 
1679 517.962 
1680 516.026 
1681 514.135 
1682 512.29 
1683 510.491 
1684 508.74 
1685 507.036 
1686 505.381 
1687 503.776 
1688 502.22 
1689 500.714 
1690 499.26 
1691 497.857 
1692 496.507 
1693 495.211 
1694 493.968 
1695 492.779 
1696 491.646 
1697 490.569 
1698 489.548 
1699 488.584 
1700 487.679 
1701 486.831 
1702 486.042 
1703 485.31 
1704 484.634 
1705 484.013 
1706 483.448 
1707 482.936 
1708 482.478 
1709 482.072 
1710 481.717 
1711 481.414 
1712 481.161 
1713 480.957 
1714 480.801 
1715 480.693 
1716 480.631 
1717 480.616 
1718 480.646 
1719 480.72 
1720 480.838 
1721 480.998 
1722 481.2 
1723 481.443 
1724 481.726 
1725 482.048 
1726 482.409 
1727 482.807 
1728 483.242 
1729 483.712 
1730 484.217 
1731 484.757 
1732 485.329 
1733 485.934 
1734 486.57 
1735 487.236 
1736 487.932 
1737 488.656 
1738 489.408 
1739 490.187 
1740 490.991 
1741 491.821 
1742 492.674 
1743 493.55 
1744 494.449 
1745 495.368 
1746 496.308 
1747 497.267 
1748 498.244 
1749 499.238 
1750 500.248 
1751 501.274 
1752 502.315 
1753 503.369 
1754 504.435 
1755 505.514 
1756 506.604 
1757 507.704 
1758 508.813 
1759 509.931 
1760 511.056 
1761 512.188 
1762 513.326 
1763 514.469 
1764 515.616 
1765 516.766 
1766 517.918 
1767 519.072 
1768 520.226 
1769 521.38 
1770 522.533 
1771 523.683 
1772 524.83 
1773 525.973 
1774 527.111 
1775 528.243 
1776 529.368 
1777 530.485 
1778 531.593 
1779 532.692 
1780 533.78 
1781 534.856 
1782 535.92 
1783 536.97 
1784 538.005 
1785 539.025 
1786 540.029 
1787 541.015 
1788 541.982 
1789 542.93 
1790 543.858 
1791 544.764 
1792 545.648 
1793 546.508 
1794 547.344 
1795 548.154 
1796 548.937 
1797 549.693 
1798 550.421 
1799 551.119 
1800 551.786 
1801 552.421 
1802 553.025 
1803 553.597 
1804 554.136 
1805 554.643 
1806 555.117 
1807 555.559 
1808 555.968 
1809 556.343 
1810 556.685 
1811 556.993 
1812 557.268 
1813 557.509 
1814 557.716 
1815 557.888 
1816 558.026 
1817 558.13 
1818 558.198 
1819 558.232 
1820 558.23 
1821 558.193 
1822 558.12 
1823 558.012 
1824 557.867 
1825 557.686 
1826 557.469 
1827 557.216 
1828 556.925 
1829 556.598 
1830 556.233 
1831 555.831 
1832 555.392 
1833 554.915 
1834 554.4 
1835 553.847 
1836 553.255 
1837 552.625 
1838 551.957 
1839 551.249 
1840 550.502 
1841 549.716 
1842 548.891 
1843 548.026 
1844 547.121 
1845 546.175 
1846 545.19 
1847 544.164 
1848 543.097 
1849 541.989 
1850 540.841 
1851 539.651 
1852 538.42 
1853 537.149 
1854 535.838 
1855 534.488 
1856 533.1 
1857 531.674 
1858 530.21 
1859 528.709 
1860 527.172 
1861 525.6 
1862 523.992 
1863 522.349 
1864 520.673 
1865 518.963 
1866 517.221 
1867 515.446 
1868 513.639 
1869 511.802 
1870 509.934 
1871 508.036 
1872 506.109 
1873 504.153 
1874 502.169 
1875 500.158 
1876 498.12 
1877 496.056 
1878 493.966 
1879 491.851 
1880 489.712 
1881 487.55 
1882 485.364 
1883 483.156 
1884 480.926 
1885 478.675 
1886 476.403 
1887 474.111 
1888 471.801 
1889 469.471 
1890 467.124 
1891 464.76 
1892 462.379 
1893 459.982 
1894 457.57 
1895 455.143 
1896 452.702 
1897 450.249 
1898 447.782 
1899 445.304 
1900 442.814 
1901 440.314 
1902 437.805 
1903 435.287 
1904 432.761 
1905 430.228 
1906 427.69 
1907 425.146 
1908 422.599 
1909 420.048 
1910 417.496 
1911 414.942 
1912 412.389 
1913 409.836 
1914 407.285 
1915 404.737 
1916 402.192 
1917 399.653 
1918 397.119 
1919 394.592 
1920 392.072 
1921 389.561 
1922 387.06 
1923 384.57 
1924 382.092 
1925 379.626 
1926 377.174 
1927 374.737 
1928 372.316 
1929 369.911 
1930 367.525 
1931 365.157 
1932 362.81 
1933 360.483 
1934 358.179 
1935 355.897 
1936 353.64 
1937 351.408 
1938 349.203 
1939 347.025 
1940 344.875 
1941 342.755 
1942 340.666 
1943 338.609 
1944 336.584 
1945 334.593 
1946 332.637 
1947 330.718 
1948 328.836 
1949 326.992 
1950 325.187 
1951 323.423 
1952 321.699 
1953 320.014 
1954 318.367 
1955 316.758 
1956 315.185 
1957 313.649 
1958 312.147 
1959 310.68 
1960 309.247 
1961 307.847 
1962 306.478 
1963 305.141 
1964 303.834 
1965 302.557 
1966 301.309 
1967 300.089 
1968 298.895 
1969 297.729 
1970 296.587 
1971 295.471 
1972 294.378 
1973 293.308 
1974 292.26 
1975 291.234 
1976 290.228 
1977 289.242 
1978 288.275 
1979 287.325 
1980 286.392 
1981 285.476 
1982 284.575 
1983 283.688 
1984 282.815 
1985 281.955 
1986 281.106 
1987 280.268 
1988 279.441 
1989 278.622 
1990 277.811 
1991 277.008 
1992 276.211 
1993 275.42 
1994 274.633 
1995 273.85 
1996 273.069 
1997 272.291 
1998 271.513 
1999 270.735 
2000 269.956 
