2 1017.09 0.123014 0.0264072 
3 966.268 0.289955 0.0595751 
4 914.294 0.497474 0.100475 
5 875.357 0.743213 0.148284 
6 848.409 1.02486 0.2023 
7 830.862 1.3404 0.261926 
8 820.467 1.68796 0.326607 
9 814.944 2.06464 0.395468 
10 814.505 2.47245 0.468937 
11 816.49 2.90587 0.545447 
12 820.934 3.36589 0.62483 
13 826.553 3.84669 0.705725 
14 834.209 4.35315 0.788816 
15 843.733 4.88618 0.873921 
16 853.052 5.43044 0.957609 
17 862.753 5.98844 1.03998 
18 873.888 6.57044 1.12268 
19 886.735 7.18246 1.20652 
20 900.595 7.81903 1.29008 
21 914.183 8.46251 1.36955 
22 927.626 9.11175 1.44438 
23 941.357 9.77184 1.51522 
24 955.582 10.4461 1.58239 
25 970.236 11.1334 1.64535 
26 985.086 11.8286 1.70276 
27 1000.23 12.533 1.7546 
28 1015.78 13.2493 1.80107 
29 1031.68 13.9766 1.84172 
30 1047.72 14.7085 1.87504 
31 1063.64 15.4354 1.89884 
32 1079.52 16.1579 1.91299 
33 1095.56 16.8805 1.91817 
34 1111.9 17.6081 1.91507 
35 1128.67 18.3452 1.90437 
36 1145.91 19.0952 1.88655 
37 1163.65 19.8601 1.86178 
38 1181.82 20.6389 1.82972 
39 1200.32 21.4273 1.78932 
40 1218.93 22.2159 1.73856 
41 1237.48 22.9928 1.67497 
42 1255.96 23.7566 1.59813 
43 1274.47 24.5091 1.50829 
44 1293.05 25.2523 1.40572 
45 1311.77 25.9881 1.29071 
46 1330.67 26.7181 1.16348 
47 1349.77 27.4434 1.02416 
48 1369.08 28.164 0.872729 
49 1388.58 28.8791 0.708959 
50 1408.26 29.5861 0.532321 
51 1428.07 30.282 0.342192 
52 1448.05 30.9676 0.138728 
53 1468.21 31.6447 -0.0776936 
54 1488.61 32.3151 -0.306733 
55 1509.24 32.9798 -0.548121 
56 1530.12 33.6396 -0.80169 
57 1551.25 34.2941 -1.06742 
58 1572.62 34.9422 -1.34547 
59 1594.2 35.5814 -1.63623 
60 1615.97 36.2075 -1.9404 
61 1637.89 36.8163 -2.2587 
62 1659.97 37.4077 -2.59101 
63 1682.24 37.983 -2.93697 
64 1704.71 38.5431 -3.2962 
65 1727.39 39.0891 -3.66837 
66 1750.3 39.6214 -4.05318 
67 1773.44 40.1405 -4.45039 
68 1796.81 40.6459 -4.85986 
69 1820.4 41.137 -5.28151 
70 1844.22 41.612 -5.71543 
71 1868.24 42.0694 -6.16169 
72 1892.47 42.5097 -6.61996 
73 1916.94 42.9337 -7.08979 
74 1941.63 43.3423 -7.57075 
75 1966.57 43.7361 -8.06245 
76 1991.76 44.1154 -8.56456 
77 2017.19 44.4799 -9.07678 
78 2042.86 44.8292 -9.59891 
79 2068.77 45.1622 -10.1308 
80 2094.91 45.4771 -10.6725 
81 2121.26 45.7722 -11.224 
82 2147.84 46.0478 -11.7848 
83 2174.64 46.3049 -12.3544 
84 2201.68 46.5441 -12.9324 
85 2228.95 46.7662 -13.5181 
86 2256.46 46.9716 -14.1112 
87 2284.22 47.1604 -14.7112 
88 2312.21 47.3325 -15.3177 
89 2340.43 47.4876 -15.9304 
90 2368.88 47.6248 -16.5491 
91 2397.55 47.7432 -17.1734 
92 2426.43 47.8432 -17.8028 
93 2455.54 47.9255 -18.4369 
94 2484.88 47.9904 -19.075 
95 2514.43 48.0383 -19.7167 
96 2544.2 48.0692 -20.3616 
97 2574.18 48.083 -21.0091 
98 2604.37 48.0791 -21.6588 
99 2634.75 48.0567 -22.3106 
100 2665.33 48.0148 -22.964 
101 2696.09 47.9521 -23.6189 
102 2727.03 47.8695 -24.2745 
103 2758.15 47.768 -24.9303 
104 2789.45 47.6487 -25.5854 
105 2820.94 47.5129 -26.2394 
106 2852.62 47.3615 -26.8914 
107 2884.47 47.1957 -27.5408 
108 2916.51 47.0162 -28.187 
109 2948.73 46.8241 -28.8293 
110 2981.12 46.62 -29.467 
111 3013.68 46.4047 -30.0997 
112 3046.41 46.1785 -30.7266 
113 3079.29 45.9418 -31.3473 
114 3112.33 45.6948 -31.9612 
115 3145.51 45.4373 -32.5678 
116 3178.81 45.1691 -33.1667 
117 3212.24 44.8895 -33.7575 
118 3245.78 44.5978 -34.3398 
119 3279.42 44.2927 -34.9134 
120 3313.13 43.9727 -35.478 
121 3346.92 43.6365 -36.0333 
122 3380.77 43.2845 -36.5789 
123 3414.67 42.9178 -37.114 
124 3448.63 42.5373 -37.638 
125 3482.65 42.144 -38.1503 
126 3516.7 41.7388 -38.6503 
127 3550.8 41.3227 -39.1373 
128 3584.93 40.8964 -39.6109 
129 3619.09 40.4609 -40.0704 
130 3653.27 40.0169 -40.5152 
131 3687.47 39.565 -40.9448 
132 3721.66 39.106 -41.3586 
133 3755.86 38.6403 -41.7562 
134 3790.04 38.1683 -42.1371 
135 3824.2 37.6904 -42.5007 
136 3858.33 37.2069 -42.8467 
137 3892.41 36.7177 -43.1746 
138 3926.44 36.2227 -43.4841 
139 3960.41 35.7219 -43.7747 
140 3994.29 35.2146 -44.0462 
141 4028.08 34.7008 -44.2983 
142 4061.77 34.1809 -44.5304 
143 4095.35 33.6559 -44.7421 
144 4128.82 33.1268 -44.933 
145 4162.17 32.5944 -45.1026 
146 4195.39 32.0595 -45.2505 
147 4228.47 31.5228 -45.3761 
148 4261.41 30.9852 -45.4793 
149 4294.19 30.4474 -45.5594 
150 4326.81 29.9098 -45.6163 
151 4359.25 29.3732 -45.6495 
152 4391.52 28.838 -45.6588 
153 4423.59 28.3045 -45.6438 
154 4455.47 27.7732 -45.6042 
155 4487.13 27.2442 -45.5399 
156 4518.56 26.7176 -45.4505 
157 4549.76 26.1935 -45.3359 
158 4580.72 25.6717 -45.196 
159 4611.42 25.1519 -45.0305 
160 4641.85 24.6338 -44.8395 
161 4672 24.1172 -44.6227 
162 4701.85 23.6024 -44.3799 
163 4731.41 23.0904 -44.1111 
164 4760.67 22.5819 -43.8159 
165 4789.61 22.0775 -43.4942 
166 4818.22 21.5781 -43.1458 
167 4846.51 21.0842 -42.7706 
168 4874.47 20.5965 -42.3684 
169 4902.07 20.1155 -41.9392 
170 4929.33 19.6419 -41.4828 
171 4956.22 19.176 -40.9992 
172 4982.73 18.7183 -40.4883 
173 5008.87 18.2693 -39.9502 
174 5034.62 17.8291 -39.3847 
175 5059.98 17.3981 -38.792 
176 5084.92 16.9763 -38.172 
177 5109.45 16.564 -37.5248 
178 5133.56 16.1611 -36.8505 
179 5157.22 15.7676 -36.1491 
180 5180.45 15.3832 -35.4209 
181 5203.21 15.0079 -34.6659 
182 5225.52 14.642 -33.8843 
183 5247.36 14.2863 -33.0761 
184 5268.73 13.9412 -32.2415 
185 5289.61 13.6072 -31.3806 
186 5310.01 13.2849 -30.4935 
187 5329.92 12.9746 -29.5805 
188 5349.33 12.6769 -28.6417 
189 5368.23 12.392 -27.6773 
190 5386.63 12.1203 -26.6876 
191 5404.5 11.8621 -25.6728 
192 5421.86 11.6176 -24.6331 
193 5438.68 11.387 -23.5689 
194 5454.97 11.1704 -22.4803 
195 5470.72 10.9679 -21.3678 
196 5485.92 10.7796 -20.2317 
197 5500.57 10.6053 -19.0722 
198 5514.66 10.4449 -17.8898 
199 5528.19 10.2983 -16.6849 
200 5541.14 10.1651 -15.4578 
201 5553.52 10.0452 -14.2089 
202 5565.32 9.93885 -12.9387 
203 5576.54 9.84642 -11.6475 
204 5587.16 9.7683 -10.3359 
205 5597.2 9.70488 -9.0041 
206 5606.65 9.65647 -7.6527 
207 5615.5 9.62341 -6.28213 
208 5623.76 9.60596 -4.89286 
209 5631.42 9.60439 -3.48538 
210 5638.47 9.61892 -2.0602 
211 5644.92 9.64975 -0.617815 
212 5650.76 9.69705 0.841242 
213 5656 9.76094 2.31644 
214 5660.62 9.8415 3.80724 
215 5664.64 9.9388 5.31308 
216 5668.04 10.0528 6.8334 
217 5670.83 10.1836 8.36764 
218 5673 10.3309 9.9152 
219 5674.56 10.4948 11.4755 
220 5675.49 10.675 13.0479 
221 5675.81 10.8713 14.6319 
222 5675.52 11.0834 16.2268 
223 5674.6 11.3111 17.8321 
224 5673.06 11.5538 19.447 
225 5670.91 11.8111 21.071 
226 5668.13 12.0828 22.7034 
227 5664.74 12.3686 24.3436 
228 5660.73 12.6689 25.9908 
229 5656.1 12.9837 27.6445 
230 5650.86 13.3131 29.3037 
231 5645.01 13.6572 30.968 
232 5638.55 14.0159 32.6365 
233 5631.49 14.3894 34.3086 
234 5623.81 14.7777 35.9834 
235 5615.54 15.1807 37.6604 
236 5606.67 15.5984 39.3388 
237 5597.2 16.0307 41.0179 
238 5587.14 16.4776 42.697 
239 5576.49 16.9389 44.3752 
240 5565.26 17.4145 46.0521 
241 5553.44 17.9042 47.7267 
242 5541.05 18.4079 49.3985 
243 5528.09 18.9253 51.0666 
244 5514.56 19.4561 52.7305 
245 5500.46 20 54.3894 
246 5485.81 20.5568 56.0427 
247 5470.61 21.126 57.6896 
248 5454.86 21.7073 59.3295 
249 5438.57 22.3003 60.9617 
250 5421.75 22.9044 62.5856 
251 5404.4 23.5192 64.2005 
252 5386.52 24.1446 65.8057 
253 5368.13 24.7804 67.4004 
254 5349.23 25.4266 68.9837 
255 5329.82 26.083 70.555 
256 5309.91 26.7494 72.1134 
257 5289.5 27.4257 73.6582 
258 5268.61 28.1117 75.1886 
259 5247.24 28.8073 76.7039 
260 5225.39 29.5122 78.2033 
261 5203.08 30.2261 79.6861 
262 5180.31 30.949 81.1516 
263 5157.09 31.6804 82.599 
264 5133.42 32.4201 84.0277 
265 5109.31 33.1679 85.437 
266 5084.78 33.9234 86.8263 
267 5059.82 34.6864 88.1948 
268 5034.46 35.4563 89.542 
269 5008.69 36.233 90.8672 
270 4982.53 37.016 92.1698 
271 4955.98 37.8048 93.4494 
272 4929.06 38.5991 94.7052 
273 4901.77 39.3985 95.9368 
274 4874.13 40.2023 97.1437 
275 4846.14 41.0103 98.3253 
276 4817.81 41.8218 99.4813 
277 4789.16 42.6366 100.611 
278 4760.19 43.4544 101.714 
279 4730.92 44.275 102.789 
280 4701.34 45.0982 103.836 
281 4671.48 45.9235 104.855 
282 4641.33 46.7508 105.844 
283 4610.91 47.5798 106.804 
284 4580.24 48.4102 107.734 
285 4549.31 49.2416 108.633 
286 4518.14 50.0738 109.501 
287 4486.75 50.9064 110.338 
288 4455.13 51.7391 111.143 
289 4423.31 52.5716 111.916 
290 4391.29 53.4035 112.656 
291 4359.09 54.2345 113.363 
292 4326.71 55.0643 114.038 
293 4294.17 55.8923 114.679 
294 4261.49 56.7184 115.287 
295 4228.66 57.542 115.861 
296 4195.71 58.3628 116.402 
297 4162.64 59.1804 116.909 
298 4129.47 59.9944 117.382 
299 4096.22 60.8043 117.821 
300 4062.89 61.6097 118.226 
301 4029.5 62.4103 118.598 
302 3996.06 63.2057 118.936 
303 3962.56 63.9956 119.239 
304 3929.04 64.7798 119.507 
305 3895.48 65.558 119.739 
306 3861.9 66.3299 119.936 
307 3828.3 67.0952 120.097 
308 3794.7 67.8538 120.221 
309 3761.1 68.6053 120.308 
310 3727.51 69.3494 120.358 
311 3693.93 70.0859 120.37 
312 3660.38 70.8146 120.345 
313 3626.87 71.5351 120.281 
314 3593.39 72.2472 120.179 
315 3559.97 72.9506 120.039 
316 3526.6 73.6452 119.86 
317 3493.31 74.3305 119.641 
318 3460.08 75.0065 119.384 
319 3426.94 75.6727 119.088 
320 3393.9 76.3291 118.753 
321 3360.95 76.9752 118.378 
322 3328.11 77.611 117.964 
323 3295.39 78.2361 117.51 
324 3262.8 78.8504 117.017 
325 3230.34 79.4535 116.485 
326 3198.03 80.0454 115.914 
327 3165.86 80.6256 115.304 
328 3133.86 81.1941 114.655 
329 3102.03 81.7506 113.967 
330 3070.38 82.2949 113.241 
331 3038.92 82.8268 112.477 
332 3007.65 83.3461 111.675 
333 2976.59 83.8527 110.835 
334 2945.75 84.3462 109.959 
335 2915.13 84.8267 109.045 
336 2884.74 85.2937 108.096 
337 2854.6 85.7473 107.111 
338 2824.7 86.1873 106.09 
339 2795.07 86.6134 105.035 
340 2765.71 87.0256 103.947 
341 2736.63 87.4237 102.825 
342 2707.84 87.8075 101.67 
343 2679.34 88.177 100.484 
344 2651.16 88.532 99.2673 
345 2623.29 88.8725 98.0206 
346 2595.75 89.1983 96.7449 
347 2568.54 89.5093 95.4413 
348 2541.68 89.8055 94.1108 
349 2515.17 90.0868 92.7545 
350 2489.04 90.3531 91.3736 
351 2463.27 90.6044 89.9692 
352 2437.88 90.8405 88.5416 
353 2412.88 91.0613 87.0912 
354 2388.26 91.2667 85.6183 
355 2364.03 91.4565 84.1231 
356 2340.19 91.6306 82.6059 
357 2316.75 91.789 81.0672 
358 2293.7 91.9315 79.5071 
359 2271.06 92.0581 77.9261 
360 2248.82 92.1685 76.3246 
361 2226.99 92.2629 74.703 
362 2205.57 92.341 73.0616 
363 2184.56 92.4028 71.4008 
364 2163.97 92.4483 69.7212 
365 2143.79 92.4775 68.0232 
366 2124.03 92.4902 66.3072 
367 2104.69 92.4865 64.5737 
368 2085.78 92.4663 62.8233 
369 2067.28 92.4297 61.0565 
370 2049.22 92.3766 59.2738 
371 2031.58 92.3071 57.4757 
372 2014.37 92.2211 55.6629 
373 1997.6 92.1187 53.8359 
374 1981.25 92 51.9955 
375 1965.34 91.8649 50.1421 
376 1949.86 91.7137 48.2765 
377 1934.81 91.5462 46.3993 
378 1920.2 91.3627 44.5112 
379 1906.02 91.1633 42.613 
380 1892.28 90.948 40.7054 
381 1878.98 90.7169 38.7892 
382 1866.11 90.4703 36.865 
383 1853.67 90.2083 34.9338 
384 1841.67 89.931 32.9964 
385 1830.11 89.6386 31.0535 
386 1818.98 89.3313 29.1061 
387 1808.29 89.0094 27.1551 
388 1798.02 88.673 25.2013 
389 1788.19 88.3223 23.2458 
390 1778.8 87.9578 21.2894 
391 1769.83 87.5795 19.3331 
392 1761.28 87.1879 17.378 
393 1753.17 86.7831 15.4251 
394 1745.48 86.3656 13.4754 
395 1738.21 85.9357 11.53 
396 1731.36 85.4936 9.59009 
397 1724.94 85.0399 7.65673 
398 1718.93 84.5748 5.73109 
399 1713.33 84.0988 3.81435 
400 1708.14 83.6123 1.90774 
401 1703.36 83.1158 0.0123733 
402 1698.99 82.6093 -1.87108 
403 1695.02 82.0929 -3.74205 
404 1691.46 81.5668 -5.59999 
405 1688.29 81.0312 -7.44432 
406 1685.52 80.486 -9.27451 
407 1683.14 79.9315 -11.09 
408 1681.15 79.3677 -12.8902 
409 1679.56 78.7948 -14.6746 
410 1678.34 78.2131 -16.4426 
411 1677.51 77.6225 -18.1937 
412 1677.06 77.0232 -19.9273 
413 1676.97 76.4155 -21.6429 
414 1677.26 75.7995 -23.34 
415 1677.92 75.1753 -25.0179 
416 1678.94 74.5431 -26.6763 
417 1680.31 73.9032 -28.3145 
418 1682.04 73.2557 -29.932 
419 1684.12 72.6008 -31.5283 
420 1686.54 71.9387 -33.1028 
421 1689.29 71.2697 -34.6552 
422 1692.39 70.5939 -36.1847 
423 1695.81 69.9116 -37.6911 
424 1699.55 69.2229 -39.1736 
425 1703.61 68.5282 -40.632 
426 1707.98 67.8277 -42.0655 
427 1712.65 67.1216 -43.4739 
428 1717.62 66.4103 -44.8566 
429 1722.89 65.6939 -46.2131 
430 1728.44 64.9727 -47.543 
431 1734.27 64.247 -48.8458 
432 1740.37 63.5172 -50.1211 
433 1746.74 62.7834 -51.3685 
434 1753.36 62.0461 -52.5874 
435 1760.23 61.3055 -53.7776 
436 1767.35 60.5619 -54.9385 
437 1774.7 59.8157 -56.0697 
438 1782.28 59.0673 -57.171 
439 1790.07 58.3168 -58.2418 
440 1798.08 57.5648 -59.2818 
441 1806.28 56.8115 -60.2907 
442 1814.68 56.0574 -61.2681 
443 1823.26 55.3028 -62.2136 
444 1832.02 54.5481 -63.127 
445 1840.94 53.7938 -64.0078 
446 1850.02 53.0401 -64.8558 
447 1859.24 52.2875 -65.6707 
448 1868.6 51.5365 -66.4522 
449 1878.08 50.7875 -67.2001 
450 1887.67 50.0409 -67.914 
451 1897.38 49.2971 -68.5937 
452 1907.18 48.5564 -69.2391 
453 1917.08 47.8189 -69.8499 
454 1927.07 47.0849 -70.4258 
455 1937.15 46.3545 -70.9668 
456 1947.31 45.6279 -71.4726 
457 1957.56 44.9054 -71.9431 
458 1967.88 44.187 -72.3781 
459 1978.27 43.4731 -72.7776 
460 1988.72 42.7637 -73.1415 
461 1999.24 42.0591 -73.4696 
462 2009.82 41.3595 -73.7619 
463 2020.45 40.665 -74.0183 
464 2031.12 39.9758 -74.2389 
465 2041.84 39.2922 -74.4235 
466 2052.6 38.6142 -74.5723 
467 2063.38 37.9422 -74.6853 
468 2074.2 37.2762 -74.7624 
469 2085.03 36.6165 -74.8039 
470 2095.89 35.9632 -74.8097 
471 2106.75 35.3166 -74.7799 
472 2117.62 34.6768 -74.7148 
473 2128.49 34.0439 -74.6145 
474 2139.35 33.4182 -74.4792 
475 2150.2 32.7999 -74.309 
476 2161.03 32.189 -74.1043 
477 2171.84 31.5859 -73.8652 
478 2182.61 30.9906 -73.592 
479 2193.35 30.4034 -73.2851 
480 2204.05 29.8244 -72.9448 
481 2214.7 29.2537 -72.5714 
482 2225.29 28.6916 -72.1654 
483 2235.82 28.1382 -71.727 
484 2246.28 27.5936 -71.2569 
485 2256.66 27.0581 -70.7554 
486 2266.96 26.5318 -70.2231 
487 2277.17 26.0148 -69.6604 
488 2287.28 25.5074 -69.0679 
489 2297.29 25.0095 -68.4463 
490 2307.18 24.5215 -67.7961 
491 2316.96 24.0435 -67.118 
492 2326.61 23.5755 -66.4126 
493 2336.12 23.1178 -65.6808 
494 2345.5 22.6704 -64.9231 
495 2354.72 22.2336 -64.1405 
496 2363.78 21.8074 -63.3336 
497 2372.68 21.392 -62.5035 
498 2381.41 20.9875 -61.6509 
499 2389.95 20.594 -60.7768 
500 2398.3 20.2117 -59.8821 
501 2406.45 19.8406 -58.9677 
502 2414.41 19.481 -58.034 
503 2422.16 19.1327 -57.0813 
504 2429.71 18.796 -56.1099 
505 2437.06 18.4709 -55.1202 
506 2444.2 18.1575 -54.1123 
507 2451.14 17.8558 -53.0868 
508 2457.87 17.566 -52.0439 
509 2464.4 17.2879 -50.9841 
510 2470.72 17.0218 -49.9077 
511 2476.83 16.7677 -48.8151 
512 2482.73 16.5255 -47.7068 
513 2488.42 16.2954 -46.5832 
514 2493.91 16.0773 -45.4448 
515 2499.18 15.8713 -44.292 
516 2504.24 15.6774 -43.1254 
517 2509.08 15.4956 -41.9454 
518 2513.72 15.326 -40.7526 
519 2518.14 15.1684 -39.5475 
520 2522.35 15.023 -38.3307 
521 2526.34 14.8897 -37.1028 
522 2530.11 14.7685 -35.8643 
523 2533.67 14.6593 -34.6159 
524 2537.02 14.5621 -33.3583 
525 2540.14 14.477 -32.092 
526 2543.05 14.4038 -30.8177 
527 2545.74 14.3424 -29.5363 
528 2548.21 14.2929 -28.2482 
529 2550.46 14.2552 -26.9544 
530 2552.49 14.2291 -25.6556 
531 2554.3 14.2146 -24.3525 
532 2555.89 14.2117 -23.0459 
533 2557.26 14.2201 -21.7366 
534 2558.41 14.2399 -20.4256 
535 2559.33 14.2709 -19.1137 
536 2560.03 14.3129 -17.8016 
537 2560.52 14.3659 -16.4905 
538 2560.77 14.4296 -15.1811 
539 2560.81 14.504 -13.8745 
540 2560.62 14.5889 -12.5716 
541 2560.21 14.6841 -11.2734 
542 2559.57 14.7895 -9.981 
543 2558.71 14.9048 -8.69538 
544 2557.62 15.0299 -7.41764 
545 2556.31 15.1645 -6.14887 
546 2554.78 15.3085 -4.8902 
547 2553.02 15.4616 -3.64279 
548 2551.04 15.6236 -2.4078 
549 2548.83 15.7942 -1.18644 
550 2546.39 15.9732 0.0200629 
551 2543.73 16.1604 1.2106 
552 2540.85 16.3556 2.38466 
553 2537.75 16.5589 3.54187 
554 2534.43 16.7701 4.68187 
555 2530.9 16.9891 5.80428 
556 2527.16 17.216 6.90874 
557 2523.21 17.4506 7.99487 
558 2519.06 17.6928 9.06231 
559 2514.7 17.9426 10.1107 
560 2510.15 18.1998 11.1396 
561 2505.4 18.4644 12.1487 
562 2500.45 18.7362 13.1376 
563 2495.32 19.0152 14.106 
564 2490.01 19.3012 15.0535 
565 2484.51 19.5942 15.9796 
566 2478.84 19.8939 16.884 
567 2472.99 20.2002 17.7664 
568 2466.97 20.5131 18.6264 
569 2460.79 20.8324 19.4636 
570 2454.44 21.1579 20.2776 
571 2447.93 21.4895 21.068 
572 2441.27 21.827 21.8345 
573 2434.46 22.1703 22.5767 
574 2427.5 22.5191 23.2942 
575 2420.4 22.8734 23.9867 
576 2413.16 23.2328 24.6538 
577 2405.78 23.5973 25.2951 
578 2398.28 23.9667 25.9102 
579 2390.65 24.3406 26.4987 
580 2382.91 24.719 27.0604 
581 2375.04 25.1017 27.5948 
582 2367.07 25.4882 28.1015 
583 2358.99 25.8786 28.5802 
584 2350.8 26.2725 29.0305 
585 2342.52 26.6696 29.4521 
586 2334.15 27.0697 29.8445 
587 2325.7 27.4727 30.2075 
588 2317.16 27.8781 30.5406 
589 2308.54 28.2857 30.8434 
590 2299.85 28.6953 31.1157 
591 2291.1 29.1065 31.3571 
592 2282.29 29.5191 31.5671 
593 2273.42 29.9328 31.7455 
594 2264.5 30.3472 31.8918 
595 2255.54 30.762 32.0058 
596 2246.55 31.1769 32.087 
597 2237.51 31.5915 32.1352 
598 2228.46 32.0056 32.1499 
599 2219.38 32.4187 32.1308 
600 2210.29 32.8305 32.0776 
601 2201.19 33.2407 31.99 
602 2192.08 33.6492 31.8679 
603 2182.97 34.0557 31.7113 
604 2173.87 34.4603 31.5204 
605 2164.76 34.8629 31.2951 
606 2155.67 35.2633 31.0355 
607 2146.58 35.6614 30.7416 
608 2137.51 36.0571 30.4137 
609 2128.45 36.4504 30.0517 
610 2119.42 36.8411 29.6557 
611 2110.41 37.2291 29.226 
612 2101.43 37.6143 28.7626 
613 2092.48 37.9967 28.2657 
614 2083.56 38.376 27.7354 
615 2074.68 38.7521 27.172 
616 2065.84 39.1251 26.5756 
617 2057.05 39.4947 25.9464 
618 2048.3 39.8608 25.2847 
619 2039.61 40.2233 24.5906 
620 2030.98 40.5821 23.8645 
621 2022.4 40.937 23.1066 
622 2013.89 41.288 22.3172 
623 2005.44 41.635 21.4966 
624 1997.07 41.9777 20.645 
625 1988.77 42.3161 19.7629 
626 1980.55 42.65 18.8506 
627 1972.42 42.9794 17.9084 
628 1964.37 43.304 16.9367 
629 1956.42 43.6237 15.9359 
630 1948.55 43.9385 14.9064 
631 1940.79 44.2481 13.8487 
632 1933.14 44.5525 12.7631 
633 1925.59 44.8515 11.6503 
634 1918.15 45.1449 10.5105 
635 1910.83 45.4326 9.34446 
636 1903.63 45.7145 8.15254 
637 1896.56 45.9904 6.93532 
638 1889.62 46.2602 5.69336 
639 1882.81 46.5237 4.42724 
640 1876.14 46.7808 3.13755 
641 1869.61 47.0313 1.82491 
642 1863.23 47.2751 0.489958 
643 1857.01 47.512 -0.866653 
644 1850.94 47.7418 -2.24425 
645 1845.03 47.9644 -3.64212 
646 1839.29 48.1797 -5.05957 
647 1833.73 48.3874 -6.49584 
648 1828.34 48.5874 -7.95017 
649 1823.13 48.7796 -9.42179 
650 1818.1 48.9638 -10.9099 
651 1813.27 49.1397 -12.4137 
652 1808.63 49.3075 -13.9328 
653 1804.18 49.467 -15.4667 
654 1799.92 49.6182 -17.0151 
655 1795.85 49.7612 -18.5775 
656 1791.98 49.8959 -20.1535 
657 1788.3 50.0223 -21.7426 
658 1784.81 50.1403 -23.3443 
659 1781.51 50.2501 -24.9583 
660 1778.4 50.3515 -26.5839 
661 1775.48 50.4446 -28.2208 
662 1772.76 50.5293 -29.8683 
663 1770.23 50.6058 -31.526 
664 1767.88 50.6738 -33.1933 
665 1765.73 50.7336 -34.8697 
666 1763.78 50.7851 -36.5546 
667 1762.01 50.8282 -38.2474 
668 1760.43 50.863 -39.9475 
669 1759.04 50.8896 -41.6544 
670 1757.85 50.9079 -43.3674 
671 1756.84 50.918 -45.0858 
672 1756.03 50.9198 -46.809 
673 1755.4 50.9134 -48.5364 
674 1754.97 50.8989 -50.2673 
675 1754.72 50.8762 -52.001 
676 1754.66 50.8454 -53.7368 
677 1754.79 50.8065 -55.4739 
678 1755.11 50.7595 -57.2116 
679 1755.62 50.7046 -58.9492 
680 1756.31 50.6417 -60.6859 
681 1757.19 50.5709 -62.4209 
682 1758.26 50.4923 -64.1534 
683 1759.51 50.4058 -65.8827 
684 1760.95 50.3115 -67.6078 
685 1762.57 50.2096 -69.3279 
686 1764.38 50.1 -71.0422 
687 1766.37 49.9829 -72.7498 
688 1768.54 49.8582 -74.4497 
689 1770.9 49.7261 -76.1411 
690 1773.44 49.5866 -77.8231 
691 1776.16 49.4399 -79.4946 
692 1779.06 49.2859 -81.1547 
693 1782.15 49.1248 -82.8025 
694 1785.41 48.9566 -84.4369 
695 1788.85 48.7815 -86.057 
696 1792.46 48.5996 -87.6616 
697 1796.26 48.4108 -89.2497 
698 1800.23 48.2154 -90.8203 
699 1804.38 48.0134 -92.3723 
700 1808.7 47.805 -93.9045 
701 1813.19 47.5902 -95.4159 
702 1817.86 47.3692 -96.9061 
703 1822.69 47.1419 -98.3748 
704 1827.69 46.9084 -99.8215 
705 1832.85 46.6689 -101.246 
706 1838.17 46.4234 -102.648 
707 1843.65 46.172 -104.027 
708 1849.28 45.9148 -105.382 
709 1855.06 45.6518 -106.714 
710 1860.98 45.3831 -108.022 
711 1867.05 45.1089 -109.306 
712 1873.26 44.8292 -110.565 
713 1879.61 44.5441 -111.798 
714 1886.09 44.2537 -113.007 
715 1892.7 43.9581 -114.189 
716 1899.43 43.6574 -115.346 
717 1906.29 43.3518 -116.476 
718 1913.27 43.0413 -117.579 
719 1920.37 42.726 -118.655 
720 1927.57 42.4061 -119.703 
721 1934.89 42.0817 -120.724 
722 1942.31 41.7529 -121.716 
723 1949.83 41.4198 -122.679 
724 1957.44 41.0826 -123.614 
725 1965.15 40.7414 -124.519 
726 1972.95 40.3964 -125.395 
727 1980.83 40.0476 -126.24 
728 1988.8 39.6952 -127.055 
729 1996.84 39.3393 -127.84 
730 2004.95 38.9802 -128.593 
731 2013.14 38.618 -129.314 
732 2021.38 38.2527 -130.004 
733 2029.69 37.8847 -130.661 
734 2038.05 37.514 -131.286 
735 2046.47 37.1408 -131.878 
736 2054.93 36.7653 -132.437 
737 2063.43 36.3876 -132.961 
738 2071.97 36.008 -133.452 
739 2080.54 35.6266 -133.908 
740 2089.14 35.2436 -134.33 
741 2097.77 34.8592 -134.716 
742 2106.41 34.4736 -135.067 
743 2115.07 34.087 -135.382 
744 2123.73 33.6996 -135.661 
745 2132.4 33.3116 -135.903 
746 2141.07 32.9232 -136.108 
747 2149.74 32.5346 -136.276 
748 2158.39 32.1461 -136.406 
749 2167.03 31.7578 -136.498 
750 2175.64 31.37 -136.551 
751 2184.23 30.9829 -136.566 
752 2192.79 30.5966 -136.542 
753 2201.32 30.2112 -136.48 
754 2209.82 29.8267 -136.379 
755 2218.27 29.4433 -136.239 
756 2226.69 29.061 -136.062 
757 2235.06 28.6798 -135.846 
758 2243.39 28.3 -135.592 
759 2251.67 27.9215 -135.3 
760 2259.89 27.5444 -134.971 
761 2268.06 27.1689 -134.604 
762 2276.17 26.795 -134.2 
763 2284.22 26.4228 -133.758 
764 2292.21 26.0524 -133.28 
765 2300.13 25.6838 -132.765 
766 2307.97 25.3173 -132.214 
767 2315.75 24.9528 -131.626 
768 2323.44 24.5904 -131.003 
769 2331.06 24.2303 -130.344 
770 2338.59 23.8725 -129.649 
771 2346.04 23.5172 -128.92 
772 2353.39 23.1644 -128.155 
773 2360.66 22.8142 -127.356 
774 2367.82 22.4667 -126.523 
775 2374.89 22.1221 -125.656 
776 2381.85 21.7804 -124.756 
777 2388.7 21.4417 -123.822 
778 2395.45 21.1062 -122.856 
779 2402.08 20.7739 -121.858 
780 2408.59 20.4449 -120.827 
781 2414.98 20.1194 -119.765 
782 2421.25 19.7974 -118.673 
783 2427.39 19.4791 -117.549 
784 2433.39 19.1646 -116.395 
785 2439.26 18.854 -115.212 
786 2445 18.5473 -114 
787 2450.58 18.2448 -112.759 
788 2456.02 17.9465 -111.489 
789 2461.32 17.6526 -110.192 
790 2466.45 17.363 -108.868 
791 2471.43 17.0781 -107.518 
792 2476.24 16.7979 -106.142 
793 2480.89 16.5225 -104.74 
794 2485.37 16.252 -103.313 
795 2489.68 15.9865 -101.863 
796 2493.8 15.7263 -100.389 
797 2497.75 15.4714 -98.8923 
798 2501.5 15.2219 -97.3734 
799 2505.07 14.9779 -95.8332 
800 2508.44 14.7397 -94.2722 
801 2511.62 14.5072 -92.6911 
802 2514.6 14.2806 -91.0905 
803 2517.37 14.0599 -89.4707 
804 2519.95 13.845 -87.8322 
805 2522.33 13.636 -86.1754 
806 2524.51 13.4329 -84.5008 
807 2526.49 13.2356 -82.8089 
808 2528.27 13.0443 -81.1001 
809 2529.86 12.8589 -79.375 
810 2531.24 12.6794 -77.6339 
811 2532.42 12.5058 -75.8776 
812 2533.4 12.3381 -74.1064 
813 2534.19 12.1764 -72.3209 
814 2534.77 12.0206 -70.5217 
815 2535.16 11.8707 -68.7093 
816 2535.34 11.7267 -66.8843 
817 2535.33 11.5887 -65.0472 
818 2535.11 11.4566 -63.1988 
819 2534.7 11.3304 -61.3395 
820 2534.09 11.2101 -59.47 
821 2533.28 11.0957 -57.591 
822 2532.26 10.9872 -55.703 
823 2531.05 10.8846 -53.8067 
824 2529.64 10.7878 -51.9029 
825 2528.04 10.6969 -49.9922 
826 2526.23 10.6119 -48.0752 
827 2524.22 10.5327 -46.1527 
828 2522.02 10.4592 -44.2255 
829 2519.61 10.3916 -42.2942 
830 2517.01 10.3297 -40.3595 
831 2514.21 10.2736 -38.4224 
832 2511.21 10.2232 -36.4835 
833 2508.02 10.1785 -34.5435 
834 2504.63 10.1395 -32.6035 
835 2501.04 10.1061 -30.664 
836 2497.25 10.0783 -28.7261 
837 2493.26 10.0561 -26.7904 
838 2489.08 10.0395 -24.8579 
839 2484.71 10.0283 -22.9295 
840 2480.13 10.0227 -21.006 
841 2475.36 10.0225 -19.0884 
842 2470.4 10.0277 -17.1775 
843 2465.24 10.0382 -15.2743 
844 2459.88 10.0541 -13.3797 
845 2454.33 10.0752 -11.4947 
846 2448.59 10.1016 -9.6203 
847 2442.65 10.1331 -7.75746 
848 2436.52 10.1698 -5.9072 
849 2430.2 10.2116 -4.07054 
850 2423.68 10.2583 -2.24852 
851 2416.97 10.3101 -0.442065 
852 2410.07 10.3667 1.34835 
853 2402.98 10.4283 3.1224 
854 2395.71 10.4946 4.87974 
855 2388.26 10.5657 6.62001 
856 2380.63 10.6416 8.34287 
857 2372.82 10.722 10.048 
858 2364.84 10.8071 11.735 
859 2356.68 10.8967 13.4035 
860 2348.36 10.9907 15.0532 
861 2339.87 11.0892 16.6838 
862 2331.22 11.192 18.2948 
863 2322.41 11.299 19.8858 
864 2313.44 11.4103 21.4567 
865 2304.32 11.5257 23.0068 
866 2295.05 11.6451 24.536 
867 2285.63 11.7685 26.0438 
868 2276.06 11.8958 27.5298 
869 2266.36 12.0269 28.9936 
870 2256.51 12.1618 30.435 
871 2246.53 12.3003 31.8534 
872 2236.42 12.4423 33.2486 
873 2226.17 12.5879 34.62 
874 2215.81 12.7368 35.9674 
875 2205.31 12.889 37.2904 
876 2194.7 13.0444 38.5884 
877 2183.98 13.2029 39.8612 
878 2173.14 13.3644 41.1084 
879 2162.19 13.5288 42.3295 
880 2151.14 13.696 43.5241 
881 2139.99 13.8659 44.6919 
882 2128.73 14.0383 45.8323 
883 2117.38 14.2132 46.9451 
884 2105.94 14.3905 48.0297 
885 2094.42 14.5701 49.0858 
886 2082.8 14.7517 50.113 
887 2071.11 14.9354 51.1107 
888 2059.34 15.1209 52.0787 
889 2047.5 15.3082 53.0165 
890 2035.59 15.4971 53.9235 
891 2023.62 15.6876 54.7995 
892 2011.58 15.8794 55.6439 
893 1999.49 16.0724 56.4564 
894 1987.34 16.2665 57.2364 
895 1975.14 16.4616 57.9836 
896 1962.9 16.6575 58.6975 
897 1950.62 16.8541 59.3777 
898 1938.3 17.0512 60.0236 
899 1925.95 17.2487 60.6349 
900 1913.56 17.4464 61.211 
901 1901.16 17.6442 61.7517 
902 1888.73 17.842 62.2568 
903 1876.28 18.0398 62.7265 
904 1863.81 18.2375 63.1609 
905 1851.33 18.435 63.5599 
906 1838.84 18.6323 63.9238 
907 1826.34 18.8294 64.2526 
908 1813.84 19.0261 64.5464 
909 1801.33 19.2224 64.8053 
910 1788.82 19.4183 65.0295 
911 1776.31 19.6137 65.219 
912 1763.8 19.8086 65.3741 
913 1751.31 20.0028 65.4948 
914 1738.82 20.1963 65.5813 
915 1726.35 20.389 65.6338 
916 1713.9 20.5809 65.6524 
917 1701.46 20.7719 65.6373 
918 1689.05 20.962 65.5886 
919 1676.66 21.151 65.5066 
920 1664.3 21.3389 65.3915 
921 1651.97 21.5257 65.2434 
922 1639.68 21.7112 65.0626 
923 1627.42 21.8954 64.8493 
924 1615.21 22.0782 64.6038 
925 1603.03 22.2595 64.3262 
926 1590.91 22.4393 64.0167 
927 1578.83 22.6175 63.6758 
928 1566.8 22.794 63.3036 
929 1554.84 22.9687 62.9003 
930 1542.93 23.1415 62.4664 
931 1531.08 23.3125 62.0019 
932 1519.3 23.4814 61.5074 
933 1507.59 23.6481 60.983 
934 1495.95 23.8128 60.4291 
935 1484.39 23.9751 59.846 
936 1472.91 24.1351 59.2341 
937 1461.51 24.2926 58.5936 
938 1450.19 24.4476 57.925 
939 1438.97 24.6 57.2285 
940 1427.83 24.7497 56.5047 
941 1416.8 24.8965 55.7538 
942 1405.86 25.0405 54.9762 
943 1395.03 25.1814 54.1724 
944 1384.3 25.3193 53.3427 
945 1373.68 25.454 52.4877 
946 1363.18 25.5854 51.6076 
947 1352.8 25.7134 50.703 
948 1342.54 25.838 49.7743 
949 1332.4 25.9589 48.8219 
950 1322.39 26.0762 47.8464 
951 1312.51 26.1897 46.8482 
952 1302.77 26.2994 45.8277 
953 1293.16 26.4053 44.7852 
954 1283.68 26.5073 43.7213 
955 1274.34 26.6056 42.6362 
956 1265.13 26.7 41.5303 
957 1256.06 26.7906 40.4042 
958 1247.13 26.8773 39.2582 
959 1238.33 26.9602 38.0927 
960 1229.67 27.0392 36.9083 
961 1221.15 27.1143 35.7052 
962 1212.77 27.1856 34.4841 
963 1204.52 27.253 33.2454 
964 1196.42 27.3165 31.9896 
965 1188.45 27.3761 30.7171 
966 1180.62 27.4318 29.4285 
967 1172.94 27.4837 28.1242 
968 1165.4 27.5316 26.8049 
969 1158 27.5757 25.4709 
970 1150.74 27.6158 24.123 
971 1143.62 27.652 22.7615 
972 1136.65 27.6844 21.3872 
973 1129.82 27.7128 20.0005 
974 1123.14 27.7374 18.602 
975 1116.6 27.758 17.1923 
976 1110.21 27.7748 15.7721 
977 1103.96 27.7876 14.3419 
978 1097.86 27.7966 12.9024 
979 1091.91 27.8016 11.4542 
980 1086.1 27.8028 9.99789 
981 1080.45 27.8 8.53421 
982 1074.94 27.7934 7.0638 
983 1069.58 27.7829 5.58734 
984 1064.36 27.7686 4.1055 
985 1059.3 27.7503 2.61901 
986 1054.39 27.7283 1.12856 
987 1049.63 27.7023 -0.365121 
988 1045.02 27.6725 -1.86129 
989 1040.57 27.6389 -3.35922 
990 1036.26 27.6014 -4.85813 
991 1032.11 27.5601 -6.35726 
992 1028.11 27.515 -7.85583 
993 1024.26 27.4661 -9.35305 
994 1020.57 27.4134 -10.8481 
995 1017.03 27.357 -12.3402 
996 1013.65 27.2967 -13.8285 
997 1010.42 27.2327 -15.3121 
998 1007.35 27.165 -16.7902 
999 1004.44 27.0935 -18.262 
1000 1001.68 27.0184 -19.7265 
1001 999.076 26.9395 -21.1829 
1002 996.63 26.8569 -22.631 
1003 994.337 26.7708 -24.0703 
1004 992.197 26.681 -25.5006 
1005 990.207 26.5877 -26.9216 
1006 988.366 26.4909 -28.333 
1007 986.672 26.3906 -29.7346 
1008 985.123 26.2869 -31.1259 
1009 983.718 26.1798 -32.5067 
1010 982.455 26.0694 -33.8767 
1011 981.331 25.9556 -35.2355 
1012 980.346 25.8387 -36.5829 
1013 979.497 25.7185 -37.9186 
1014 978.783 25.5951 -39.2421 
1015 978.202 25.4687 -40.5532 
1016 977.751 25.3392 -41.8516 
1017 977.429 25.2066 -43.137 
1018 977.234 25.0712 -44.4089 
1019 977.163 24.9328 -45.667 
1020 977.216 24.7916 -46.9111 
1021 977.39 24.6476 -48.1408 
1022 977.683 24.5008 -49.3556 
1023 978.093 24.3514 -50.5554 
1024 978.617 24.1994 -51.7397 
1025 979.255 24.0447 -52.9081 
1026 980.003 23.8876 -54.0603 
1027 980.86 23.7281 -55.196 
1028 981.823 23.5662 -56.3147 
1029 982.891 23.402 -57.4161 
1030 984.061 23.2355 -58.4999 
1031 985.33 23.0669 -59.5656 
1032 986.698 22.8962 -60.6129 
1033 988.161 22.7234 -61.6413 
1034 989.717 22.5486 -62.6506 
1035 991.365 22.372 -63.6402 
1036 993.101 22.1935 -64.6099 
1037 994.923 22.0133 -65.5592 
1038 996.83 21.8315 -66.4876 
1039 998.818 21.648 -67.3949 
1040 1000.89 21.463 -68.2806 
1041 1003.03 21.2766 -69.1443 
1042 1005.25 21.0888 -69.9855 
1043 1007.54 20.8997 -70.8039 
1044 1009.9 20.7094 -71.5991 
1045 1012.33 20.5181 -72.3705 
1046 1014.82 20.3257 -73.1178 
1047 1017.37 20.1324 -73.8405 
1048 1019.99 19.9382 -74.5382 
1049 1022.66 19.7433 -75.2105 
1050 1025.38 19.5477 -75.8569 
1051 1028.16 19.3516 -76.477 
1052 1030.99 19.1549 -77.0708 
1053 1033.86 18.9577 -77.6384 
1054 1036.78 18.7601 -78.1797 
1055 1039.75 18.5621 -78.6949 
1056 1042.75 18.3637 -79.184 
1057 1045.8 18.165 -79.647 
1058 1048.88 17.9661 -80.084 
1059 1052 17.767 -80.495 
1060 1055.15 17.5677 -80.8802 
1061 1058.33 17.3683 -81.2396 
1062 1061.54 17.1689 -81.5733 
1063 1064.78 16.9694 -81.8813 
1064 1068.04 16.77 -82.1638 
1065 1071.33 16.5706 -82.4207 
1066 1074.63 16.3714 -82.6523 
1067 1077.96 16.1724 -82.8587 
1068 1081.3 15.9737 -83.0398 
1069 1084.65 15.7752 -83.1958 
1070 1088.01 15.5772 -83.3269 
1071 1091.38 15.3795 -83.433 
1072 1094.76 15.1823 -83.5145 
1073 1098.15 14.9856 -83.5713 
1074 1101.53 14.7896 -83.6036 
1075 1104.91 14.5941 -83.6115 
1076 1108.3 14.3994 -83.5952 
1077 1111.67 14.2054 -83.5548 
1078 1115.04 14.0123 -83.4904 
1079 1118.39 13.82 -83.4023 
1080 1121.74 13.6288 -83.2904 
1081 1125.07 13.4385 -83.1551 
1082 1128.38 13.2493 -82.9964 
1083 1131.67 13.0612 -82.8146 
1084 1134.94 12.8743 -82.6097 
1085 1138.18 12.6888 -82.382 
1086 1141.4 12.5045 -82.1317 
1087 1144.58 12.3217 -81.8589 
1088 1147.73 12.1403 -81.5638 
1089 1150.85 11.9605 -81.2467 
1090 1153.92 11.7823 -80.9077 
1091 1156.96 11.6058 -80.547 
1092 1159.95 11.431 -80.1649 
1093 1162.89 11.2581 -79.7615 
1094 1165.79 11.0871 -79.3371 
1095 1168.63 10.918 -78.8919 
1096 1171.42 10.751 -78.4261 
1097 1174.15 10.5861 -77.94 
1098 1176.82 10.4235 -77.4338 
1099 1179.43 10.2631 -76.9078 
1100 1181.97 10.1051 -76.3622 
1101 1184.45 9.94949 -75.7972 
1102 1186.85 9.79635 -75.2132 
1103 1189.18 9.64566 -74.6105 
1104 1191.45 9.49744 -73.9894 
1105 1193.64 9.35169 -73.3502 
1106 1195.76 9.20842 -72.6932 
1107 1197.81 9.06765 -72.0187 
1108 1199.79 8.92937 -71.3272 
1109 1201.69 8.79361 -70.6189 
1110 1203.52 8.66035 -69.8941 
1111 1205.28 8.52962 -69.1533 
1112 1206.96 8.40142 -68.3968 
1113 1208.57 8.27575 -67.625 
1114 1210.1 8.15262 -66.8382 
1115 1211.55 8.03205 -66.0368 
1116 1212.93 7.91403 -65.2212 
1117 1214.23 7.79857 -64.3918 
1118 1215.46 7.68569 -63.5491 
1119 1216.6 7.57537 -62.6933 
1120 1217.67 7.46764 -61.825 
1121 1218.66 7.36249 -60.9445 
1122 1219.56 7.25993 -60.0523 
1123 1220.39 7.15997 -59.1488 
1124 1221.14 7.06261 -58.2344 
1125 1221.8 6.96786 -57.3096 
1126 1222.38 6.87571 -56.3749 
1127 1222.88 6.78618 -55.4308 
1128 1223.3 6.69926 -54.4776 
1129 1223.63 6.61497 -53.5159 
1130 1223.88 6.5333 -52.5461 
1131 1224.04 6.45425 -51.5688 
1132 1224.12 6.37784 -50.5844 
1133 1224.12 6.30407 -49.5935 
1134 1224.02 6.23292 -48.5965 
1135 1223.84 6.16442 -47.594 
1136 1223.57 6.09856 -46.5866 
1137 1223.21 6.03534 -45.5747 
1138 1222.77 5.97476 -44.5589 
1139 1222.23 5.91683 -43.5398 
1140 1221.61 5.86155 -42.5179 
1141 1220.89 5.80891 -41.4937 
1142 1220.09 5.75892 -40.4679 
1143 1219.19 5.71158 -39.4411 
1144 1218.2 5.66689 -38.4138 
1145 1217.12 5.62484 -37.3867 
1146 1215.94 5.58545 -36.3602 
1147 1214.67 5.54869 -35.3352 
1148 1213.31 5.51459 -34.3121 
1149 1211.85 5.48313 -33.2917 
1150 1210.29 5.45431 -32.2745 
1151 1208.64 5.42813 -31.2611 
1152 1206.89 5.40456 -30.252 
1153 1205.05 5.3836 -29.2472 
1154 1203.12 5.36522 -28.247 
1155 1201.09 5.34938 -27.2517 
1156 1198.98 5.33608 -26.2616 
1157 1196.77 5.32529 -25.2768 
1158 1194.48 5.31698 -24.2977 
1159 1192.1 5.31113 -23.3245 
1160 1189.64 5.30771 -22.3575 
1161 1187.09 5.3067 -21.3969 
1162 1184.46 5.30807 -20.4431 
1163 1181.75 5.3118 -19.4962 
1164 1178.96 5.31785 -18.5565 
1165 1176.09 5.3262 -17.6244 
1166 1173.14 5.33682 -16.7001 
1167 1170.11 5.34967 -15.7838 
1168 1167.01 5.36474 -14.8759 
1169 1163.84 5.38199 -13.9767 
1170 1160.59 5.40139 -13.0865 
1171 1157.28 5.4229 -12.2054 
1172 1153.89 5.4465 -11.3339 
1173 1150.44 5.47214 -10.4723 
1174 1146.92 5.49981 -9.62078 
1175 1143.33 5.52945 -8.77971 
1176 1139.69 5.56105 -7.9494 
1177 1135.97 5.59455 -7.13015 
1178 1132.2 5.62993 -6.32229 
1179 1128.37 5.66715 -5.52612 
1180 1124.48 5.70618 -4.74197 
1181 1120.54 5.74696 -3.97017 
1182 1116.54 5.78947 -3.21103 
1183 1112.48 5.83366 -2.4649 
1184 1108.38 5.8795 -1.7321 
1185 1104.22 5.92694 -1.01296 
1186 1100.02 5.97594 -0.307839 
1187 1095.77 6.02646 0.382933 
1188 1091.47 6.07846 1.05901 
1189 1087.13 6.13189 1.72003 
1190 1082.75 6.18671 2.36566 
1191 1078.32 6.24287 2.99553 
1192 1073.86 6.30033 3.60929 
1193 1069.36 6.35903 4.20657 
1194 1064.82 6.41895 4.787 
1195 1060.25 6.48001 5.35022 
1196 1055.65 6.54219 5.89586 
1197 1051.01 6.60542 6.42354 
1198 1046.35 6.66966 6.93288 
1199 1041.66 6.73485 7.4235 
1200 1036.94 6.80095 7.89501 
1201 1032.2 6.86791 8.34709 
1202 1027.44 6.93568 8.77969 
1203 1022.65 7.00425 9.19282 
1204 1017.84 7.07357 9.58652 
1205 1013.02 7.14362 9.96079 
1206 1008.18 7.21436 10.3157 
1207 1003.32 7.28576 10.6512 
1208 998.443 7.35778 10.9674 
1209 993.555 7.4304 11.2642 
1210 988.654 7.50357 11.5418 
1211 983.742 7.57727 11.8002 
1212 978.821 7.65145 12.0393 
1213 973.891 7.72608 12.2593 
1214 968.955 7.80112 12.4602 
1215 964.012 7.87654 12.642 
1216 959.065 7.95229 12.8047 
1217 954.116 8.02834 12.9485 
1218 949.165 8.10466 13.0733 
1219 944.214 8.1812 13.1793 
1220 939.264 8.25791 13.2664 
1221 934.317 8.33477 13.3348 
1222 929.374 8.41173 13.3844 
1223 924.437 8.48875 13.4154 
1224 919.507 8.56579 13.4278 
1225 914.586 8.6428 13.4217 
1226 909.674 8.71974 13.3971 
1227 904.774 8.79657 13.3542 
1228 899.888 8.87324 13.2929 
1229 895.015 8.94971 13.2134 
1230 890.159 9.02594 13.1158 
1231 885.321 9.10188 13.0001 
1232 880.501 9.17747 12.8664 
1233 875.702 9.25269 12.7148 
1234 870.926 9.32747 12.5454 
1235 866.173 9.40177 12.3582 
1236 861.445 9.47554 12.1535 
1237 856.744 9.54873 11.9312 
1238 852.072 9.6213 11.6914 
1239 847.43 9.69319 11.4343 
1240 842.819 9.76435 11.16 
1241 838.242 9.83473 10.8686 
1242 833.699 9.90427 10.5601 
1243 829.193 9.97294 10.2347 
1244 824.726 10.0407 9.89258 
1245 820.298 10.1074 9.53374 
1246 815.911 10.1731 9.15834 
1247 811.568 10.2377 8.76651 
1248 807.27 10.3011 8.35837 
1249 803.018 10.3633 7.93405 
1250 798.814 10.4242 7.49367 
1251 794.66 10.4839 7.0374 
1252 790.556 10.5422 6.56546 
1253 786.504 10.5991 6.07812 
1254 782.502 10.6547 5.57562 
1255 778.553 10.709 5.05825 
1256 774.656 10.7618 4.52627 
1257 770.812 10.8134 3.97995 
1258 767.022 10.8635 3.41957 
1259 763.285 10.9123 2.84542 
1260 759.604 10.9597 2.25779 
1261 755.977 11.0057 1.65696 
1262 752.405 11.0503 1.04324 
1263 748.89 11.0936 0.416927 
1264 745.431 11.1354 -0.221673 
1265 742.03 11.1758 -0.872247 
1266 738.686 11.2148 -1.53448 
1267 735.4 11.2523 -2.20805 
1268 732.173 11.2885 -2.89263 
1269 729.006 11.3232 -3.5879 
1270 725.898 11.3564 -4.29351 
1271 722.85 11.3883 -5.00913 
1272 719.863 11.4187 -5.7344 
1273 716.938 11.4476 -6.46899 
1274 714.074 11.475 -7.21254 
1275 711.273 11.501 -7.96468 
1276 708.536 11.5256 -8.72506 
1277 705.861 11.5486 -9.4933 
1278 703.251 11.5702 -10.269 
1279 700.706 11.5903 -11.0519 
1280 698.225 11.6089 -11.8414 
1281 695.811 11.626 -12.6373 
1282 693.463 11.6416 -13.4391 
1283 691.182 11.6557 -14.2465 
1284 688.968 11.6683 -15.0589 
1285 686.823 11.6794 -15.8762 
1286 684.746 11.689 -16.6977 
1287 682.738 11.697 -17.523 
1288 680.8 11.7036 -18.3519 
1289 678.932 11.7086 -19.1837 
1290 677.136 11.712 -20.0182 
1291 675.41 11.7139 -20.8547 
1292 673.757 11.7143 -21.693 
1293 672.176 11.7131 -22.5325 
1294 670.669 11.7104 -23.3727 
1295 669.235 11.7061 -24.2133 
1296 667.876 11.7002 -25.0537 
1297 666.592 11.6928 -25.8935 
1298 665.383 11.6838 -26.7321 
1299 664.251 11.6732 -27.5691 
1300 663.195 11.6611 -28.404 
1301 662.216 11.6474 -29.2364 
1302 661.314 11.6321 -30.0659 
1303 660.487 11.6152 -30.8924 
1304 659.735 11.5969 -31.7157 
1305 659.057 11.5769 -32.5354 
1306 658.451 11.5555 -33.3515 
1307 657.918 11.5326 -34.1637 
1308 657.455 11.5082 -34.9718 
1309 657.062 11.4823 -35.7755 
1310 656.738 11.4549 -36.5746 
1311 656.483 11.4261 -37.369 
1312 656.294 11.3959 -38.1582 
1313 656.172 11.3643 -38.9422 
1314 656.115 11.3312 -39.7206 
1315 656.122 11.2968 -40.4933 
1316 656.192 11.2611 -41.26 
1317 656.325 11.2239 -42.0205 
1318 656.518 11.1855 -42.7744 
1319 656.772 11.1457 -43.5216 
1320 657.085 11.1047 -44.2617 
1321 657.456 11.0624 -44.9947 
1322 657.884 11.0188 -45.7201 
1323 658.368 10.9739 -46.4377 
1324 658.907 10.9279 -47.1473 
1325 659.5 10.8806 -47.8486 
1326 660.145 10.8322 -48.5413 
1327 660.843 10.7826 -49.2252 
1328 661.591 10.7319 -49.9 
1329 662.388 10.68 -50.5654 
1330 663.235 10.6271 -51.2211 
1331 664.128 10.573 -51.8669 
1332 665.068 10.5179 -52.5024 
1333 666.053 10.4618 -53.1274 
1334 667.082 10.4046 -53.7417 
1335 668.153 10.3465 -54.3448 
1336 669.267 10.2874 -54.9366 
1337 670.421 10.2273 -55.5166 
1338 671.614 10.1663 -56.0847 
1339 672.846 10.1044 -56.6406 
1340 674.114 10.0416 -57.1838 
1341 675.419 9.97801 -57.7141 
1342 676.758 9.91355 -58.2313 
1343 678.131 9.84829 -58.7349 
1344 679.536 9.78226 -59.2247 
1345 680.972 9.71547 -59.7003 
1346 682.437 9.64795 -60.1615 
1347 683.932 9.57973 -60.6079 
1348 685.454 9.51083 -61.0392 
1349 687.001 9.44129 -61.455 
1350 688.574 9.37113 -61.8551 
1351 690.17 9.30037 -62.2391 
1352 691.789 9.22904 -62.607 
1353 693.429 9.15715 -62.9588 
1354 695.09 9.08472 -63.2945 
1355 696.769 9.01178 -63.6142 
1356 698.467 8.93834 -63.9178 
1357 700.182 8.86442 -64.2054 
1358 701.912 8.79004 -64.477 
1359 703.657 8.71522 -64.7326 
1360 705.416 8.63998 -64.9722 
1361 707.187 8.56434 -65.1959 
1362 708.969 8.48833 -65.4036 
1363 710.762 8.41196 -65.5954 
1364 712.563 8.33525 -65.7714 
1365 714.372 8.25824 -65.9315 
1366 716.187 8.18093 -66.0757 
1367 718.008 8.10335 -66.2042 
1368 719.833 8.02553 -66.3169 
1369 721.661 7.94748 -66.4139 
1370 723.49 7.86923 -66.4952 
1371 725.32 7.7908 -66.5609 
1372 727.149 7.71222 -66.6109 
1373 728.976 7.63351 -66.6453 
1374 730.8 7.55469 -66.6642 
1375 732.62 7.47579 -66.6676 
1376 734.434 7.39683 -66.6555 
1377 736.24 7.31784 -66.628 
1378 738.039 7.23884 -66.5851 
1379 739.828 7.15986 -66.5269 
1380 741.606 7.08092 -66.4535 
1381 743.371 7.00205 -66.3648 
1382 745.124 6.92328 -66.2609 
1383 746.862 6.84463 -66.1419 
1384 748.583 6.76613 -66.0078 
1385 750.287 6.6878 -65.8588 
1386 751.973 6.60968 -65.6947 
1387 753.638 6.53179 -65.5158 
1388 755.282 6.45416 -65.3221 
1389 756.904 6.37681 -65.1135 
1390 758.501 6.29978 -64.8903 
1391 760.072 6.2231 -64.6524 
1392 761.617 6.14679 -64.4 
1393 763.134 6.07088 -64.133 
1394 764.621 5.9954 -63.8517 
1395 766.077 5.92039 -63.5559 
1396 767.5 5.84587 -63.2459 
1397 768.89 5.77188 -62.9217 
1398 770.244 5.69844 -62.5833 
1399 771.562 5.62558 -62.2308 
1400 772.841 5.55335 -61.8644 
1401 774.082 5.48176 -61.4841 
1402 775.282 5.41083 -61.0902 
1403 776.442 5.34057 -60.6827 
1404 777.563 5.27098 -60.2619 
1405 778.642 5.20209 -59.828 
1406 779.681 5.13389 -59.3812 
1407 780.679 5.0664 -58.9217 
1408 781.636 4.99963 -58.4498 
1409 782.552 4.93358 -57.9655 
1410 783.426 4.86827 -57.4693 
1411 784.258 4.80371 -56.9612 
1412 785.048 4.73991 -56.4415 
1413 785.796 4.67687 -55.9104 
1414 786.501 4.61462 -55.3682 
1415 787.164 4.55315 -54.8151 
1416 787.783 4.49248 -54.2514 
1417 788.36 4.43261 -53.6771 
1418 788.893 4.37357 -53.0927 
1419 789.382 4.31536 -52.4984 
1420 789.827 4.25799 -51.8944 
1421 790.229 4.20146 -51.2809 
1422 790.586 4.1458 -50.6582 
1423 790.898 4.09102 -50.0266 
1424 791.165 4.03711 -49.3864 
1425 791.387 3.9841 -48.7377 
1426 791.564 3.932 -48.081 
1427 791.696 3.88081 -47.4164 
1428 791.782 3.83054 -46.7442 
1429 791.821 3.78122 -46.0647 
1430 791.815 3.73284 -45.3782 
1431 791.761 3.68542 -44.6849 
1432 791.661 3.63898 -43.9853 
1433 791.515 3.59352 -43.2795 
1434 791.32 3.54905 -42.5678 
1435 791.079 3.50559 -41.8506 
1436 790.79 3.46315 -41.1282 
1437 790.452 3.42173 -40.4009 
1438 790.067 3.38136 -39.6689 
1439 789.633 3.34203 -38.9326 
1440 789.15 3.30378 -38.1924 
1441 788.619 3.26659 -37.4485 
1442 788.038 3.2305 -36.7012 
1443 787.408 3.1955 -35.951 
1444 786.728 3.16162 -35.1981 
1445 785.999 3.12886 -34.4428 
1446 785.219 3.09724 -33.6856 
1447 784.388 3.06676 -32.9267 
1448 783.508 3.03744 -32.1665 
1449 782.576 3.0093 -31.4054 
1450 781.593 2.98234 -30.6437 
1451 780.558 2.95658 -29.8817 
1452 779.473 2.932 -29.1197 
1453 778.337 2.90861 -28.3579 
1454 777.15 2.88639 -27.5963 
1455 775.914 2.86533 -26.8354 
1456 774.628 2.84543 -26.0751 
1457 773.293 2.82667 -25.3157 
1458 771.908 2.80905 -24.5575 
1459 770.475 2.79256 -23.8006 
1460 768.994 2.77718 -23.0451 
1461 767.465 2.76291 -22.2914 
1462 765.889 2.74974 -21.5397 
1463 764.266 2.73766 -20.79 
1464 762.596 2.72666 -20.0427 
1465 760.88 2.71672 -19.2979 
1466 759.117 2.70784 -18.5559 
1467 757.31 2.70001 -17.8168 
1468 755.457 2.69321 -17.081 
1469 753.559 2.68743 -16.3486 
1470 751.617 2.68267 -15.6198 
1471 749.631 2.6789 -14.8948 
1472 747.602 2.67613 -14.174 
1473 745.529 2.67434 -13.4574 
1474 743.414 2.67351 -12.7454 
1475 741.257 2.67363 -12.0382 
1476 739.057 2.67469 -11.3359 
1477 736.816 2.67669 -10.6389 
1478 734.534 2.67959 -9.94744 
1479 732.212 2.6834 -9.26166 
1480 729.849 2.6881 -8.58184 
1481 727.446 2.69368 -7.90823 
1482 725.004 2.70012 -7.24108 
1483 722.523 2.7074 -6.58064 
1484 720.004 2.71552 -5.92716 
1485 717.447 2.72446 -5.28089 
1486 714.852 2.73421 -4.6421 
1487 712.22 2.74475 -4.01103 
1488 709.551 2.75607 -3.38795 
1489 706.846 2.76814 -2.77312 
1490 704.105 2.78097 -2.16681 
1491 701.329 2.79452 -1.56929 
1492 698.518 2.80879 -0.980828 
1493 695.673 2.82377 -0.401692 
1494 692.794 2.83942 0.167839 
1495 689.881 2.85574 0.727489 
1496 686.935 2.87272 1.27698 
1497 683.957 2.89033 1.81602 
1498 680.947 2.90856 2.34434 
1499 677.905 2.92739 2.86165 
1500 674.832 2.9468 3.36765 
1501 671.728 2.96678 3.8621 
1502 668.595 2.98731 4.34494 
1503 665.433 3.00839 4.81614 
1504 662.243 3.02998 5.27569 
1505 659.026 3.05209 5.72356 
1506 655.782 3.07469 6.15974 
1507 652.514 3.09777 6.58421 
1508 649.22 3.12132 6.99695 
1509 645.903 3.14532 7.39795 
1510 642.564 3.16975 7.78718 
1511 639.202 3.1946 8.16463 
1512 635.82 3.21986 8.53029 
1513 632.417 3.2455 8.88414 
1514 628.996 3.27152 9.22616 
1515 625.556 3.29789 9.55635 
1516 622.099 3.3246 9.87468 
1517 618.626 3.35163 10.1811 
1518 615.137 3.37897 10.4757 
1519 611.634 3.4066 10.7584 
1520 608.117 3.4345 11.0292 
1521 604.588 3.46266 11.2881 
1522 601.047 3.49105 11.5351 
1523 597.496 3.51966 11.7701 
1524 593.934 3.54847 11.9932 
1525 590.364 3.57746 12.2043 
1526 586.787 3.60662 12.4034 
1527 583.202 3.63592 12.5906 
1528 579.612 3.66535 12.7659 
1529 576.017 3.69489 12.9291 
1530 572.418 3.72451 13.0804 
1531 568.817 3.75421 13.2196 
1532 565.214 3.78395 13.3469 
1533 561.609 3.81373 13.4621 
1534 558.005 3.84352 13.5654 
1535 554.403 3.87329 13.6566 
1536 550.802 3.90304 13.7358 
1537 547.205 3.93273 13.8031 
1538 543.613 3.96235 13.8583 
1539 540.025 3.99188 13.9014 
1540 536.444 4.02129 13.9326 
1541 532.871 4.05057 13.9517 
1542 529.306 4.07969 13.9589 
1543 525.751 4.10863 13.954 
1544 522.206 4.13737 13.9371 
1545 518.674 4.16589 13.9082 
1546 515.154 4.19416 13.8673 
1547 511.648 4.22216 13.8144 
1548 508.156 4.24987 13.7495 
1549 504.681 4.27726 13.6726 
1550 501.224 4.30432 13.5837 
1551 497.784 4.33101 13.4829 
1552 494.363 4.35734 13.3702 
1553 490.962 4.3833 13.2458 
1554 487.58 4.40888 13.11 
1555 484.219 4.43409 12.9627 
1556 480.879 4.4589 12.8042 
1557 477.56 4.48333 12.6346 
1558 474.262 4.50737 12.4541 
1559 470.988 4.53101 12.2629 
1560 467.736 4.55425 12.061 
1561 464.507 4.57708 11.8487 
1562 461.303 4.59951 11.6262 
1563 458.123 4.62151 11.3936 
1564 454.968 4.6431 11.151 
1565 451.839 4.66426 10.8987 
1566 448.736 4.68499 10.6368 
1567 445.66 4.70529 10.3655 
1568 442.611 4.72516 10.085 
1569 439.589 4.74457 9.79543 
1570 436.596 4.76354 9.49703 
1571 433.632 4.78206 9.18996 
1572 430.697 4.80012 8.87442 
1573 427.792 4.81772 8.55059 
1574 424.917 4.83485 8.21866 
1575 422.074 4.85151 7.87884 
1576 419.262 4.8677 7.53132 
1577 416.483 4.8834 7.1763 
1578 413.736 4.89861 6.81398 
1579 411.023 4.91334 6.44458 
1580 408.343 4.92757 6.06829 
1581 405.698 4.94129 5.68533 
1582 403.088 4.95452 5.29591 
1583 400.514 4.96723 4.90025 
1584 397.976 4.97942 4.49856 
1585 395.474 4.99109 4.09106 
1586 393.01 5.00224 3.67797 
1587 390.584 5.01285 3.25952 
1588 388.196 5.02293 2.83594 
1589 385.848 5.03246 2.40746 
1590 383.539 5.04145 1.9743 
1591 381.271 5.04988 1.53671 
1592 379.044 5.05776 1.09491 
1593 376.858 5.06508 0.64916 
1594 374.714 5.07182 0.199689 
1595 372.613 5.078 -0.253255 
1596 370.555 5.08359 -0.709424 
1597 368.541 5.0886 -1.16857 
1598 366.572 5.09302 -1.63043 
1599 364.648 5.09684 -2.09477 
1600 362.77 5.10006 -2.56131 
1601 360.938 5.10268 -3.02982 
1602 359.152 5.10469 -3.50014 
1603 357.412 5.10611 -3.97214 
1604 355.717 5.10692 -4.44565 
1605 354.067 5.10714 -4.92056 
1606 352.462 5.10676 -5.3967 
1607 350.901 5.1058 -5.87394 
1608 349.384 5.10425 -6.35212 
1609 347.91 5.10211 -6.8311 
1610 346.48 5.09939 -7.31073 
1611 345.093 5.0961 -7.79085 
1612 343.748 5.09222 -8.27131 
1613 342.445 5.08778 -8.75196 
1614 341.184 5.08277 -9.23264 
1615 339.964 5.07719 -9.7132 
1616 338.785 5.07105 -10.1935 
1617 337.647 5.06435 -10.6733 
1618 336.549 5.05709 -11.1525 
1619 335.49 5.04928 -11.6309 
1620 334.471 5.04093 -12.1084 
1621 333.492 5.03203 -12.5848 
1622 332.55 5.02259 -13.0599 
1623 331.647 5.01261 -13.5336 
1624 330.782 5.0021 -14.0056 
1625 329.954 4.99105 -14.4758 
1626 329.163 4.97949 -14.9441 
1627 328.409 4.9674 -15.4103 
1628 327.691 4.95479 -15.8741 
1629 327.008 4.94167 -16.3354 
1630 326.361 4.92804 -16.7941 
1631 325.749 4.9139 -17.2498 
1632 325.172 4.89927 -17.7025 
1633 324.628 4.88413 -18.152 
1634 324.119 4.86851 -18.5981 
1635 323.642 4.8524 -19.0405 
1636 323.198 4.8358 -19.4792 
1637 322.787 4.81873 -19.9138 
1638 322.407 4.80118 -20.3443 
1639 322.059 4.78316 -20.7703 
1640 321.742 4.76468 -21.1918 
1641 321.456 4.74574 -21.6085 
1642 321.2 4.72634 -22.0202 
1643 320.973 4.7065 -22.4267 
1644 320.776 4.68621 -22.8279 
1645 320.607 4.66548 -23.2234 
1646 320.467 4.64432 -23.6131 
1647 320.355 4.62273 -23.9968 
1648 320.27 4.60071 -24.3743 
1649 320.212 4.57828 -24.7453 
1650 320.181 4.55543 -25.1096 
1651 320.175 4.53218 -25.4671 
1652 320.195 4.50853 -25.8177 
1653 320.24 4.48448 -26.1614 
1654 320.309 4.46005 -26.4981 
1655 320.402 4.43525 -26.8278 
1656 320.517 4.41007 -27.1504 
1657 320.655 4.38453 -27.466 
1658 320.815 4.35863 -27.7744 
1659 320.996 4.33238 -28.0757 
1660 321.197 4.3058 -28.3698 
1661 321.419 4.27888 -28.6568 
1662 321.659 4.25164 -28.9364 
1663 321.919 4.22408 -29.2088 
1664 322.196 4.19622 -29.4739 
1665 322.491 4.16805 -29.7317 
1666 322.802 4.1396 -29.982 
1667 323.13 4.11086 -30.225 
1668 323.473 4.08185 -30.4605 
1669 323.831 4.05257 -30.6886 
1670 324.203 4.02303 -30.9091 
1671 324.589 3.99325 -31.1221 
1672 324.987 3.96322 -31.3275 
1673 325.398 3.93297 -31.5253 
1674 325.82 3.90249 -31.7155 
1675 326.253 3.87181 -31.898 
1676 326.696 3.84092 -32.0728 
1677 327.149 3.80983 -32.2398 
1678 327.61 3.77856 -32.3991 
1679 328.08 3.74712 -32.5506 
1680 328.557 3.71551 -32.6942 
1681 329.041 3.68375 -32.83 
1682 329.53 3.65184 -32.9578 
1683 330.026 3.61979 -33.0777 
1684 330.526 3.58762 -33.1897 
1685 331.029 3.55533 -33.2936 
1686 331.537 3.52294 -33.3895 
1687 332.046 3.49046 -33.4774 
1688 332.558 3.45788 -33.5571 
1689 333.07 3.42524 -33.6287 
1690 333.583 3.39253 -33.6922 
1691 334.096 3.35977 -33.7474 
1692 334.608 3.32696 -33.7945 
1693 335.118 3.29413 -33.8332 
1694 335.625 3.26127 -33.8637 
1695 336.129 3.22841 -33.8858 
1696 336.629 3.19554 -33.8996 
1697 337.125 3.16269 -33.905 
1698 337.615 3.12987 -33.902 
1699 338.098 3.09708 -33.8905 
1700 338.575 3.06434 -33.8705 
1701 339.044 3.03166 -33.842 
1702 339.505 2.99904 -33.8051 
1703 339.958 2.9665 -33.7599 
1704 340.403 2.93404 -33.7064 
1705 340.839 2.90166 -33.6448 
1706 341.266 2.86937 -33.5751 
1707 341.685 2.83718 -33.4975 
1708 342.094 2.8051 -33.4121 
1709 342.494 2.77312 -33.3189 
1710 342.885 2.74127 -33.218 
1711 343.265 2.70954 -33.1096 
1712 343.636 2.67794 -32.9938 
1713 343.997 2.64648 -32.8706 
1714 344.347 2.61517 -32.7403 
1715 344.687 2.58401 -32.6028 
1716 345.017 2.55301 -32.4583 
1717 345.335 2.52217 -32.3069 
1718 345.642 2.49151 -32.1487 
1719 345.938 2.46103 -31.9838 
1720 346.222 2.43074 -31.8124 
1721 346.494 2.40065 -31.6346 
1722 346.755 2.37076 -31.4504 
1723 347.003 2.34108 -31.2601 
1724 347.239 2.31162 -31.0636 
1725 347.462 2.28238 -30.8612 
1726 347.673 2.25338 -30.653 
1727 347.87 2.22462 -30.4391 
1728 348.055 2.19611 -30.2195 
1729 348.225 2.16785 -29.9946 
1730 348.382 2.13986 -29.7642 
1731 348.526 2.11214 -29.5287 
1732 348.655 2.08471 -29.2882 
1733 348.769 2.05756 -29.0426 
1734 348.87 2.03071 -28.7923 
1735 348.955 2.00416 -28.5373 
1736 349.026 1.97793 -28.2778 
1737 349.081 1.95201 -28.0139 
1738 349.121 1.92643 -27.7458 
1739 349.145 1.90119 -27.4735 
1740 349.153 1.87629 -27.1973 
1741 349.145 1.85175 -26.9172 
1742 349.121 1.82757 -26.6335 
1743 349.08 1.80377 -26.3462 
1744 349.023 1.78034 -26.0556 
1745 348.948 1.75731 -25.7617 
1746 348.856 1.73467 -25.4648 
1747 348.747 1.71245 -25.1649 
1748 348.62 1.69064 -24.8623 
1749 348.475 1.66925 -24.557 
1750 348.312 1.6483 -24.2493 
1751 348.131 1.6278 -23.9392 
1752 347.931 1.60773 -23.627 
1753 347.713 1.58811 -23.3126 
1754 347.477 1.56894 -22.9963 
1755 347.222 1.5502 -22.678 
1756 346.95 1.5319 -22.3579 
1757 346.66 1.51404 -22.0362 
1758 346.352 1.49663 -21.7128 
1759 346.026 1.47964 -21.3879 
1760 345.683 1.4631 -21.0616 
1761 345.322 1.44699 -20.734 
1762 344.944 1.43132 -20.4052 
1763 344.548 1.41608 -20.0754 
1764 344.135 1.40127 -19.7445 
1765 343.705 1.38689 -19.4128 
1766 343.257 1.37295 -19.0804 
1767 342.793 1.35943 -18.7473 
1768 342.312 1.34634 -18.4137 
1769 341.813 1.33368 -18.0796 
1770 341.299 1.32145 -17.7453 
1771 340.767 1.30964 -17.4107 
1772 340.219 1.29825 -17.0761 
1773 339.654 1.28729 -16.7416 
1774 339.073 1.27674 -16.4072 
1775 338.476 1.26662 -16.073 
1776 337.863 1.25691 -15.7393 
1777 337.233 1.24762 -15.4061 
1778 336.588 1.23874 -15.0735 
1779 335.927 1.23028 -14.7417 
1780 335.249 1.22223 -14.4108 
1781 334.557 1.21459 -14.0809 
1782 333.848 1.20736 -13.7522 
1783 333.124 1.20054 -13.4247 
1784 332.385 1.19412 -13.0986 
1785 331.631 1.18811 -12.774 
1786 330.861 1.1825 -12.4511 
1787 330.076 1.17729 -12.13 
1788 329.276 1.17248 -11.8108 
1789 328.462 1.16806 -11.4937 
1790 327.632 1.16405 -11.1788 
1791 326.788 1.16042 -10.8661 
1792 325.93 1.15719 -10.556 
1793 325.057 1.15434 -10.2485 
1794 324.169 1.15189 -9.94365 
1795 323.268 1.14982 -9.64174 
1796 322.352 1.14813 -9.34285 
1797 321.422 1.14683 -9.04712 
1798 320.479 1.1459 -8.75471 
1799 319.521 1.14535 -8.46575 
1800 318.55 1.14518 -8.1804 
1801 317.566 1.14538 -7.89878 
1802 316.568 1.14595 -7.62095 
1803 315.557 1.14688 -7.34696 
1804 314.533 1.14816 -7.07683 
1805 313.497 1.14979 -6.81061 
1806 312.448 1.15176 -6.54833 
1807 311.387 1.15407 -6.29005 
1808 310.315 1.15671 -6.0358 
1809 309.231 1.15968 -5.78562 
1810 308.136 1.16295 -5.53956 
1811 307.03 1.16654 -5.29764 
1812 305.913 1.17043 -5.05992 
1813 304.786 1.17462 -4.82644 
1814 303.648 1.1791 -4.59723 
1815 302.501 1.18386 -4.37235 
1816 301.344 1.18889 -4.15182 
1817 300.178 1.19419 -3.9357 
1818 299.003 1.19976 -3.72403 
1819 297.818 1.20557 -3.51685 
1820 296.626 1.21164 -3.31419 
1821 295.425 1.21794 -3.11612 
1822 294.216 1.22447 -2.92266 
1823 292.999 1.23123 -2.73386 
1824 291.776 1.23821 -2.54977 
1825 290.545 1.24539 -2.37043 
1826 289.307 1.25277 -2.19588 
1827 288.062 1.26035 -2.02616 
1828 286.812 1.26811 -1.86133 
1829 285.555 1.27605 -1.70143 
1830 284.293 1.28416 -1.5465 
1831 283.025 1.29243 -1.39659 
1832 281.752 1.30086 -1.25173 
1833 280.474 1.30943 -1.11199 
1834 279.192 1.31813 -0.977395 
1835 277.906 1.32696 -0.848001 
1836 276.616 1.33591 -0.723853 
1837 275.322 1.34498 -0.604995 
1838 274.025 1.35414 -0.491476 
1839 272.725 1.3634 -0.383341 
1840 271.422 1.37274 -0.280637 
1841 270.117 1.38216 -0.183412 
1842 268.809 1.39164 -0.0917124 
1843 267.5 1.40118 -0.00558633 
1844 266.189 1.41077 0.0749186 
1845 264.878 1.4204 0.149754 
1846 263.565 1.43006 0.218873 
1847 262.252 1.43974 0.282226 
1848 260.938 1.44943 0.339765 
1849 259.625 1.45912 0.391441 
1850 258.312 1.4688 0.437205 
1851 257 1.47847 0.477024 
1852 255.689 1.48811 0.51093 
1853 254.379 1.49773 0.538972 
1854 253.07 1.50732 0.561199 
1855 251.764 1.51687 0.577662 
1856 250.46 1.52639 0.588411 
1857 249.158 1.53587 0.593498 
1858 247.859 1.5453 0.592975 
1859 246.563 1.55468 0.586894 
1860 245.27 1.564 0.575309 
1861 243.981 1.57327 0.558273 
1862 242.696 1.58248 0.535842 
1863 241.415 1.59162 0.508071 
1864 240.138 1.6007 0.475016 
1865 238.867 1.60969 0.436733 
1866 237.601 1.61861 0.393279 
1867 236.34 1.62745 0.344713 
1868 235.084 1.63619 0.291094 
1869 233.835 1.64485 0.232479 
1870 232.593 1.65341 0.168931 
1871 231.357 1.66187 0.100508 
1872 230.127 1.67023 0.0272737 
1873 228.906 1.67847 -0.0507114 
1874 227.692 1.6866 -0.133384 
1875 226.485 1.69461 -0.220681 
1876 225.287 1.7025 -0.312538 
1877 224.098 1.71026 -0.40889 
1878 222.917 1.71789 -0.509672 
1879 221.746 1.72538 -0.614818 
1880 220.584 1.73273 -0.72426 
1881 219.432 1.73994 -0.837931 
1882 218.291 1.74699 -0.955763 
1883 217.159 1.75388 -1.07769 
1884 216.039 1.76061 -1.20363 
1885 214.929 1.76718 -1.33353 
1886 213.832 1.77357 -1.4673 
1887 212.746 1.77979 -1.60488 
1888 211.672 1.78583 -1.7462 
1889 210.61 1.79168 -1.89118 
1890 209.562 1.79734 -2.03975 
1891 208.526 1.8028 -2.19183 
1892 207.504 1.80806 -2.34735 
1893 206.496 1.81311 -2.50623 
1894 205.502 1.81795 -2.66839 
1895 204.522 1.82258 -2.83376 
1896 203.557 1.82698 -3.00225 
1897 202.608 1.83115 -3.17379 
1898 201.674 1.83508 -3.3483 
1899 200.755 1.83878 -3.52569 
1900 199.853 1.84224 -3.70589 
1901 198.968 1.84544 -3.88881 
1902 198.099 1.8484 -4.07435 
1903 197.246 1.8511 -4.26242 
1904 196.411 1.85357 -4.45291 
1905 195.591 1.85579 -4.64572 
1906 194.788 1.85777 -4.84076 
1907 194.002 1.85951 -5.03791 
1908 193.232 1.86101 -5.23708 
1909 192.478 1.86227 -5.43816 
1910 191.741 1.8633 -5.64105 
1911 191.021 1.8641 -5.84563 
1912 190.317 1.86466 -6.05181 
1913 189.629 1.865 -6.25947 
1914 188.958 1.86512 -6.46851 
1915 188.303 1.865 -6.6788 
1916 187.664 1.86467 -6.89025 
1917 187.042 1.86411 -7.10274 
1918 186.436 1.86334 -7.31616 
1919 185.847 1.86234 -7.53039 
1920 185.274 1.86114 -7.74532 
1921 184.717 1.85972 -7.96083 
1922 184.177 1.85809 -8.17681 
1923 183.652 1.85626 -8.39313 
1924 183.144 1.85421 -8.60968 
1925 182.653 1.85197 -8.82634 
1926 182.177 1.84952 -9.04299 
1927 181.718 1.84688 -9.2595 
1928 181.275 1.84403 -9.47576 
1929 180.848 1.841 -9.69163 
1930 180.438 1.83777 -9.907 
1931 180.043 1.83435 -10.1217 
1932 179.665 1.83074 -10.3357 
1933 179.303 1.82695 -10.5488 
1934 178.957 1.82298 -10.7609 
1935 178.627 1.81883 -10.9718 
1936 178.313 1.8145 -11.1815 
1937 178.015 1.80999 -11.3897 
1938 177.734 1.80532 -11.5964 
1939 177.468 1.80047 -11.8014 
1940 177.218 1.79545 -12.0046 
1941 176.985 1.79028 -12.2059 
1942 176.767 1.78494 -12.4051 
1943 176.565 1.77944 -12.602 
1944 176.379 1.77378 -12.7966 
1945 176.209 1.76797 -12.9887 
1946 176.055 1.76201 -13.1782 
1947 175.917 1.7559 -13.3648 
1948 175.795 1.74965 -13.5485 
1949 175.688 1.74325 -13.7292 
1950 175.598 1.73672 -13.9066 
1951 175.523 1.73004 -14.0807 
1952 175.463 1.72324 -14.2515 
1953 175.419 1.71629 -14.419 
1954 175.39 1.70922 -14.5833 
1955 175.376 1.70201 -14.7445 
1956 175.375 1.69468 -14.9027 
1957 175.389 1.68721 -15.0578 
1958 175.417 1.67962 -15.2099 
1959 175.459 1.67191 -15.3592 
1960 175.513 1.66406 -15.5056 
1961 175.581 1.6561 -15.6493 
1962 175.661 1.64801 -15.7902 
1963 175.754 1.63981 -15.9285 
1964 175.859 1.63148 -16.0643 
1965 175.976 1.62304 -16.1975 
1966 176.104 1.61449 -16.3283 
1967 176.243 1.60582 -16.4567 
1968 176.393 1.59703 -16.5828 
1969 176.554 1.58814 -16.7066 
1970 176.726 1.57914 -16.8283 
1971 176.907 1.57003 -16.9478 
1972 177.098 1.56081 -17.0653 
1973 177.298 1.55149 -17.1809 
1974 177.508 1.54206 -17.2946 
1975 177.726 1.53254 -17.4064 
1976 177.953 1.52291 -17.5165 
1977 178.188 1.51319 -17.6249 
1978 178.431 1.50337 -17.7317 
1979 178.682 1.49346 -17.8369 
1980 178.94 1.48346 -17.9407 
1981 179.204 1.47336 -18.0431 
1982 179.476 1.46318 -18.1443 
1983 179.754 1.4529 -18.2441 
1984 180.037 1.44254 -18.3429 
1985 180.327 1.4321 -18.4405 
1986 180.621 1.42158 -18.5372 
1987 180.921 1.41098 -18.6329 
1988 181.226 1.4003 -18.7278 
1989 181.535 1.38954 -18.822 
1990 181.848 1.37871 -18.9155 
1991 182.164 1.3678 -19.0083 
1992 182.485 1.35683 -19.1007 
1993 182.808 1.34578 -19.1927 
1994 183.134 1.33467 -19.2843 
1995 183.462 1.3235 -19.3756 
1996 183.793 1.31226 -19.4668 
1997 184.125 1.30096 -19.5579 
1998 184.459 1.28961 -19.649 
1999 184.793 1.27819 -19.7402 
2000 185.129 1.26673 -19.8315 
