2 0.00900884 0.123014 2.52517e-05 
3 0.0088765 0.289955 9.41443e-05 
4 0.00856944 0.497474 0.000173582 
5 0.00918064 0.743213 0.000227503 
6 0.0108974 1.02486 0.000230783 
7 0.0135396 1.3404 0.000173123 
8 0.0169402 1.68796 5.49384e-05 
9 0.0209761 2.06464 -0.000118988 
10 0.0256086 2.47245 -0.000335033 
11 0.0308083 2.90587 -0.000593048 
12 0.0365339 3.36589 -0.000888757 
13 0.0427233 3.84669 -0.00122466 
14 0.0493387 4.35315 -0.00159774 
15 0.0563479 4.88618 -0.00200943 
16 0.063715 5.43044 -0.00247388 
17 0.0714125 5.98845 -0.00299683 
18 0.0794175 6.57045 -0.00358039 
19 0.0877102 7.18246 -0.00422797 
20 0.0962754 7.81904 -0.00494522 
21 0.105101 8.46251 -0.00573996 
22 0.114174 9.11175 -0.00661768 
23 0.123483 9.77185 -0.00758251 
24 0.13302 10.4461 -0.00863766 
25 0.14278 11.1334 -0.00978495 
26 0.152764 11.8286 -0.0110249 
27 0.162967 12.533 -0.0123594 
28 0.173386 13.2493 -0.0137907 
29 0.184021 13.9766 -0.0153204 
30 0.194873 14.7086 -0.0169496 
31 0.205946 15.4354 -0.0186789 
32 0.217234 16.1579 -0.0205093 
33 0.228734 16.8806 -0.0224421 
34 0.240439 17.6081 -0.0244781 
35 0.252343 18.3452 -0.0266178 
36 0.26444 19.0952 -0.0288614 
37 0.276723 19.8601 -0.0312084 
38 0.289187 20.639 -0.0336577 
39 0.301823 21.4274 -0.0362077 
40 0.314626 22.216 -0.0388555 
41 0.327586 22.9929 -0.0415978 
42 0.340697 23.7567 -0.0444327 
43 0.353951 24.5092 -0.0473584 
44 0.367341 25.2524 -0.0503733 
45 0.380859 25.9882 -0.0534754 
46 0.394496 26.7182 -0.0566627 
47 0.408243 27.4434 -0.0599331 
48 0.422091 28.164 -0.0632841 
49 0.436031 28.8791 -0.0667135 
50 0.450051 29.5861 -0.0702184 
51 0.464143 30.282 -0.0737963 
52 0.4783 30.9676 -0.0774446 
53 0.492519 31.6447 -0.0811605 
54 0.506797 32.3151 -0.0849416 
55 0.521131 32.9799 -0.088785 
56 0.535518 33.6396 -0.0926877 
57 0.549958 34.2941 -0.0966467 
58 0.564448 34.9422 -0.100659 
59 0.57899 35.5814 -0.10472 
60 0.593582 36.2076 -0.108827 
61 0.608225 36.8164 -0.112976 
62 0.622917 37.4078 -0.117163 
63 0.637657 37.983 -0.121385 
64 0.652442 38.5431 -0.12564 
65 0.667272 39.0891 -0.129925 
66 0.682145 39.6215 -0.134235 
67 0.69706 40.1405 -0.138569 
68 0.712017 40.646 -0.142921 
69 0.727014 41.137 -0.147289 
70 0.742051 41.612 -0.151669 
71 0.757129 42.0694 -0.156057 
72 0.772246 42.5096 -0.16045 
73 0.787402 42.9337 -0.164845 
74 0.802597 43.3423 -0.169239 
75 0.817831 43.7361 -0.173629 
76 0.833104 44.1153 -0.178013 
77 0.848415 44.4799 -0.182388 
78 0.863766 44.8292 -0.18675 
79 0.879156 45.1622 -0.191096 
80 0.894587 45.4771 -0.195423 
81 0.910058 45.7722 -0.199727 
82 0.925571 46.0478 -0.204007 
83 0.941127 46.3049 -0.20826 
84 0.956727 46.5441 -0.212484 
85 0.972371 46.7662 -0.216678 
86 0.988062 46.9716 -0.22084 
87 1.0038 47.1604 -0.224968 
88 1.01959 47.3325 -0.22906 
89 1.03543 47.4876 -0.233115 
90 1.05132 47.6247 -0.237129 
91 1.06726 47.7431 -0.241103 
92 1.08327 47.8432 -0.245033 
93 1.09933 47.9254 -0.24892 
94 1.11545 47.9904 -0.252763 
95 1.13163 48.0383 -0.25656 
96 1.14787 48.0692 -0.260312 
97 1.16418 48.0829 -0.264017 
98 1.18056 48.079 -0.267674 
99 1.19701 48.0567 -0.271282 
100 1.21352 48.0147 -0.27484 
101 1.23011 47.9521 -0.278347 
102 1.24678 47.8694 -0.281803 
103 1.26352 47.7679 -0.285211 
104 1.28034 47.6487 -0.288571 
105 1.29723 47.5129 -0.291884 
106 1.31422 47.3615 -0.295153 
107 1.33128 47.1956 -0.29838 
108 1.34843 47.0162 -0.301565 
109 1.36567 46.8241 -0.304711 
110 1.383 46.62 -0.307821 
111 1.40041 46.4047 -0.310895 
112 1.41792 46.1785 -0.313936 
113 1.43553 45.9418 -0.316946 
114 1.45323 45.6948 -0.319927 
115 1.47103 45.4373 -0.322881 
116 1.48892 45.169 -0.325809 
117 1.50692 44.8895 -0.328712 
118 1.52502 44.5977 -0.331593 
119 1.54323 44.2926 -0.334452 
120 1.56154 43.9727 -0.337291 
121 1.57995 43.6365 -0.34011 
122 1.59848 43.2845 -0.342912 
123 1.61711 42.9178 -0.345704 
124 1.63586 42.5373 -0.348487 
125 1.65471 42.144 -0.351268 
126 1.67368 41.7388 -0.354051 
127 1.69276 41.3227 -0.35684 
128 1.71195 40.8965 -0.359641 
129 1.73126 40.461 -0.362457 
130 1.75069 40.0169 -0.365294 
131 1.77023 39.5651 -0.368156 
132 1.78988 39.106 -0.371049 
133 1.80965 38.6403 -0.373975 
134 1.82954 38.1684 -0.376941 
135 1.84955 37.6905 -0.37995 
136 1.86967 37.207 -0.383007 
137 1.88991 36.7178 -0.386116 
138 1.91026 36.2228 -0.38928 
139 1.93073 35.722 -0.392502 
140 1.95131 35.2148 -0.395787 
141 1.97201 34.7009 -0.399138 
142 1.99282 34.181 -0.40256 
143 2.01375 33.6561 -0.40606 
144 2.03479 33.127 -0.409644 
145 2.05594 32.5946 -0.413319 
146 2.07721 32.0596 -0.41709 
147 2.09858 31.523 -0.420964 
148 2.12007 30.9854 -0.424948 
149 2.14166 30.4476 -0.429046 
150 2.16336 29.91 -0.433266 
151 2.18517 29.3734 -0.437613 
152 2.20708 28.8382 -0.442092 
153 2.2291 28.3048 -0.44671 
154 2.25121 27.7734 -0.451471 
155 2.27343 27.2444 -0.45638 
156 2.29574 26.7179 -0.461441 
157 2.31815 26.1938 -0.46666 
158 2.34065 25.672 -0.472041 
159 2.36324 25.1522 -0.477586 
160 2.38592 24.6342 -0.483299 
161 2.40868 24.1175 -0.489184 
162 2.43152 23.6028 -0.495246 
163 2.45445 23.0908 -0.501493 
164 2.47745 22.5822 -0.50793 
165 2.50053 22.0779 -0.514563 
166 2.52368 21.5785 -0.521399 
167 2.5469 21.0846 -0.528444 
168 2.57019 20.5969 -0.535703 
169 2.59355 20.116 -0.543183 
170 2.61697 19.6423 -0.550887 
171 2.64044 19.1764 -0.558822 
172 2.66398 18.7188 -0.566992 
173 2.68756 18.2697 -0.575402 
174 2.71119 17.8296 -0.584055 
175 2.73487 17.3985 -0.592955 
176 2.75859 16.9768 -0.602107 
177 2.78235 16.5645 -0.611512 
178 2.80614 16.1616 -0.621174 
179 2.82995 15.7681 -0.631095 
180 2.8538 15.3837 -0.641275 
181 2.87766 15.0084 -0.651717 
182 2.90154 14.6426 -0.662425 
183 2.92543 14.2869 -0.673404 
184 2.94933 13.9418 -0.684657 
185 2.97324 13.6078 -0.69619 
186 2.99715 13.2855 -0.708006 
187 3.02106 12.9753 -0.720109 
188 3.04496 12.6775 -0.732502 
189 3.06885 12.3926 -0.745188 
190 3.09273 12.121 -0.758169 
191 3.11659 11.8628 -0.771449 
192 3.14044 11.6183 -0.785029 
193 3.16425 11.3877 -0.79891 
194 3.18803 11.1711 -0.813094 
195 3.21178 10.9687 -0.827581 
196 3.23549 10.7803 -0.842372 
197 3.25915 10.6061 -0.857467 
198 3.28276 10.4457 -0.872864 
199 3.30632 10.2991 -0.888562 
200 3.32981 10.1659 -0.904559 
201 3.35324 10.046 -0.920854 
202 3.3766 9.93965 -0.937448 
203 3.39989 9.84723 -0.954342 
204 3.4231 9.76913 -0.971539 
205 3.44623 9.70571 -0.989039 
206 3.46927 9.65732 -1.00684 
207 3.49223 9.62426 -1.02495 
208 3.51509 9.60682 -1.04337 
209 3.53786 9.60526 -1.06209 
210 3.56053 9.6198 -1.08111 
211 3.5831 9.65065 -1.10044 
212 3.60556 9.69796 -1.12008 
213 3.6279 9.76185 -1.14001 
214 3.65013 9.84243 -1.16025 
215 3.67224 9.93973 -1.18079 
216 3.69423 10.0538 -1.20162 
217 3.71609 10.1845 -1.22274 
218 3.73781 10.3319 -1.24415 
219 3.7594 10.4958 -1.26585 
220 3.78085 10.676 -1.28783 
221 3.80214 10.8723 -1.31009 
222 3.82329 11.0844 -1.33262 
223 3.84428 11.3121 -1.35541 
224 3.86512 11.5548 -1.37846 
225 3.88578 11.8122 -1.40176 
226 3.90628 12.0838 -1.4253 
227 3.92661 12.3697 -1.44909 
228 3.94675 12.67 -1.47311 
229 3.96672 12.9848 -1.49737 
230 3.98651 13.3142 -1.52186 
231 4.00612 13.6582 -1.54658 
232 4.02554 14.017 -1.57152 
233 4.04477 14.3905 -1.59668 
234 4.06381 14.7788 -1.62206 
235 4.08265 15.1818 -1.64765 
236 4.1013 15.5995 -1.67344 
237 4.11975 16.0319 -1.69943 
238 4.13799 16.4787 -1.72562 
239 4.15603 16.9401 -1.752 
240 4.17386 17.4157 -1.77856 
241 4.19148 17.9054 -1.80529 
242 4.20889 18.4091 -1.8322 
243 4.22608 18.9265 -1.85927 
244 4.24305 19.4573 -1.88649 
245 4.25981 20.0013 -1.91385 
246 4.27634 20.5581 -1.94136 
247 4.29264 21.1273 -1.96899 
248 4.30872 21.7086 -1.99675 
249 4.32457 22.3016 -2.02461 
250 4.34018 22.9057 -2.05258 
251 4.35556 23.5205 -2.08064 
252 4.3707 24.1459 -2.10878 
253 4.38561 24.7818 -2.137 
254 4.40028 25.428 -2.16528 
255 4.4147 26.0843 -2.19364 
256 4.42889 26.7508 -2.22204 
257 4.44284 27.4271 -2.2505 
258 4.45654 28.1131 -2.279 
259 4.47 28.8087 -2.30754 
260 4.48322 29.5136 -2.3361 
261 4.49619 30.2276 -2.36468 
262 4.50892 30.9504 -2.39327 
263 4.5214 31.6819 -2.42187 
264 4.53363 32.4216 -2.45046 
265 4.54562 33.1694 -2.47903 
266 4.55736 33.925 -2.50758 
267 4.56886 34.6879 -2.5361 
268 4.58011 35.4579 -2.56458 
269 4.59111 36.2346 -2.59301 
270 4.60186 37.0176 -2.62138 
271 4.61237 37.8064 -2.64968 
272 4.62263 38.6008 -2.6779 
273 4.63264 39.4001 -2.70603 
274 4.64241 40.204 -2.73406 
275 4.65193 41.012 -2.76199 
276 4.6612 41.8235 -2.78979 
277 4.67023 42.6383 -2.81746 
278 4.67902 43.4562 -2.845 
279 4.68756 44.2768 -2.87239 
280 4.69586 45.1 -2.89963 
281 4.70393 45.9254 -2.92672 
282 4.71175 46.7527 -2.95363 
283 4.71934 47.5817 -2.98037 
284 4.72669 48.4121 -3.00693 
285 4.7338 49.2436 -3.0333 
286 4.74069 50.0758 -3.05947 
287 4.74735 50.9084 -3.08543 
288 4.75378 51.7412 -3.11118 
289 4.75998 52.5737 -3.13671 
290 4.76596 53.4057 -3.16201 
291 4.77172 54.2367 -3.18708 
292 4.77726 55.0664 -3.2119 
293 4.78258 55.8945 -3.23647 
294 4.7877 56.7206 -3.26078 
295 4.7926 57.5443 -3.28482 
296 4.79729 58.3651 -3.3086 
297 4.80178 59.1828 -3.33208 
298 4.80607 59.9968 -3.35529 
299 4.81016 60.8067 -3.37819 
300 4.81406 61.6122 -3.4008 
301 4.81776 62.4128 -3.42309 
302 4.82128 63.2082 -3.44507 
303 4.8246 63.9982 -3.46672 
304 4.82775 64.7824 -3.48805 
305 4.8307 65.5606 -3.50904 
306 4.83348 66.3326 -3.52968 
307 4.83608 67.098 -3.54998 
308 4.8385 67.8566 -3.56993 
309 4.84075 68.6082 -3.58951 
310 4.84282 69.3523 -3.60873 
311 4.84473 70.0889 -3.62757 
312 4.84647 70.8176 -3.64604 
313 4.84804 71.5382 -3.66413 
314 4.84945 72.2503 -3.68182 
315 4.85071 72.9538 -3.69913 
316 4.8518 73.6484 -3.71603 
317 4.85275 74.3338 -3.73254 
318 4.85354 75.0098 -3.74864 
319 4.85419 75.6761 -3.76432 
320 4.8547 76.3325 -3.77959 
321 4.85506 76.9787 -3.79445 
322 4.85529 77.6146 -3.80888 
323 4.85538 78.2397 -3.82288 
324 4.85535 78.8541 -3.83646 
325 4.85518 79.4573 -3.8496 
326 4.8549 80.0491 -3.86231 
327 4.85449 80.6294 -3.87458 
328 4.85397 81.198 -3.88642 
329 4.85334 81.7545 -3.89781 
330 4.8526 82.2989 -3.90876 
331 4.85176 82.8309 -3.91927 
332 4.85081 83.3503 -3.92933 
333 4.84978 83.8568 -3.93895 
334 4.84865 84.3505 -3.94812 
335 4.84743 84.8309 -3.95685 
336 4.84614 85.2981 -3.96514 
337 4.84476 85.7517 -3.97298 
338 4.84332 86.1917 -3.98038 
339 4.8418 86.6179 -3.98733 
340 4.84022 87.0301 -3.99385 
341 4.83858 87.4283 -3.99993 
342 4.83689 87.8122 -4.00557 
343 4.83515 88.1817 -4.01078 
344 4.83337 88.5368 -4.01557 
345 4.83155 88.8774 -4.01993 
346 4.8297 89.2032 -4.02387 
347 4.82782 89.5143 -4.02739 
348 4.82592 89.8105 -4.03051 
349 4.824 90.0919 -4.03321 
350 4.82207 90.3582 -4.03553 
351 4.82014 90.6095 -4.03744 
352 4.8182 90.8457 -4.03897 
353 4.81626 91.0665 -4.0401 
354 4.81433 91.272 -4.04085 
355 4.8124 91.4618 -4.0412 
356 4.81048 91.636 -4.04117 
357 4.80856 91.7945 -4.04075 
358 4.80665 91.937 -4.03994 
359 4.80476 92.0636 -4.03875 
360 4.80289 92.1741 -4.03718 
361 4.80103 92.2684 -4.03524 
362 4.79919 92.3466 -4.03291 
363 4.79737 92.4085 -4.03021 
364 4.79557 92.454 -4.02715 
365 4.79381 92.4832 -4.02371 
366 4.79207 92.4959 -4.01991 
367 4.79036 92.4923 -4.01576 
368 4.78868 92.4721 -4.01124 
369 4.78704 92.4355 -4.00638 
370 4.78544 92.3824 -4.00117 
371 4.78388 92.3129 -3.99562 
372 4.78236 92.227 -3.98973 
373 4.78089 92.1246 -3.98352 
374 4.77946 92.0059 -3.97697 
375 4.77808 91.8709 -3.97011 
376 4.77676 91.7196 -3.96294 
377 4.77549 91.5522 -3.95546 
378 4.77427 91.3687 -3.94769 
379 4.77311 91.1693 -3.93962 
380 4.77202 90.954 -3.93127 
381 4.77098 90.7229 -3.92265 
382 4.77002 90.4763 -3.91376 
383 4.76912 90.2143 -3.90461 
384 4.76829 89.937 -3.89522 
385 4.76754 89.6446 -3.88558 
386 4.76686 89.3373 -3.87572 
387 4.76625 89.0154 -3.86564 
388 4.76573 88.679 -3.85535 
389 4.76529 88.3284 -3.84486 
390 4.76494 87.9638 -3.83419 
391 4.76467 87.5855 -3.82334 
392 4.76449 87.1939 -3.81233 
393 4.76441 86.7891 -3.80117 
394 4.76442 86.3716 -3.78988 
395 4.76452 85.9417 -3.77847 
396 4.76473 85.4996 -3.76694 
397 4.76503 85.0459 -3.75532 
398 4.76544 84.5808 -3.74363 
399 4.76596 84.1048 -3.73186 
400 4.76658 83.6183 -3.72005 
401 4.76732 83.1217 -3.70821 
402 4.76817 82.6152 -3.69634 
403 4.76913 82.0988 -3.68445 
404 4.7702 81.5727 -3.67255 
405 4.77138 81.037 -3.66064 
406 4.77268 80.4919 -3.64873 
407 4.77408 79.9373 -3.63683 
408 4.7756 79.3735 -3.62495 
409 4.77723 78.8007 -3.61308 
410 4.77897 78.2189 -3.60125 
411 4.78082 77.6282 -3.58945 
412 4.78279 77.029 -3.57769 
413 4.78486 76.4213 -3.56598 
414 4.78704 75.8052 -3.55433 
415 4.78933 75.181 -3.54275 
416 4.79174 74.5488 -3.53123 
417 4.79425 73.9089 -3.5198 
418 4.79686 73.2614 -3.50846 
419 4.79959 72.6065 -3.4972 
420 4.80242 71.9444 -3.48605 
421 4.80536 71.2753 -3.47502 
422 4.80841 70.5995 -3.46409 
423 4.81155 69.9171 -3.4533 
424 4.81481 69.2285 -3.44264 
425 4.81816 68.5338 -3.43212 
426 4.82162 67.8332 -3.42175 
427 4.82517 67.1271 -3.41153 
428 4.82883 66.4158 -3.40148 
429 4.83259 65.6993 -3.39161 
430 4.83644 64.9781 -3.38192 
431 4.84039 64.2525 -3.37242 
432 4.84443 63.5226 -3.36311 
433 4.84857 62.7888 -3.35401 
434 4.8528 62.0515 -3.34513 
435 4.85712 61.3109 -3.33647 
436 4.86152 60.5673 -3.32804 
437 4.86602 59.8211 -3.31985 
438 4.8706 59.0726 -3.31191 
439 4.87527 58.3222 -3.30423 
440 4.88002 57.5701 -3.29681 
441 4.88485 56.8169 -3.28967 
442 4.88975 56.0627 -3.28281 
443 4.89474 55.3081 -3.27624 
444 4.8998 54.5534 -3.26997 
445 4.90493 53.7991 -3.26401 
446 4.91013 53.0454 -3.25837 
447 4.91541 52.2928 -3.25305 
448 4.92074 51.5418 -3.24807 
449 4.92615 50.7928 -3.24343 
450 4.93161 50.0462 -3.23914 
451 4.93714 49.3024 -3.23521 
452 4.94272 48.5617 -3.23165 
453 4.94835 47.8243 -3.22846 
454 4.95405 47.0903 -3.22564 
455 4.95979 46.3599 -3.2232 
456 4.96559 45.6334 -3.22115 
457 4.97144 44.9108 -3.21948 
458 4.97733 44.1925 -3.21821 
459 4.98328 43.4786 -3.21733 
460 4.98926 42.7692 -3.21685 
461 4.99529 42.0647 -3.21678 
462 5.00136 41.3651 -3.21711 
463 5.00747 40.6706 -3.21785 
464 5.01361 39.9815 -3.219 
465 5.01979 39.2979 -3.22057 
466 5.026 38.62 -3.22255 
467 5.03224 37.948 -3.22496 
468 5.03851 37.2821 -3.22779 
469 5.0448 36.6224 -3.23104 
470 5.05112 35.9692 -3.23472 
471 5.05745 35.3226 -3.23883 
472 5.06381 34.6828 -3.24336 
473 5.07018 34.05 -3.24833 
474 5.07657 33.4244 -3.25373 
475 5.08296 32.8061 -3.25956 
476 5.08936 32.1954 -3.26582 
477 5.09577 31.5923 -3.27252 
478 5.10218 30.9971 -3.27964 
479 5.10859 30.4099 -3.2872 
480 5.115 29.831 -3.2952 
481 5.1214 29.2604 -3.30362 
482 5.12779 28.6984 -3.31247 
483 5.13417 28.145 -3.32175 
484 5.14054 27.6006 -3.33146 
485 5.14688 27.0652 -3.34159 
486 5.15321 26.5389 -3.35215 
487 5.15951 26.022 -3.36313 
488 5.16578 25.5147 -3.37452 
489 5.17202 25.0169 -3.38633 
490 5.17823 24.529 -3.39854 
491 5.18439 24.051 -3.41117 
492 5.19052 23.5832 -3.4242 
493 5.1966 23.1255 -3.43762 
494 5.20263 22.6783 -3.45144 
495 5.2086 22.2416 -3.46565 
496 5.21452 21.8155 -3.48024 
497 5.22038 21.4002 -3.4952 
498 5.22618 20.9958 -3.51054 
499 5.23191 20.6024 -3.52624 
500 5.23756 20.2202 -3.5423 
501 5.24314 19.8493 -3.55871 
502 5.24864 19.4898 -3.57546 
503 5.25407 19.1416 -3.59256 
504 5.25941 18.8051 -3.61001 
505 5.26467 18.4801 -3.62779 
506 5.26985 18.1668 -3.64592 
507 5.27495 17.8652 -3.66439 
508 5.27996 17.5755 -3.68318 
509 5.28489 17.2976 -3.70231 
510 5.28973 17.0316 -3.72177 
511 5.29449 16.7776 -3.74155 
512 5.29915 16.5355 -3.76165 
513 5.30372 16.3055 -3.78207 
514 5.30821 16.0876 -3.8028 
515 5.3126 15.8817 -3.82383 
516 5.31689 15.688 -3.84517 
517 5.32109 15.5064 -3.86681 
518 5.3252 15.3368 -3.88874 
519 5.32921 15.1794 -3.91096 
520 5.33311 15.0342 -3.93345 
521 5.33692 14.901 -3.95622 
522 5.34063 14.7799 -3.97927 
523 5.34423 14.6709 -4.00257 
524 5.34773 14.5739 -4.02613 
525 5.35112 14.4889 -4.04993 
526 5.3544 14.4158 -4.07398 
527 5.35758 14.3546 -4.09825 
528 5.36064 14.3053 -4.12275 
529 5.3636 14.2677 -4.14747 
530 5.36644 14.2418 -4.17239 
531 5.36917 14.2275 -4.19751 
532 5.37178 14.2247 -4.22282 
533 5.37427 14.2333 -4.24831 
534 5.37665 14.2532 -4.27397 
535 5.3789 14.2843 -4.29978 
536 5.38103 14.3265 -4.32574 
537 5.38304 14.3797 -4.35183 
538 5.38493 14.4436 -4.37805 
539 5.38668 14.5181 -4.40438 
540 5.38831 14.6032 -4.43081 
541 5.38981 14.6986 -4.45733 
542 5.39118 14.8041 -4.48392 
543 5.39242 14.9196 -4.51057 
544 5.39352 15.0448 -4.53727 
545 5.39448 15.1797 -4.564 
546 5.39531 15.3238 -4.59075 
547 5.396 15.4771 -4.6175 
548 5.39654 15.6393 -4.64425 
549 5.39694 15.8101 -4.67096 
550 5.3972 15.9893 -4.69762 
551 5.39731 16.1766 -4.72423 
552 5.39728 16.372 -4.75078 
553 5.3971 16.5755 -4.77725 
554 5.39677 16.7868 -4.80364 
555 5.3963 17.0061 -4.82995 
556 5.39569 17.2331 -4.85618 
557 5.39494 17.4679 -4.88231 
558 5.39404 17.7103 -4.90835 
559 5.393 17.9603 -4.93428 
560 5.39183 18.2177 -4.96011 
561 5.39051 18.4825 -4.98581 
562 5.38905 18.7545 -5.0114 
563 5.38746 19.0337 -5.03686 
564 5.38573 19.3199 -5.06219 
565 5.38386 19.613 -5.08738 
566 5.38186 19.9129 -5.11243 
567 5.37972 20.2195 -5.13732 
568 5.37745 20.5326 -5.16205 
569 5.37504 20.8521 -5.18662 
570 5.37251 21.1778 -5.21102 
571 5.36984 21.5096 -5.23524 
572 5.36705 21.8473 -5.25928 
573 5.36412 22.1908 -5.28312 
574 5.36107 22.5398 -5.30677 
575 5.35789 22.8943 -5.3302 
576 5.35459 23.254 -5.35343 
577 5.35116 23.6187 -5.37643 
578 5.34761 23.9883 -5.39921 
579 5.34393 24.3625 -5.42175 
580 5.34014 24.7412 -5.44405 
581 5.33622 25.124 -5.46609 
582 5.33219 25.5109 -5.48787 
583 5.32804 25.9015 -5.50939 
584 5.32377 26.2956 -5.53063 
585 5.31939 26.693 -5.55159 
586 5.3149 27.0934 -5.57225 
587 5.31029 27.4966 -5.59262 
588 5.30558 27.9023 -5.61267 
589 5.30075 28.3102 -5.63241 
590 5.29582 28.7201 -5.65181 
591 5.29078 29.1316 -5.67088 
592 5.28563 29.5445 -5.68961 
593 5.28038 29.9585 -5.70798 
594 5.27503 30.3731 -5.72598 
595 5.26958 30.7883 -5.74361 
596 5.26403 31.2035 -5.76086 
597 5.25838 31.6185 -5.77771 
598 5.25264 32.0329 -5.79416 
599 5.2468 32.4464 -5.8102 
600 5.24087 32.8585 -5.82581 
601 5.23485 33.2691 -5.84099 
602 5.22874 33.6779 -5.85573 
603 5.22254 34.0848 -5.87004 
604 5.21626 34.4898 -5.8839 
605 5.20989 34.8928 -5.89732 
606 5.20344 35.2935 -5.9103 
607 5.19691 35.692 -5.92284 
608 5.19029 36.0882 -5.93493 
609 5.18361 36.4819 -5.94657 
610 5.17684 36.873 -5.95776 
611 5.17001 37.2614 -5.9685 
612 5.1631 37.6471 -5.9788 
613 5.15612 38.0298 -5.98864 
614 5.14907 38.4095 -5.99802 
615 5.14196 38.7861 -6.00696 
616 5.13478 39.1595 -6.01543 
617 5.12755 39.5295 -6.02346 
618 5.12025 39.8961 -6.03103 
619 5.11289 40.259 -6.03814 
620 5.10548 40.6182 -6.0448 
621 5.09802 40.9736 -6.051 
622 5.0905 41.3251 -6.05675 
623 5.08293 41.6724 -6.06204 
624 5.07532 42.0156 -6.06688 
625 5.06766 42.3544 -6.07126 
626 5.05996 42.6888 -6.07519 
627 5.05222 43.0185 -6.07867 
628 5.04444 43.3436 -6.08169 
629 5.03662 43.6637 -6.08426 
630 5.02877 43.9789 -6.08639 
631 5.02089 44.2889 -6.08806 
632 5.01298 44.5937 -6.08928 
633 5.00504 44.8931 -6.09007 
634 4.99708 45.1869 -6.0904 
635 4.9891 45.475 -6.09029 
636 4.98109 45.7572 -6.08975 
637 4.97308 46.0335 -6.08876 
638 4.96504 46.3036 -6.08734 
639 4.957 46.5675 -6.08549 
640 4.94894 46.8249 -6.0832 
641 4.94088 47.0757 -6.08049 
642 4.93282 47.3197 -6.07735 
643 4.92475 47.5569 -6.07379 
644 4.91669 47.787 -6.06981 
645 4.90863 48.0099 -6.06542 
646 4.90058 48.2253 -6.06061 
647 4.89254 48.4333 -6.05539 
648 4.88451 48.6335 -6.04978 
649 4.87649 48.8259 -6.04376 
650 4.8685 49.0101 -6.03734 
651 4.86052 49.1862 -6.03054 
652 4.85257 49.3541 -6.02334 
653 4.84464 49.5137 -6.01576 
654 4.83673 49.665 -6.00781 
655 4.82885 49.808 -5.99947 
656 4.821 49.9427 -5.99076 
657 4.81318 50.0691 -5.98168 
658 4.80538 50.1871 -5.97224 
659 4.79761 50.2969 -5.96244 
660 4.78988 50.3982 -5.95228 
661 4.78217 50.4912 -5.94178 
662 4.7745 50.5759 -5.93092 
663 4.76687 50.6522 -5.91973 
664 4.75927 50.7202 -5.9082 
665 4.7517 50.7798 -5.89634 
666 4.74418 50.8311 -5.88416 
667 4.73669 50.8741 -5.87166 
668 4.72924 50.9087 -5.85885 
669 4.72184 50.9351 -5.84573 
670 4.71447 50.9531 -5.83231 
671 4.70715 50.963 -5.8186 
672 4.69988 50.9645 -5.8046 
673 4.69265 50.9579 -5.79033 
674 4.68546 50.9431 -5.77578 
675 4.67833 50.9201 -5.76097 
676 4.67125 50.889 -5.7459 
677 4.66421 50.8498 -5.73058 
678 4.65723 50.8025 -5.71503 
679 4.6503 50.7473 -5.69924 
680 4.64343 50.6841 -5.68322 
681 4.63661 50.6129 -5.66699 
682 4.62984 50.5339 -5.65055 
683 4.62314 50.4471 -5.63392 
684 4.61649 50.3525 -5.61709 
685 4.60991 50.2502 -5.60009 
686 4.60338 50.1402 -5.58292 
687 4.59692 50.0227 -5.56559 
688 4.59053 49.8977 -5.54811 
689 4.5842 49.7652 -5.53049 
690 4.57793 49.6253 -5.51274 
691 4.57174 49.4782 -5.49488 
692 4.56561 49.3238 -5.47691 
693 4.55955 49.1623 -5.45884 
694 4.55357 48.9938 -5.44069 
695 4.54766 48.8183 -5.42247 
696 4.54182 48.636 -5.4042 
697 4.53606 48.4468 -5.38587 
698 4.53037 48.2511 -5.36751 
699 4.52477 48.0488 -5.34913 
700 4.51924 47.84 -5.33074 
701 4.5138 47.6249 -5.31236 
702 4.50843 47.4035 -5.29398 
703 4.50315 47.1759 -5.27562 
704 4.49795 46.9421 -5.25728 
705 4.49282 46.7023 -5.23897 
706 4.48778 46.4566 -5.22069 
707 4.48281 46.2049 -5.20244 
708 4.47792 45.9474 -5.18424 
709 4.47311 45.6841 -5.16608 
710 4.46838 45.4152 -5.14797 
711 4.46373 45.1407 -5.12993 
712 4.45915 44.8608 -5.11194 
713 4.45465 44.5754 -5.09403 
714 4.45023 44.2848 -5.07619 
715 4.44588 43.989 -5.05844 
716 4.4416 43.6882 -5.04077 
717 4.4374 43.3824 -5.02319 
718 4.43328 43.0717 -5.00572 
719 4.42922 42.7562 -4.98835 
720 4.42524 42.4362 -4.97109 
721 4.42133 42.1116 -4.95396 
722 4.4175 41.7827 -4.93694 
723 4.41373 41.4495 -4.92006 
724 4.41004 41.1121 -4.90332 
725 4.40641 40.7708 -4.88672 
726 4.40286 40.4256 -4.87027 
727 4.39937 40.0767 -4.85399 
728 4.39595 39.7242 -4.83786 
729 4.3926 39.3683 -4.82191 
730 4.38931 39.0091 -4.80614 
731 4.38609 38.6467 -4.79056 
732 4.38293 38.2814 -4.77517 
733 4.37984 37.9133 -4.75998 
734 4.37682 37.5425 -4.745 
735 4.37385 37.1693 -4.73024 
736 4.37095 36.7937 -4.7157 
737 4.3681 36.416 -4.70139 
738 4.36532 36.0364 -4.68733 
739 4.3626 35.6549 -4.6735 
740 4.35993 35.2719 -4.65994 
741 4.35733 34.8875 -4.64664 
742 4.35477 34.5019 -4.6336 
743 4.35228 34.1153 -4.62085 
744 4.34984 33.7279 -4.60839 
745 4.34745 33.3398 -4.59622 
746 4.34512 32.9514 -4.58436 
747 4.34284 32.5628 -4.57281 
748 4.34061 32.1743 -4.56158 
749 4.33843 31.786 -4.55068 
750 4.3363 31.3982 -4.54012 
751 4.33422 31.0111 -4.52991 
752 4.33218 30.6249 -4.52005 
753 4.33019 30.2394 -4.51053 
754 4.32824 29.855 -4.50138 
755 4.32634 29.4716 -4.49257 
756 4.32448 29.0893 -4.48412 
757 4.32266 28.7082 -4.47603 
758 4.32088 28.3283 -4.46829 
759 4.31914 27.9499 -4.46091 
760 4.31744 27.5729 -4.45389 
761 4.31578 27.1974 -4.44723 
762 4.31415 26.8235 -4.44093 
763 4.31255 26.4513 -4.435 
764 4.31098 26.0809 -4.42942 
765 4.30945 25.7124 -4.42421 
766 4.30795 25.3459 -4.41935 
767 4.30647 24.9815 -4.41487 
768 4.30503 24.6192 -4.41074 
769 4.3036 24.2591 -4.40698 
770 4.30221 23.9014 -4.40358 
771 4.30083 23.5461 -4.40055 
772 4.29948 23.1933 -4.39788 
773 4.29815 22.8432 -4.39557 
774 4.29684 22.4959 -4.39363 
775 4.29554 22.1513 -4.39205 
776 4.29426 21.8097 -4.39083 
777 4.29299 21.4711 -4.38997 
778 4.29174 21.1356 -4.38947 
779 4.2905 20.8034 -4.38934 
780 4.28926 20.4746 -4.38956 
781 4.28804 20.1492 -4.39015 
782 4.28682 19.8273 -4.39109 
783 4.28561 19.5091 -4.39238 
784 4.2844 19.1947 -4.39403 
785 4.28319 18.8842 -4.39604 
786 4.28198 18.5777 -4.3984 
787 4.28077 18.2753 -4.40111 
788 4.27955 17.9771 -4.40417 
789 4.27833 17.6833 -4.40757 
790 4.2771 17.3939 -4.41132 
791 4.27587 17.1091 -4.41542 
792 4.27462 16.829 -4.41985 
793 4.27336 16.5537 -4.42463 
794 4.27208 16.2834 -4.42974 
795 4.27079 16.0181 -4.43519 
796 4.26948 15.7581 -4.44097 
797 4.26815 15.5033 -4.44708 
798 4.2668 15.254 -4.45351 
799 4.26543 15.0102 -4.46027 
800 4.26403 14.7722 -4.46735 
801 4.2626 14.5399 -4.47475 
802 4.26114 14.3135 -4.48246 
803 4.25965 14.093 -4.49048 
804 4.25814 13.8783 -4.49881 
805 4.25659 13.6695 -4.50744 
806 4.25501 13.4666 -4.51637 
807 4.2534 13.2696 -4.5256 
808 4.25176 13.0785 -4.53512 
809 4.25009 12.8933 -4.54493 
810 4.24838 12.714 -4.55503 
811 4.24663 12.5407 -4.5654 
812 4.24485 12.3733 -4.57605 
813 4.24304 12.2118 -4.58697 
814 4.24118 12.0563 -4.59815 
815 4.23929 11.9067 -4.6096 
816 4.23736 11.763 -4.6213 
817 4.2354 11.6252 -4.63326 
818 4.23339 11.4934 -4.64546 
819 4.23134 11.3675 -4.65789 
820 4.22925 11.2475 -4.67057 
821 4.22712 11.1334 -4.68347 
822 4.22494 11.0252 -4.69659 
823 4.22272 10.9229 -4.70993 
824 4.22046 10.8264 -4.72349 
825 4.21815 10.7358 -4.73724 
826 4.21579 10.6511 -4.75119 
827 4.21339 10.5722 -4.76534 
828 4.21094 10.4991 -4.77966 
829 4.20844 10.4318 -4.79416 
830 4.20589 10.3702 -4.80884 
831 4.20329 10.3144 -4.82367 
832 4.20064 10.2644 -4.83866 
833 4.19794 10.22 -4.8538 
834 4.19518 10.1813 -4.86907 
835 4.19237 10.1483 -4.88448 
836 4.18951 10.1208 -4.9 
837 4.18659 10.099 -4.91565 
838 4.18361 10.0827 -4.93139 
839 4.18057 10.0719 -4.94724 
840 4.17748 10.0666 -4.96317 
841 4.17433 10.0667 -4.97918 
842 4.17112 10.0723 -4.99526 
843 4.16784 10.0832 -5.0114 
844 4.1645 10.0994 -5.02759 
845 4.1611 10.1209 -5.04382 
846 4.15764 10.1477 -5.06008 
847 4.15411 10.1796 -5.07636 
848 4.15052 10.2166 -5.09265 
849 4.14685 10.2587 -5.10894 
850 4.14312 10.3059 -5.12521 
851 4.13932 10.358 -5.14147 
852 4.13546 10.415 -5.15769 
853 4.13152 10.4769 -5.17389 
854 4.12752 10.5436 -5.19005 
855 4.12344 10.6151 -5.20617 
856 4.1193 10.6913 -5.22224 
857 4.1151 10.7721 -5.23827 
858 4.11083 10.8576 -5.25424 
859 4.10649 10.9475 -5.27015 
860 4.10208 11.042 -5.28601 
861 4.09761 11.1408 -5.30179 
862 4.09308 11.244 -5.3175 
863 4.08848 11.3514 -5.33313 
864 4.08381 11.4631 -5.34869 
865 4.07909 11.5789 -5.36415 
866 4.0743 11.6987 -5.37952 
867 4.06944 11.8225 -5.39479 
868 4.06453 11.9502 -5.40996 
869 4.05955 12.0818 -5.42503 
870 4.05451 12.217 -5.43997 
871 4.04941 12.356 -5.4548 
872 4.04424 12.4985 -5.4695 
873 4.03902 12.6444 -5.48408 
874 4.03374 12.7938 -5.49851 
875 4.0284 12.9465 -5.5128 
876 4.023 13.1023 -5.52695 
877 4.01754 13.2613 -5.54094 
878 4.01203 13.4233 -5.55477 
879 4.00645 13.5882 -5.56843 
880 4.00082 13.7559 -5.58192 
881 3.99514 13.9263 -5.59523 
882 3.98939 14.0993 -5.60835 
883 3.9836 14.2747 -5.62128 
884 3.97774 14.4526 -5.63401 
885 3.97184 14.6326 -5.64653 
886 3.96588 14.8149 -5.65885 
887 3.95986 14.9991 -5.67094 
888 3.9538 15.1852 -5.6828 
889 3.94768 15.3731 -5.69444 
890 3.94151 15.5627 -5.70583 
891 3.93529 15.7537 -5.71697 
892 3.92901 15.9462 -5.72785 
893 3.92269 16.1399 -5.73848 
894 3.91632 16.3347 -5.74883 
895 3.9099 16.5305 -5.7589 
896 3.90343 16.7271 -5.76869 
897 3.89692 16.9244 -5.77818 
898 3.89036 17.1223 -5.78737 
899 3.88375 17.3205 -5.79625 
900 3.87709 17.519 -5.80482 
901 3.8704 17.7176 -5.81305 
902 3.86365 17.9163 -5.82096 
903 3.85687 18.1149 -5.82854 
904 3.85004 18.3134 -5.8358 
905 3.84317 18.5118 -5.84272 
906 3.83626 18.71 -5.84931 
907 3.8293 18.908 -5.85557 
908 3.82232 19.1056 -5.8615 
909 3.81529 19.3029 -5.8671 
910 3.80823 19.4997 -5.87236 
911 3.80113 19.6961 -5.87729 
912 3.794 19.8918 -5.88189 
913 3.78683 20.087 -5.88615 
914 3.77963 20.2815 -5.89008 
915 3.7724 20.4752 -5.89367 
916 3.76514 20.6681 -5.89693 
917 3.75785 20.8601 -5.89985 
918 3.75053 21.0511 -5.90244 
919 3.74319 21.2411 -5.90469 
920 3.73581 21.4301 -5.9066 
921 3.72842 21.6178 -5.90818 
922 3.721 21.8043 -5.90942 
923 3.71355 21.9895 -5.91032 
924 3.70609 22.1733 -5.91088 
925 3.6986 22.3556 -5.91111 
926 3.69109 22.5363 -5.91101 
927 3.68357 22.7155 -5.91056 
928 3.67603 22.8929 -5.90978 
929 3.66847 23.0686 -5.90866 
930 3.6609 23.2423 -5.90721 
931 3.65331 23.4142 -5.90542 
932 3.64571 23.584 -5.90329 
933 3.6381 23.7517 -5.90083 
934 3.63048 23.9171 -5.89804 
935 3.62286 24.0803 -5.89491 
936 3.61522 24.2411 -5.89144 
937 3.60758 24.3995 -5.88765 
938 3.59993 24.5553 -5.88351 
939 3.59227 24.7084 -5.87905 
940 3.58462 24.8588 -5.87426 
941 3.57696 25.0064 -5.86913 
942 3.5693 25.151 -5.86368 
943 3.56165 25.2926 -5.85789 
944 3.554 25.4311 -5.85178 
945 3.54635 25.5663 -5.84534 
946 3.5387 25.6983 -5.83858 
947 3.53106 25.8268 -5.83148 
948 3.52343 25.9518 -5.82407 
949 3.51581 26.0732 -5.81633 
950 3.5082 26.1908 -5.80827 
951 3.5006 26.3046 -5.79988 
952 3.49301 26.4146 -5.79118 
953 3.48544 26.5207 -5.78217 
954 3.47788 26.623 -5.77284 
955 3.47033 26.7214 -5.76321 
956 3.4628 26.8159 -5.75327 
957 3.45528 26.9065 -5.74303 
958 3.44778 26.9933 -5.73249 
959 3.4403 27.0761 -5.72166 
960 3.43283 27.1551 -5.71054 
961 3.42539 27.2301 -5.69914 
962 3.41796 27.3013 -5.68745 
963 3.41055 27.3685 -5.67548 
964 3.40316 27.4318 -5.66324 
965 3.3958 27.4912 -5.65073 
966 3.38845 27.5466 -5.63796 
967 3.38113 27.5982 -5.62493 
968 3.37383 27.6458 -5.61163 
969 3.36655 27.6894 -5.59809 
970 3.3593 27.7292 -5.5843 
971 3.35207 27.765 -5.57027 
972 3.34487 27.7968 -5.55601 
973 3.33769 27.8248 -5.54151 
974 3.33055 27.8488 -5.52678 
975 3.32343 27.8689 -5.51183 
976 3.31634 27.885 -5.49667 
977 3.30927 27.8973 -5.4813 
978 3.30224 27.9056 -5.46572 
979 3.29524 27.91 -5.44994 
980 3.28827 27.9104 -5.43397 
981 3.28134 27.907 -5.41781 
982 3.27443 27.8997 -5.40147 
983 3.26756 27.8884 -5.38495 
984 3.26073 27.8733 -5.36826 
985 3.25393 27.8543 -5.35141 
986 3.24716 27.8314 -5.3344 
987 3.24043 27.8047 -5.31725 
988 3.23374 27.7741 -5.29994 
989 3.22709 27.7396 -5.28251 
990 3.22048 27.7013 -5.26494 
991 3.21391 27.6592 -5.24725 
992 3.20738 27.6132 -5.22944 
993 3.20089 27.5634 -5.21152 
994 3.19444 27.5099 -5.1935 
995 3.18803 27.4525 -5.17539 
996 3.18167 27.3914 -5.15719 
997 3.17535 27.3265 -5.13892 
998 3.16908 27.2579 -5.12057 
999 3.16286 27.1856 -5.10216 
1000 3.15668 27.1095 -5.08369 
1001 3.15055 27.0297 -5.06518 
1002 3.14447 26.9463 -5.04662 
1003 3.13843 26.8593 -5.02802 
1004 3.13245 26.7687 -5.00939 
1005 3.12651 26.6746 -4.99073 
1006 3.12061 26.5769 -4.97204 
1007 3.11477 26.4758 -4.95333 
1008 3.10897 26.3712 -4.9346 
1009 3.10322 26.2633 -4.91585 
1010 3.09751 26.1521 -4.8971 
1011 3.09186 26.0375 -4.87834 
1012 3.08625 25.9198 -4.85958 
1013 3.08068 25.7988 -4.84082 
1014 3.07516 25.6747 -4.82206 
1015 3.06969 25.5475 -4.80333 
1016 3.06427 25.4172 -4.7846 
1017 3.05889 25.284 -4.7659 
1018 3.05355 25.1478 -4.74723 
1019 3.04827 25.0087 -4.72859 
1020 3.04302 24.8668 -4.70998 
1021 3.03783 24.7221 -4.69141 
1022 3.03268 24.5747 -4.6729 
1023 3.02757 24.4246 -4.65443 
1024 3.02251 24.2719 -4.63602 
1025 3.01749 24.1167 -4.61767 
1026 3.01252 23.959 -4.59938 
1027 3.00759 23.7989 -4.58117 
1028 3.0027 23.6365 -4.56304 
1029 2.99786 23.4717 -4.54499 
1030 2.99307 23.3047 -4.52703 
1031 2.98831 23.1356 -4.50916 
1032 2.9836 22.9644 -4.4914 
1033 2.97894 22.7912 -4.47374 
1034 2.97431 22.616 -4.45619 
1035 2.96973 22.439 -4.43876 
1036 2.96519 22.2601 -4.42145 
1037 2.9607 22.0796 -4.40427 
1038 2.95624 21.8974 -4.38722 
1039 2.95183 21.7136 -4.37032 
1040 2.94746 21.5283 -4.35356 
1041 2.94313 21.3416 -4.33696 
1042 2.93884 21.1536 -4.32052 
1043 2.9346 20.9644 -4.30425 
1044 2.93039 20.774 -4.28814 
1045 2.92623 20.5825 -4.27222 
1046 2.9221 20.39 -4.25649 
1047 2.91801 20.1966 -4.24094 
1048 2.91397 20.0024 -4.2256 
1049 2.90996 19.8075 -4.21047 
1050 2.90599 19.612 -4.19554 
1051 2.90207 19.4159 -4.18084 
1052 2.89818 19.2193 -4.16636 
1053 2.89432 19.0223 -4.1521 
1054 2.89051 18.8249 -4.13806 
1055 2.88673 18.6271 -4.12425 
1056 2.88299 18.429 -4.11067 
1057 2.87928 18.2306 -4.09731 
1058 2.87561 18.032 -4.08418 
1059 2.87197 17.8332 -4.07128 
1060 2.86836 17.6343 -4.05861 
1061 2.86479 17.4352 -4.04617 
1062 2.86125 17.2362 -4.03396 
1063 2.85775 17.0371 -4.02199 
1064 2.85427 16.8382 -4.01024 
1065 2.85082 16.6393 -3.99874 
1066 2.84741 16.4406 -3.98746 
1067 2.84402 16.2421 -3.97643 
1068 2.84066 16.0439 -3.96563 
1069 2.83733 15.8459 -3.95507 
1070 2.83403 15.6484 -3.94475 
1071 2.83075 15.4513 -3.93466 
1072 2.8275 15.2547 -3.92482 
1073 2.82428 15.0586 -3.91522 
1074 2.82108 14.8631 -3.90586 
1075 2.8179 14.6682 -3.89674 
1076 2.81475 14.4741 -3.88787 
1077 2.81161 14.2807 -3.87924 
1078 2.8085 14.0881 -3.87085 
1079 2.80542 13.8965 -3.86271 
1080 2.80235 13.7058 -3.85481 
1081 2.7993 13.5161 -3.84716 
1082 2.79627 13.3274 -3.83975 
1083 2.79325 13.1399 -3.8326 
1084 2.79026 12.9536 -3.82569 
1085 2.78728 12.7686 -3.81902 
1086 2.78432 12.5848 -3.81261 
1087 2.78137 12.4025 -3.80644 
1088 2.77843 12.2216 -3.80053 
1089 2.77551 12.0423 -3.79486 
1090 2.7726 11.8646 -3.78945 
1091 2.76971 11.6885 -3.78428 
1092 2.76682 11.5141 -3.77936 
1093 2.76395 11.3416 -3.7747 
1094 2.76108 11.1709 -3.77029 
1095 2.75822 11.0021 -3.76612 
1096 2.75537 10.8354 -3.76221 
1097 2.75253 10.6708 -3.75855 
1098 2.74969 10.5083 -3.75515 
1099 2.74686 10.3481 -3.75199 
1100 2.74403 10.1902 -3.74909 
1101 2.7412 10.0347 -3.74643 
1102 2.73838 9.88161 -3.74403 
1103 2.73556 9.73091 -3.74188 
1104 2.73274 9.58264 -3.73997 
1105 2.72992 9.43681 -3.7383 
1106 2.72711 9.29342 -3.73688 
1107 2.72429 9.15249 -3.73569 
1108 2.72148 9.01402 -3.73474 
1109 2.71866 8.87803 -3.73402 
1110 2.71585 8.74452 -3.73353 
1111 2.71303 8.6135 -3.73327 
1112 2.71021 8.48498 -3.73323 
1113 2.70739 8.35897 -3.73342 
1114 2.70457 8.23548 -3.73382 
1115 2.70174 8.11452 -3.73445 
1116 2.69891 7.99609 -3.73528 
1117 2.69608 7.8802 -3.73633 
1118 2.69324 7.76687 -3.73758 
1119 2.69039 7.65609 -3.73903 
1120 2.68754 7.54788 -3.74069 
1121 2.68469 7.44224 -3.74254 
1122 2.68183 7.33919 -3.74459 
1123 2.67896 7.23872 -3.74682 
1124 2.67608 7.14084 -3.74924 
1125 2.6732 7.04557 -3.75185 
1126 2.6703 6.9529 -3.75463 
1127 2.6674 6.86285 -3.75759 
1128 2.66449 6.77541 -3.76072 
1129 2.66157 6.6906 -3.76402 
1130 2.65864 6.60842 -3.76748 
1131 2.65569 6.52888 -3.7711 
1132 2.65274 6.45198 -3.77488 
1133 2.64977 6.37773 -3.77881 
1134 2.64679 6.30612 -3.78288 
1135 2.64379 6.23718 -3.78709 
1136 2.64078 6.17089 -3.79145 
1137 2.63776 6.10727 -3.79593 
1138 2.63472 6.04631 -3.80055 
1139 2.63167 5.98803 -3.80529 
1140 2.6286 5.93242 -3.81015 
1141 2.62551 5.87949 -3.81512 
1142 2.62241 5.82925 -3.8202 
1143 2.61928 5.78169 -3.82539 
1144 2.61614 5.73681 -3.83067 
1145 2.61298 5.69463 -3.83605 
1146 2.6098 5.65513 -3.84152 
1147 2.6066 5.61833 -3.84707 
1148 2.60338 5.58423 -3.8527 
1149 2.60013 5.55282 -3.85841 
1150 2.59687 5.52411 -3.86418 
1151 2.59358 5.4981 -3.87001 
1152 2.59027 5.47476 -3.8759 
1153 2.58693 5.45408 -3.88184 
1154 2.58358 5.43603 -3.88784 
1155 2.5802 5.42058 -3.89388 
1156 2.5768 5.40772 -3.89998 
1157 2.57337 5.39741 -3.90611 
1158 2.56992 5.38963 -3.91229 
1159 2.56645 5.38436 -3.9185 
1160 2.56296 5.38156 -3.92474 
1161 2.55945 5.38122 -3.93102 
1162 2.55591 5.38329 -3.93732 
1163 2.55235 5.38776 -3.94364 
1164 2.54877 5.39459 -3.94998 
1165 2.54516 5.40376 -3.95634 
1166 2.54153 5.41523 -3.96271 
1167 2.53789 5.42896 -3.96909 
1168 2.53421 5.44494 -3.97547 
1169 2.53052 5.46313 -3.98186 
1170 2.52681 5.48349 -3.98824 
1171 2.52307 5.50599 -3.99461 
1172 2.51931 5.53059 -4.00098 
1173 2.51553 5.55727 -4.00733 
1174 2.51173 5.58598 -4.01365 
1175 2.5079 5.61668 -4.01996 
1176 2.50405 5.64935 -4.02624 
1177 2.50019 5.68394 -4.03249 
1178 2.4963 5.72042 -4.0387 
1179 2.49239 5.75874 -4.04487 
1180 2.48845 5.79887 -4.051 
1181 2.4845 5.84076 -4.05708 
1182 2.48052 5.88438 -4.06311 
1183 2.47653 5.92968 -4.06908 
1184 2.47251 5.97661 -4.07498 
1185 2.46847 6.02514 -4.08082 
1186 2.46441 6.07523 -4.08659 
1187 2.46032 6.12682 -4.09228 
1188 2.45622 6.17987 -4.09789 
1189 2.4521 6.23434 -4.10341 
1190 2.44795 6.29018 -4.10884 
1191 2.44379 6.34733 -4.11418 
1192 2.4396 6.40576 -4.11941 
1193 2.43539 6.46541 -4.12454 
1194 2.43116 6.52624 -4.12956 
1195 2.42691 6.58818 -4.13446 
1196 2.42264 6.6512 -4.13923 
1197 2.41835 6.71523 -4.14388 
1198 2.41404 6.78023 -4.1484 
1199 2.40971 6.84614 -4.15278 
1200 2.40536 6.91291 -4.15701 
1201 2.40099 6.98048 -4.1611 
1202 2.3966 7.04883 -4.16503 
1203 2.39219 7.11792 -4.16881 
1204 2.38776 7.18772 -4.17244 
1205 2.38331 7.2582 -4.17592 
1206 2.37884 7.32933 -4.17925 
1207 2.37436 7.40109 -4.18241 
1208 2.36985 7.47343 -4.18542 
1209 2.36533 7.54632 -4.18828 
1210 2.3608 7.61974 -4.19098 
1211 2.35624 7.69365 -4.19351 
1212 2.35167 7.76801 -4.19589 
1213 2.34709 7.8428 -4.19811 
1214 2.34249 7.91797 -4.20017 
1215 2.33788 7.99349 -4.20206 
1216 2.33325 8.06933 -4.20379 
1217 2.3286 8.14545 -4.20535 
1218 2.32395 8.22181 -4.20675 
1219 2.31928 8.29838 -4.20799 
1220 2.3146 8.37512 -4.20905 
1221 2.3099 8.45199 -4.20995 
1222 2.3052 8.52895 -4.21068 
1223 2.30048 8.60596 -4.21124 
1224 2.29575 8.68299 -4.21163 
1225 2.29102 8.75999 -4.21185 
1226 2.28627 8.83693 -4.21189 
1227 2.28151 8.91375 -4.21176 
1228 2.27674 8.99043 -4.21146 
1229 2.27197 9.06692 -4.21098 
1230 2.26719 9.14317 -4.21033 
1231 2.26239 9.21914 -4.20949 
1232 2.2576 9.29479 -4.20848 
1233 2.25279 9.37008 -4.20729 
1234 2.24798 9.44496 -4.20592 
1235 2.24316 9.51938 -4.20437 
1236 2.23834 9.5933 -4.20264 
1237 2.23351 9.66668 -4.20073 
1238 2.22868 9.73946 -4.19863 
1239 2.22384 9.8116 -4.19634 
1240 2.21901 9.88305 -4.19387 
1241 2.21416 9.95376 -4.19122 
1242 2.20932 10.0237 -4.18838 
1243 2.20447 10.0928 -4.18535 
1244 2.19962 10.161 -4.18213 
1245 2.19478 10.2282 -4.17872 
1246 2.18993 10.2945 -4.17511 
1247 2.18508 10.3597 -4.17132 
1248 2.18023 10.4239 -4.16734 
1249 2.17538 10.4869 -4.16316 
1250 2.17053 10.5487 -4.15878 
1251 2.16569 10.6092 -4.15422 
1252 2.16085 10.6685 -4.14945 
1253 2.15601 10.7265 -4.1445 
1254 2.15117 10.7832 -4.13935 
1255 2.14634 10.8387 -4.13402 
1256 2.14151 10.8928 -4.1285 
1257 2.13668 10.9457 -4.1228 
1258 2.13186 10.9972 -4.11691 
1259 2.12705 11.0474 -4.11084 
1260 2.12224 11.0963 -4.10459 
1261 2.11743 11.1438 -4.09817 
1262 2.11263 11.19 -4.09157 
1263 2.10784 11.2348 -4.08479 
1264 2.10306 11.2783 -4.07785 
1265 2.09828 11.3204 -4.07074 
1266 2.0935 11.3611 -4.06346 
1267 2.08874 11.4005 -4.05601 
1268 2.08398 11.4384 -4.04841 
1269 2.07923 11.4749 -4.04064 
1270 2.07449 11.51 -4.03272 
1271 2.06976 11.5437 -4.02464 
1272 2.06504 11.576 -4.01641 
1273 2.06033 11.6068 -4.00803 
1274 2.05563 11.6362 -3.9995 
1275 2.05094 11.6641 -3.99083 
1276 2.04626 11.6906 -3.98201 
1277 2.04159 11.7155 -3.97305 
1278 2.03693 11.739 -3.96396 
1279 2.03229 11.7611 -3.95473 
1280 2.02766 11.7816 -3.94537 
1281 2.02304 11.8006 -3.93588 
1282 2.01843 11.8181 -3.92626 
1283 2.01384 11.8341 -3.91652 
1284 2.00926 11.8485 -3.90666 
1285 2.00469 11.8614 -3.89668 
1286 2.00014 11.8728 -3.88659 
1287 1.99561 11.8826 -3.87639 
1288 1.99109 11.8908 -3.86607 
1289 1.98659 11.8975 -3.85565 
1290 1.9821 11.9026 -3.84513 
1291 1.97763 11.9061 -3.83451 
1292 1.97318 11.908 -3.82379 
1293 1.96874 11.9083 -3.81298 
1294 1.96433 11.907 -3.80208 
1295 1.95993 11.904 -3.79109 
1296 1.95555 11.8995 -3.78002 
1297 1.95119 11.8933 -3.76888 
1298 1.94684 11.8854 -3.75765 
1299 1.94252 11.8759 -3.74636 
1300 1.93822 11.8647 -3.73499 
1301 1.93394 11.8519 -3.72356 
1302 1.92968 11.8374 -3.71207 
1303 1.92545 11.8213 -3.70051 
1304 1.92123 11.8036 -3.6889 
1305 1.91703 11.7842 -3.67724 
1306 1.91286 11.7632 -3.66552 
1307 1.9087 11.7407 -3.65375 
1308 1.90457 11.7165 -3.64193 
1309 1.90046 11.6909 -3.63007 
1310 1.89637 11.6636 -3.61816 
1311 1.8923 11.6349 -3.60622 
1312 1.88825 11.6046 -3.59424 
1313 1.88422 11.5729 -3.58223 
1314 1.88021 11.5397 -3.57018 
1315 1.87623 11.505 -3.5581 
1316 1.87227 11.4689 -3.546 
1317 1.86832 11.4313 -3.53388 
1318 1.8644 11.3924 -3.52174 
1319 1.8605 11.352 -3.50958 
1320 1.85662 11.3103 -3.49741 
1321 1.85277 11.2673 -3.48522 
1322 1.84893 11.2229 -3.47303 
1323 1.84512 11.1772 -3.46083 
1324 1.84132 11.1302 -3.44863 
1325 1.83755 11.082 -3.43644 
1326 1.8338 11.0325 -3.42424 
1327 1.83007 10.9817 -3.41206 
1328 1.82637 10.9298 -3.39989 
1329 1.82268 10.8766 -3.38773 
1330 1.81902 10.8223 -3.37559 
1331 1.81537 10.7669 -3.36347 
1332 1.81175 10.7103 -3.35137 
1333 1.80815 10.6527 -3.33931 
1334 1.80458 10.5939 -3.32727 
1335 1.80102 10.5341 -3.31527 
1336 1.79748 10.4733 -3.30331 
1337 1.79397 10.4115 -3.29139 
1338 1.79048 10.3487 -3.27952 
1339 1.78701 10.2849 -3.26769 
1340 1.78356 10.2202 -3.25592 
1341 1.78013 10.1546 -3.24421 
1342 1.77673 10.0881 -3.23256 
1343 1.77335 10.0208 -3.22097 
1344 1.76998 9.95265 -3.20945 
1345 1.76664 9.88369 -3.198 
1346 1.76333 9.81395 -3.18663 
1347 1.76003 9.74348 -3.17534 
1348 1.75675 9.67228 -3.16413 
1349 1.7535 9.6004 -3.15301 
1350 1.75027 9.52786 -3.14199 
1351 1.74706 9.45468 -3.13106 
1352 1.74387 9.38089 -3.12022 
1353 1.7407 9.30651 -3.10949 
1354 1.73756 9.23157 -3.09885 
1355 1.73443 9.15607 -3.08832 
1356 1.73132 9.08005 -3.07789 
1357 1.72824 9.00353 -3.06756 
1358 1.72518 8.92652 -3.05733 
1359 1.72213 8.84906 -3.04721 
1360 1.7191 8.77116 -3.03719 
1361 1.7161 8.69284 -3.02728 
1362 1.71311 8.61414 -3.01748 
1363 1.71014 8.53507 -3.00778 
1364 1.70719 8.45566 -2.9982 
1365 1.70426 8.37592 -2.98872 
1366 1.70135 8.2959 -2.97936 
1367 1.69845 8.21561 -2.97011 
1368 1.69558 8.13507 -2.96098 
1369 1.69272 8.05431 -2.95196 
1370 1.68987 7.97336 -2.94305 
1371 1.68705 7.89225 -2.93426 
1372 1.68424 7.81099 -2.92559 
1373 1.68144 7.72962 -2.91704 
1374 1.67867 7.64816 -2.90861 
1375 1.6759 7.56665 -2.9003 
1376 1.67316 7.4851 -2.89211 
1377 1.67043 7.40354 -2.88405 
1378 1.66771 7.32201 -2.8761 
1379 1.66501 7.24053 -2.86829 
1380 1.66232 7.15913 -2.8606 
1381 1.65965 7.07784 -2.85304 
1382 1.65699 6.99669 -2.8456 
1383 1.65434 6.91571 -2.8383 
1384 1.65171 6.83493 -2.83113 
1385 1.64909 6.75437 -2.82409 
1386 1.64648 6.67408 -2.81718 
1387 1.64389 6.59407 -2.8104 
1388 1.64131 6.51439 -2.80376 
1389 1.63874 6.43506 -2.79726 
1390 1.63618 6.35611 -2.79089 
1391 1.63363 6.27758 -2.78466 
1392 1.63109 6.19951 -2.77858 
1393 1.62856 6.12191 -2.77263 
1394 1.62605 6.04483 -2.76682 
1395 1.62354 5.9683 -2.76116 
1396 1.62104 5.89235 -2.75563 
1397 1.61855 5.81702 -2.75026 
1398 1.61608 5.74235 -2.74503 
1399 1.61361 5.66836 -2.73995 
1400 1.61114 5.59509 -2.73501 
1401 1.60869 5.52258 -2.73022 
1402 1.60624 5.45083 -2.72559 
1403 1.6038 5.37986 -2.7211 
1404 1.60137 5.30966 -2.71675 
1405 1.59895 5.24026 -2.71255 
1406 1.59653 5.17165 -2.70849 
1407 1.59412 5.10385 -2.70458 
1408 1.59172 5.03686 -2.70081 
1409 1.58932 4.97069 -2.69718 
1410 1.58692 4.90534 -2.69368 
1411 1.58454 4.84083 -2.69033 
1412 1.58216 4.77717 -2.68711 
1413 1.57978 4.71435 -2.68402 
1414 1.57741 4.65239 -2.68107 
1415 1.57504 4.59131 -2.67825 
1416 1.57268 4.53109 -2.67557 
1417 1.57032 4.47176 -2.67301 
1418 1.56797 4.41332 -2.67058 
1419 1.56562 4.35578 -2.66827 
1420 1.56327 4.29914 -2.6661 
1421 1.56092 4.24342 -2.66404 
1422 1.55858 4.18863 -2.66211 
1423 1.55624 4.13476 -2.6603 
1424 1.55391 4.08184 -2.6586 
1425 1.55157 4.02986 -2.65703 
1426 1.54924 3.97884 -2.65556 
1427 1.54691 3.92878 -2.65422 
1428 1.54458 3.8797 -2.65298 
1429 1.54225 3.83159 -2.65186 
1430 1.53992 3.78448 -2.65085 
1431 1.53759 3.73836 -2.64994 
1432 1.53527 3.69325 -2.64913 
1433 1.53294 3.64915 -2.64844 
1434 1.53061 3.60607 -2.64784 
1435 1.52828 3.56403 -2.64734 
1436 1.52595 3.52303 -2.64694 
1437 1.52362 3.48307 -2.64663 
1438 1.52129 3.44417 -2.64642 
1439 1.51896 3.40634 -2.64631 
1440 1.51662 3.36958 -2.64628 
1441 1.51428 3.3339 -2.64633 
1442 1.51194 3.29932 -2.64648 
1443 1.50959 3.26583 -2.64671 
1444 1.50725 3.23346 -2.64702 
1445 1.50489 3.2022 -2.64741 
1446 1.50254 3.17206 -2.64787 
1447 1.50018 3.14307 -2.64841 
1448 1.49782 3.11521 -2.64902 
1449 1.49545 3.08851 -2.64971 
1450 1.49307 3.06297 -2.65046 
1451 1.49069 3.0386 -2.65128 
1452 1.48831 3.01539 -2.65216 
1453 1.48592 2.99333 -2.6531 
1454 1.48352 2.97242 -2.6541 
1455 1.48112 2.95265 -2.65517 
1456 1.47871 2.93401 -2.65628 
1457 1.4763 2.9165 -2.65746 
1458 1.47388 2.90009 -2.65868 
1459 1.47146 2.88479 -2.65996 
1460 1.46903 2.87059 -2.66128 
1461 1.46659 2.85747 -2.66265 
1462 1.46415 2.84543 -2.66407 
1463 1.4617 2.83446 -2.66553 
1464 1.45925 2.82455 -2.66703 
1465 1.45679 2.81568 -2.66857 
1466 1.45432 2.80785 -2.67014 
1467 1.45185 2.80106 -2.67175 
1468 1.44937 2.79527 -2.67339 
1469 1.44689 2.7905 -2.67506 
1470 1.4444 2.78673 -2.67676 
1471 1.4419 2.78394 -2.67848 
1472 1.4394 2.78212 -2.68022 
1473 1.43689 2.78127 -2.68199 
1474 1.43437 2.78137 -2.68377 
1475 1.43185 2.78242 -2.68557 
1476 1.42932 2.78439 -2.68739 
1477 1.42678 2.78728 -2.68921 
1478 1.42424 2.79108 -2.69105 
1479 1.42169 2.79577 -2.69288 
1480 1.41913 2.80134 -2.69473 
1481 1.41657 2.80778 -2.69657 
1482 1.414 2.81507 -2.69842 
1483 1.41143 2.82321 -2.70025 
1484 1.40884 2.83218 -2.70209 
1485 1.40625 2.84196 -2.70391 
1486 1.40365 2.85255 -2.70572 
1487 1.40105 2.86393 -2.70752 
1488 1.39844 2.87608 -2.7093 
1489 1.39582 2.88899 -2.71105 
1490 1.39319 2.90265 -2.71279 
1491 1.39056 2.91704 -2.7145 
1492 1.38792 2.93215 -2.71618 
1493 1.38527 2.94796 -2.71783 
1494 1.38262 2.96446 -2.71945 
1495 1.37995 2.98163 -2.72103 
1496 1.37728 2.99946 -2.72256 
1497 1.3746 3.01793 -2.72406 
1498 1.37192 3.03702 -2.72551 
1499 1.36922 3.05673 -2.72691 
1500 1.36652 3.07703 -2.72825 
1501 1.36381 3.0979 -2.72954 
1502 1.3611 3.11934 -2.73078 
1503 1.35837 3.14133 -2.73196 
1504 1.35564 3.16385 -2.73308 
1505 1.3529 3.18689 -2.73414 
1506 1.35016 3.21044 -2.73514 
1507 1.3474 3.23448 -2.73608 
1508 1.34464 3.259 -2.73696 
1509 1.34188 3.28398 -2.73777 
1510 1.3391 3.30941 -2.73853 
1511 1.33632 3.33527 -2.73922 
1512 1.33354 3.36155 -2.73984 
1513 1.33075 3.38823 -2.7404 
1514 1.32795 3.41529 -2.74089 
1515 1.32514 3.44272 -2.74131 
1516 1.32233 3.4705 -2.74167 
1517 1.31952 3.49862 -2.74195 
1518 1.3167 3.52706 -2.74216 
1519 1.31387 3.5558 -2.74231 
1520 1.31104 3.58483 -2.74238 
1521 1.30821 3.61413 -2.74237 
1522 1.30537 3.64368 -2.7423 
1523 1.30252 3.67346 -2.74214 
1524 1.29967 3.70345 -2.74191 
1525 1.29682 3.73365 -2.7416 
1526 1.29396 3.76403 -2.74122 
1527 1.2911 3.79456 -2.74075 
1528 1.28824 3.82524 -2.74021 
1529 1.28537 3.85605 -2.73958 
1530 1.28249 3.88696 -2.73887 
1531 1.27962 3.91795 -2.73808 
1532 1.27674 3.94902 -2.7372 
1533 1.27386 3.98013 -2.73624 
1534 1.27097 4.01126 -2.73519 
1535 1.26808 4.04241 -2.73405 
1536 1.26519 4.07354 -2.73283 
1537 1.2623 4.10464 -2.73151 
1538 1.25941 4.13569 -2.7301 
1539 1.25651 4.16666 -2.72861 
1540 1.25361 4.19754 -2.72701 
1541 1.25071 4.2283 -2.72533 
1542 1.24781 4.25893 -2.72355 
1543 1.24491 4.28939 -2.72167 
1544 1.242 4.31968 -2.7197 
1545 1.2391 4.34976 -2.71762 
1546 1.23619 4.37961 -2.71545 
1547 1.23328 4.40922 -2.71318 
1548 1.23038 4.43855 -2.7108 
1549 1.22747 4.4676 -2.70832 
1550 1.22456 4.49632 -2.70574 
1551 1.22165 4.52471 -2.70305 
1552 1.21875 4.55275 -2.70026 
1553 1.21584 4.58044 -2.69736 
1554 1.21293 4.60778 -2.69436 
1555 1.21003 4.63474 -2.69126 
1556 1.20712 4.66134 -2.68805 
1557 1.20422 4.68756 -2.68474 
1558 1.20132 4.7134 -2.68133 
1559 1.19841 4.73885 -2.67783 
1560 1.19551 4.76391 -2.67422 
1561 1.19262 4.78856 -2.67051 
1562 1.18972 4.81281 -2.66671 
1563 1.18683 4.83664 -2.66281 
1564 1.18393 4.86005 -2.65881 
1565 1.18104 4.88303 -2.65472 
1566 1.17816 4.90558 -2.65053 
1567 1.17527 4.92769 -2.64625 
1568 1.17239 4.94935 -2.64188 
1569 1.16951 4.97056 -2.63742 
1570 1.16664 4.9913 -2.63286 
1571 1.16377 5.01158 -2.62821 
1572 1.1609 5.03139 -2.62348 
1573 1.15804 5.05071 -2.61865 
1574 1.15518 5.06955 -2.61374 
1575 1.15232 5.08789 -2.60874 
1576 1.14947 5.10573 -2.60366 
1577 1.14662 5.12306 -2.59849 
1578 1.14378 5.13988 -2.59324 
1579 1.14094 5.15617 -2.58791 
1580 1.13811 5.17193 -2.58249 
1581 1.13528 5.18716 -2.57699 
1582 1.13246 5.20184 -2.57141 
1583 1.12965 5.21597 -2.56576 
1584 1.12684 5.22953 -2.56003 
1585 1.12403 5.24253 -2.55422 
1586 1.12124 5.25496 -2.54833 
1587 1.11845 5.26681 -2.54237 
1588 1.11566 5.27806 -2.53634 
1589 1.11288 5.28872 -2.53023 
1590 1.11011 5.29877 -2.52406 
1591 1.10735 5.30822 -2.51781 
1592 1.10459 5.31704 -2.51149 
1593 1.10184 5.32523 -2.50511 
1594 1.0991 5.33279 -2.49866 
1595 1.09637 5.3397 -2.49215 
1596 1.09365 5.34596 -2.48557 
1597 1.09093 5.35157 -2.47893 
1598 1.08822 5.3565 -2.47222 
1599 1.08552 5.36076 -2.46546 
1600 1.08283 5.36434 -2.45864 
1601 1.08015 5.36722 -2.45176 
1602 1.07748 5.36942 -2.44482 
1603 1.07482 5.37093 -2.43783 
1604 1.07216 5.37176 -2.43079 
1605 1.06952 5.3719 -2.42369 
1606 1.06689 5.37138 -2.41654 
1607 1.06426 5.37018 -2.40934 
1608 1.06165 5.36831 -2.4021 
1609 1.05904 5.36578 -2.39481 
1610 1.05644 5.36258 -2.38747 
1611 1.05386 5.35873 -2.38009 
1612 1.05128 5.35423 -2.37267 
1613 1.04872 5.34907 -2.3652 
1614 1.04616 5.34327 -2.3577 
1615 1.04361 5.33682 -2.35017 
1616 1.04107 5.32974 -2.34259 
1617 1.03855 5.32203 -2.33498 
1618 1.03603 5.31368 -2.32734 
1619 1.03352 5.30471 -2.31967 
1620 1.03103 5.29512 -2.31197 
1621 1.02854 5.28491 -2.30424 
1622 1.02607 5.27409 -2.29649 
1623 1.0236 5.26266 -2.28871 
1624 1.02115 5.25063 -2.28091 
1625 1.0187 5.238 -2.27309 
1626 1.01627 5.22478 -2.26525 
1627 1.01384 5.21097 -2.2574 
1628 1.01143 5.19657 -2.24952 
1629 1.00903 5.1816 -2.24164 
1630 1.00664 5.16605 -2.23374 
1631 1.00426 5.14993 -2.22583 
1632 1.00189 5.13325 -2.21792 
1633 0.999529 5.11601 -2.21 
1634 0.997181 5.09822 -2.20207 
1635 0.994844 5.07989 -2.19414 
1636 0.992519 5.06101 -2.18622 
1637 0.990205 5.04159 -2.17829 
1638 0.987901 5.02164 -2.17037 
1639 0.98561 5.00117 -2.16245 
1640 0.983329 4.98018 -2.15454 
1641 0.98106 4.95868 -2.14664 
1642 0.978802 4.93667 -2.13875 
1643 0.976556 4.91416 -2.13087 
1644 0.974322 4.89115 -2.12301 
1645 0.972099 4.86766 -2.11517 
1646 0.969887 4.84368 -2.10735 
1647 0.967688 4.81923 -2.09954 
1648 0.9655 4.79431 -2.09177 
1649 0.963324 4.76892 -2.08402 
1650 0.96116 4.74308 -2.0763 
1651 0.959008 4.71679 -2.0686 
1652 0.956867 4.69005 -2.06094 
1653 0.954739 4.66289 -2.05332 
1654 0.952622 4.63531 -2.04572 
1655 0.950517 4.60731 -2.03816 
1656 0.948424 4.57891 -2.03064 
1657 0.946342 4.55012 -2.02315 
1658 0.944271 4.52095 -2.01569 
1659 0.942212 4.49141 -2.00828 
1660 0.940164 4.4615 -2.0009 
1661 0.938127 4.43125 -1.99356 
1662 0.936101 4.40065 -1.98627 
1663 0.934087 4.36972 -1.97901 
1664 0.932083 4.33848 -1.9718 
1665 0.93009 4.30692 -1.96462 
1666 0.928107 4.27507 -1.9575 
1667 0.926136 4.24293 -1.95041 
1668 0.924175 4.21051 -1.94338 
1669 0.922224 4.17783 -1.93639 
1670 0.920284 4.1449 -1.92945 
1671 0.918354 4.11172 -1.92255 
1672 0.916435 4.07832 -1.91571 
1673 0.914526 4.0447 -1.90891 
1674 0.912626 4.01087 -1.90217 
1675 0.910737 3.97685 -1.89548 
1676 0.908857 3.94264 -1.88884 
1677 0.906987 3.90826 -1.88226 
1678 0.905127 3.87373 -1.87574 
1679 0.903277 3.83905 -1.86927 
1680 0.901436 3.80424 -1.86285 
1681 0.899604 3.76931 -1.8565 
1682 0.897782 3.73427 -1.8502 
1683 0.895969 3.69914 -1.84397 
1684 0.894165 3.66392 -1.8378 
1685 0.89237 3.62864 -1.83169 
1686 0.890584 3.5933 -1.82564 
1687 0.888807 3.55793 -1.81966 
1688 0.887038 3.52252 -1.81374 
1689 0.885279 3.4871 -1.80789 
1690 0.883527 3.45168 -1.80211 
1691 0.881784 3.41627 -1.7964 
1692 0.88005 3.38089 -1.79076 
1693 0.878324 3.34555 -1.78519 
1694 0.876605 3.31027 -1.77969 
1695 0.874895 3.27506 -1.77427 
1696 0.873193 3.23994 -1.76892 
1697 0.871499 3.20491 -1.76364 
1698 0.869812 3.17 -1.75844 
1699 0.868133 3.13522 -1.75332 
1700 0.866461 3.10058 -1.74828 
1701 0.864797 3.06611 -1.74332 
1702 0.86314 3.03179 -1.73844 
1703 0.86149 2.99765 -1.73364 
1704 0.859848 2.96369 -1.72892 
1705 0.858212 2.9299 -1.72427 
1706 0.856583 2.8963 -1.71971 
1707 0.854961 2.86289 -1.71522 
1708 0.853345 2.82968 -1.71081 
1709 0.851736 2.79666 -1.70648 
1710 0.850133 2.76386 -1.70223 
1711 0.848537 2.73126 -1.69805 
1712 0.846946 2.69889 -1.69395 
1713 0.845362 2.66674 -1.68992 
1714 0.843783 2.63481 -1.68597 
1715 0.84221 2.60312 -1.6821 
1716 0.840643 2.57167 -1.6783 
1717 0.839082 2.54046 -1.67457 
1718 0.837525 2.50951 -1.67092 
1719 0.835974 2.47881 -1.66735 
1720 0.834429 2.44837 -1.66384 
1721 0.832888 2.4182 -1.66041 
1722 0.831352 2.38831 -1.65705 
1723 0.829821 2.35869 -1.65376 
1724 0.828294 2.32936 -1.65054 
1725 0.826772 2.30032 -1.6474 
1726 0.825254 2.27158 -1.64432 
1727 0.823741 2.24314 -1.64132 
1728 0.822232 2.21501 -1.63838 
1729 0.820726 2.1872 -1.63551 
1730 0.819225 2.15971 -1.63271 
1731 0.817727 2.13254 -1.62998 
1732 0.816233 2.10571 -1.62732 
1733 0.814743 2.07922 -1.62472 
1734 0.813255 2.05307 -1.62219 
1735 0.811771 2.02728 -1.61972 
1736 0.81029 2.00185 -1.61732 
1737 0.808812 1.97678 -1.61498 
1738 0.807337 1.95208 -1.61271 
1739 0.805864 1.92777 -1.6105 
1740 0.804394 1.90383 -1.60835 
1741 0.802926 1.88029 -1.60627 
1742 0.80146 1.85715 -1.60424 
1743 0.799997 1.83441 -1.60228 
1744 0.798535 1.81208 -1.60038 
1745 0.797075 1.79018 -1.59853 
1746 0.795617 1.76869 -1.59675 
1747 0.794161 1.74764 -1.59502 
1748 0.792705 1.72703 -1.59335 
1749 0.791251 1.70686 -1.59174 
1750 0.789799 1.68715 -1.59018 
1751 0.788347 1.66789 -1.58868 
1752 0.786896 1.64909 -1.58724 
1753 0.785445 1.63075 -1.58584 
1754 0.783996 1.61286 -1.5845 
1755 0.782547 1.59543 -1.58322 
1756 0.781099 1.57845 -1.58198 
1757 0.779652 1.56192 -1.58079 
1758 0.778205 1.54584 -1.57965 
1759 0.776758 1.5302 -1.57856 
1760 0.775312 1.51501 -1.57752 
1761 0.773867 1.50026 -1.57652 
1762 0.772421 1.48595 -1.57557 
1763 0.770977 1.47209 -1.57466 
1764 0.769532 1.45866 -1.57379 
1765 0.768087 1.44566 -1.57297 
1766 0.766643 1.4331 -1.57219 
1767 0.765198 1.42097 -1.57144 
1768 0.763754 1.40927 -1.57074 
1769 0.762309 1.398 -1.57007 
1770 0.760865 1.38715 -1.56944 
1771 0.75942 1.37673 -1.56884 
1772 0.757975 1.36672 -1.56828 
1773 0.75653 1.35714 -1.56775 
1774 0.755084 1.34797 -1.56726 
1775 0.753638 1.33921 -1.56679 
1776 0.752191 1.33087 -1.56636 
1777 0.750744 1.32293 -1.56595 
1778 0.749296 1.3154 -1.56557 
1779 0.747848 1.30828 -1.56521 
1780 0.746399 1.30156 -1.56488 
1781 0.744949 1.29524 -1.56458 
1782 0.743498 1.28931 -1.56429 
1783 0.742046 1.28378 -1.56403 
1784 0.740593 1.27864 -1.56379 
1785 0.73914 1.27389 -1.56356 
1786 0.737685 1.26952 -1.56335 
1787 0.736229 1.26554 -1.56316 
1788 0.734771 1.26193 -1.56299 
1789 0.733313 1.25871 -1.56282 
1790 0.731853 1.25586 -1.56267 
1791 0.730392 1.25338 -1.56253 
1792 0.728929 1.25127 -1.56239 
1793 0.727464 1.24952 -1.56227 
1794 0.725998 1.24814 -1.56215 
1795 0.724531 1.24711 -1.56204 
1796 0.723061 1.24644 -1.56193 
1797 0.72159 1.24613 -1.56182 
1798 0.720117 1.24616 -1.56171 
1799 0.718641 1.24655 -1.5616 
1800 0.717164 1.24727 -1.56149 
1801 0.715685 1.24833 -1.56138 
1802 0.714204 1.24973 -1.56126 
1803 0.71272 1.25146 -1.56114 
1804 0.711235 1.25351 -1.56101 
1805 0.709748 1.25588 -1.56087 
1806 0.708258 1.25857 -1.56073 
1807 0.706767 1.26156 -1.56058 
1808 0.705274 1.26485 -1.56042 
1809 0.70378 1.26844 -1.56025 
1810 0.702283 1.27232 -1.56008 
1811 0.700785 1.27649 -1.55989 
1812 0.699285 1.28094 -1.55969 
1813 0.697783 1.28566 -1.55948 
1814 0.69628 1.29064 -1.55925 
1815 0.694775 1.29589 -1.55901 
1816 0.693269 1.3014 -1.55876 
1817 0.691761 1.30715 -1.5585 
1818 0.690251 1.31315 -1.55821 
1819 0.68874 1.31939 -1.55792 
1820 0.687228 1.32585 -1.5576 
1821 0.685715 1.33255 -1.55727 
1822 0.6842 1.33946 -1.55692 
1823 0.682683 1.34658 -1.55655 
1824 0.681166 1.3539 -1.55615 
1825 0.679647 1.36143 -1.55574 
1826 0.678127 1.36915 -1.55531 
1827 0.676606 1.37705 -1.55485 
1828 0.675084 1.38513 -1.55437 
1829 0.673561 1.39338 -1.55387 
1830 0.672037 1.4018 -1.55334 
1831 0.670512 1.41037 -1.55278 
1832 0.668985 1.4191 -1.5522 
1833 0.667458 1.42797 -1.55159 
1834 0.66593 1.43698 -1.55096 
1835 0.664402 1.44611 -1.55029 
1836 0.662872 1.45537 -1.54959 
1837 0.661342 1.46474 -1.54887 
1838 0.659811 1.47421 -1.54811 
1839 0.658279 1.48379 -1.54732 
1840 0.656747 1.49346 -1.54649 
1841 0.655214 1.50321 -1.54563 
1842 0.653681 1.51304 -1.54474 
1843 0.652147 1.52294 -1.54381 
1844 0.650613 1.5329 -1.54284 
1845 0.649078 1.54291 -1.54184 
1846 0.647543 1.55297 -1.54079 
1847 0.646008 1.56306 -1.53971 
1848 0.644472 1.57318 -1.53858 
1849 0.642936 1.58332 -1.53741 
1850 0.6414 1.59348 -1.53621 
1851 0.639864 1.60363 -1.53495 
1852 0.638327 1.61379 -1.53366 
1853 0.636791 1.62394 -1.53232 
1854 0.635254 1.63409 -1.53093 
1855 0.633718 1.64422 -1.5295 
1856 0.632181 1.65433 -1.52803 
1857 0.630645 1.66442 -1.52652 
1858 0.629109 1.67449 -1.52496 
1859 0.627574 1.68452 -1.52336 
1860 0.626039 1.69452 -1.52172 
1861 0.624504 1.70448 -1.52004 
1862 0.62297 1.7144 -1.51831 
1863 0.621436 1.72427 -1.51654 
1864 0.619903 1.73409 -1.51472 
1865 0.61837 1.74385 -1.51287 
1866 0.616838 1.75354 -1.51097 
1867 0.615307 1.76317 -1.50902 
1868 0.613777 1.77273 -1.50704 
1869 0.612248 1.78222 -1.50501 
1870 0.610719 1.79162 -1.50295 
1871 0.609192 1.80094 -1.50084 
1872 0.607665 1.81017 -1.49868 
1873 0.60614 1.8193 -1.49649 
1874 0.604616 1.82833 -1.49425 
1875 0.603094 1.83726 -1.49198 
1876 0.601572 1.84608 -1.48966 
1877 0.600052 1.85478 -1.4873 
1878 0.598534 1.86336 -1.4849 
1879 0.597017 1.87182 -1.48245 
1880 0.595501 1.88014 -1.47997 
1881 0.593987 1.88833 -1.47744 
1882 0.592475 1.89638 -1.47488 
1883 0.590965 1.90429 -1.47227 
1884 0.589456 1.91204 -1.46962 
1885 0.587949 1.91964 -1.46694 
1886 0.586445 1.92707 -1.46421 
1887 0.584942 1.93434 -1.46144 
1888 0.583441 1.94143 -1.45863 
1889 0.581943 1.94834 -1.45578 
1890 0.580447 1.95507 -1.4529 
1891 0.578953 1.96162 -1.44997 
1892 0.577461 1.96796 -1.447 
1893 0.575972 1.97411 -1.44399 
1894 0.574485 1.98004 -1.44095 
1895 0.573001 1.98577 -1.43786 
1896 0.571519 1.99128 -1.43474 
1897 0.57004 1.99656 -1.43158 
1898 0.568564 2.00162 -1.42838 
1899 0.567091 2.00643 -1.42514 
1900 0.56562 2.01101 -1.42186 
1901 0.564153 2.01534 -1.41854 
1902 0.562688 2.01942 -1.41519 
1903 0.561227 2.02326 -1.4118 
1904 0.559768 2.02685 -1.40838 
1905 0.558313 2.0302 -1.40492 
1906 0.556862 2.03331 -1.40142 
1907 0.555413 2.03617 -1.3979 
1908 0.553969 2.03879 -1.39434 
1909 0.552528 2.04117 -1.39075 
1910 0.55109 2.04332 -1.38713 
1911 0.549656 2.04522 -1.38348 
1912 0.548226 2.04689 -1.3798 
1913 0.5468 2.04832 -1.3761 
1914 0.545378 2.04952 -1.37237 
1915 0.54396 2.05049 -1.36861 
1916 0.542547 2.05122 -1.36483 
1917 0.541137 2.05172 -1.36103 
1918 0.539732 2.05199 -1.3572 
1919 0.538331 2.05203 -1.35336 
1920 0.536935 2.05184 -1.34949 
1921 0.535543 2.05143 -1.3456 
1922 0.534156 2.05079 -1.34169 
1923 0.532773 2.04993 -1.33777 
1924 0.531396 2.04885 -1.33383 
1925 0.530023 2.04754 -1.32988 
1926 0.528655 2.04602 -1.32591 
1927 0.527293 2.04427 -1.32193 
1928 0.525935 2.04231 -1.31793 
1929 0.524583 2.04013 -1.31393 
1930 0.523236 2.03774 -1.30991 
1931 0.521895 2.03513 -1.30589 
1932 0.520559 2.03231 -1.30186 
1933 0.519228 2.02928 -1.29782 
1934 0.517904 2.02605 -1.29378 
1935 0.516585 2.0226 -1.28973 
1936 0.515272 2.01895 -1.28568 
1937 0.513965 2.0151 -1.28163 
1938 0.512664 2.01104 -1.27758 
1939 0.511369 2.00678 -1.27353 
1940 0.51008 2.00232 -1.26948 
1941 0.508798 1.99766 -1.26543 
1942 0.507522 1.9928 -1.26139 
1943 0.506253 1.98775 -1.25735 
1944 0.50499 1.98251 -1.25332 
1945 0.503733 1.97708 -1.24929 
1946 0.502484 1.97145 -1.24528 
1947 0.501241 1.96564 -1.24128 
1948 0.500006 1.95964 -1.23728 
1949 0.498777 1.95345 -1.2333 
1950 0.497555 1.94709 -1.22934 
1951 0.496341 1.94054 -1.22539 
1952 0.495134 1.93381 -1.22145 
1953 0.493933 1.9269 -1.21753 
1954 0.49274 1.91982 -1.21362 
1955 0.491552 1.91257 -1.20973 
1956 0.490371 1.90514 -1.20584 
1957 0.489197 1.89754 -1.20197 
1958 0.488028 1.88978 -1.19811 
1959 0.486864 1.88185 -1.19426 
1960 0.485707 1.87376 -1.19043 
1961 0.484555 1.8655 -1.1866 
1962 0.483408 1.85709 -1.18277 
1963 0.482265 1.84852 -1.17896 
1964 0.481128 1.8398 -1.17516 
1965 0.479996 1.83092 -1.17136 
1966 0.478867 1.8219 -1.16756 
1967 0.477743 1.81272 -1.16378 
1968 0.476623 1.8034 -1.15999 
1969 0.475507 1.79394 -1.15621 
1970 0.474395 1.78433 -1.15244 
1971 0.473286 1.77459 -1.14866 
1972 0.47218 1.76471 -1.14489 
1973 0.471077 1.75469 -1.14112 
1974 0.469977 1.74454 -1.13735 
1975 0.46888 1.73427 -1.13358 
1976 0.467785 1.72387 -1.12981 
1977 0.466692 1.71334 -1.12604 
1978 0.465602 1.70269 -1.12226 
1979 0.464513 1.69192 -1.11848 
1980 0.463426 1.68104 -1.1147 
1981 0.462341 1.67004 -1.11091 
1982 0.461256 1.65893 -1.10712 
1983 0.460173 1.6477 -1.10332 
1984 0.45909 1.63638 -1.09951 
1985 0.458008 1.62495 -1.0957 
1986 0.456926 1.61342 -1.09188 
1987 0.455845 1.60179 -1.08804 
1988 0.454764 1.59006 -1.0842 
1989 0.453682 1.57824 -1.08035 
1990 0.4526 1.56633 -1.07648 
1991 0.451517 1.55434 -1.0726 
1992 0.450433 1.54226 -1.06871 
1993 0.449348 1.5301 -1.0648 
1994 0.448262 1.51786 -1.06088 
1995 0.447174 1.50554 -1.05694 
1996 0.446085 1.49315 -1.05299 
1997 0.444993 1.48069 -1.04902 
1998 0.4439 1.46816 -1.04502 
1999 0.442804 1.45557 -1.04101 
2000 0.441705 1.44292 -1.03698 
