2 981.917 0.123014 0.0338153 
3 952.062 0.289955 0.0722045 
4 929.384 0.497474 0.120516 
5 911.508 0.743213 0.178523 
6 896.188 1.02486 0.245773 
7 882.252 1.3404 0.321776 
8 869.037 1.68796 0.406021 
9 855.702 2.06464 0.497706 
10 843.415 2.47245 0.597143 
11 830.578 2.90587 0.702878 
12 817.872 3.36589 0.814933 
13 804.39 3.84669 0.931767 
14 791.383 4.35315 1.05428 
15 778.938 4.88618 1.18242 
16 765.08 5.43044 1.31243 
17 750.676 5.98845 1.44464 
18 737.048 6.57045 1.58119 
19 724.625 7.18246 1.72321 
20 712.71 7.81904 1.86916 
21 699.919 8.46251 2.01466 
22 686.486 9.11175 2.15918 
23 672.983 9.77185 2.30367 
24 659.708 10.4461 2.44864 
25 646.628 11.1334 2.59355 
26 633.506 11.8286 2.73686 
27 620.502 12.533 2.87868 
28 607.782 13.2493 3.01932 
29 595.331 13.9766 3.15832 
30 582.928 14.7086 3.29392 
31 570.273 15.4354 3.4235 
32 557.517 16.1579 3.54698 
33 544.909 16.8806 3.66524 
34 532.657 17.6081 3.77922 
35 520.915 18.3452 3.88979 
36 509.78 19.0952 3.99758 
37 499.28 19.8601 4.10284 
38 489.368 20.639 4.20514 
39 479.917 21.4274 4.30318 
40 470.708 22.216 4.39445 
41 461.509 22.9929 4.47587 
42 452.356 23.7567 4.54688 
43 443.352 24.5092 4.6078 
44 434.583 25.2524 4.65895 
45 426.125 25.9882 4.70065 
46 418.034 26.7182 4.73315 
47 410.35 27.4434 4.75658 
48 403.091 28.164 4.77085 
49 396.254 28.8791 4.77559 
50 389.814 29.5861 4.77006 
51 383.739 30.282 4.75336 
52 378.063 30.9676 4.72563 
53 372.832 31.6447 4.68726 
54 368.081 32.3151 4.6386 
55 363.836 32.9799 4.5799 
56 360.111 33.6396 4.51126 
57 356.909 34.2941 4.43262 
58 354.223 34.9422 4.34364 
59 352.028 35.5814 4.24367 
60 350.288 36.2076 4.13172 
61 348.969 36.8164 4.00668 
62 348.085 37.4078 3.86857 
63 347.663 37.983 3.71775 
64 347.724 38.5431 3.55454 
65 348.285 39.0891 3.37922 
66 349.36 39.6215 3.19203 
67 350.955 40.1405 2.99309 
68 353.073 40.646 2.78242 
69 355.711 41.137 2.55992 
70 358.859 41.612 2.32529 
71 362.507 42.0694 2.07821 
72 366.664 42.5096 1.81893 
73 371.343 42.9337 1.54786 
74 376.553 43.3423 1.26537 
75 382.299 43.7361 0.971754 
76 388.585 44.1153 0.667274 
77 395.41 44.4799 0.352085 
78 402.77 44.8292 0.0262377 
79 410.658 45.1622 -0.310341 
80 419.063 45.4771 -0.657877 
81 427.973 45.7722 -1.0166 
82 437.391 46.0478 -1.38617 
83 447.324 46.3049 -1.7661 
84 457.775 46.5441 -2.15596 
85 468.746 46.7662 -2.5553 
86 480.237 46.9716 -2.96374 
87 492.247 47.1604 -3.38096 
88 504.772 47.3325 -3.80669 
89 517.806 47.4876 -4.24075 
90 531.34 47.6247 -4.68304 
91 545.366 47.7431 -5.13347 
92 559.884 47.8432 -5.59162 
93 574.89 47.9254 -6.05701 
94 590.384 47.9904 -6.52918 
95 606.362 48.0383 -7.00771 
96 622.817 48.0692 -7.49223 
97 639.744 48.0829 -7.98245 
98 657.134 48.079 -8.47812 
99 674.977 48.0567 -8.97908 
100 693.262 48.0147 -9.48528 
101 711.979 47.9521 -9.9966 
102 731.123 47.8694 -10.5125 
103 750.695 47.7679 -11.0322 
104 770.691 47.6487 -11.5552 
105 791.108 47.5129 -12.0806 
106 811.944 47.3615 -12.6079 
107 833.193 47.1956 -13.1362 
108 854.852 47.0162 -13.6651 
109 876.913 46.8241 -14.1938 
110 899.37 46.62 -14.7217 
111 922.217 46.4047 -15.2482 
112 945.444 46.1785 -15.7729 
113 969.043 45.9418 -16.2951 
114 993.003 45.6948 -16.8144 
115 1017.31 45.4373 -17.3305 
116 1041.97 45.169 -17.843 
117 1066.94 44.8895 -18.3516 
118 1092.23 44.5977 -18.8562 
119 1117.82 44.2926 -19.3565 
120 1143.69 43.9727 -19.8526 
121 1169.83 43.6365 -20.3445 
122 1196.23 43.2845 -20.8315 
123 1222.88 42.9178 -21.313 
124 1249.78 42.5373 -21.7884 
125 1276.91 42.144 -22.2569 
126 1304.27 41.7388 -22.7178 
127 1331.85 41.3227 -23.1707 
128 1359.64 40.8965 -23.6147 
129 1387.63 40.461 -24.0492 
130 1415.82 40.0169 -24.4738 
131 1444.19 39.5651 -24.8878 
132 1472.73 39.106 -25.2906 
133 1501.42 38.6403 -25.6817 
134 1530.27 38.1684 -26.0606 
135 1559.26 37.6905 -26.4268 
136 1588.37 37.207 -26.78 
137 1617.59 36.7178 -27.1198 
138 1646.92 36.2228 -27.4457 
139 1676.33 35.722 -27.7576 
140 1705.82 35.2148 -28.0551 
141 1735.36 34.7009 -28.3381 
142 1764.96 34.181 -28.6059 
143 1794.59 33.6561 -28.8581 
144 1824.25 33.127 -29.0941 
145 1853.94 32.5946 -29.3133 
146 1883.63 32.0596 -29.5153 
147 1913.32 31.523 -29.6994 
148 1943 30.9854 -29.8653 
149 1972.65 30.4476 -30.0125 
150 2002.27 29.91 -30.1405 
151 2031.84 29.3734 -30.249 
152 2061.35 28.8382 -30.3375 
153 2090.8 28.3048 -30.4058 
154 2120.16 27.7734 -30.4534 
155 2149.43 27.2444 -30.4802 
156 2178.6 26.7179 -30.4859 
157 2207.65 26.1938 -30.4702 
158 2236.57 25.672 -30.4332 
159 2265.34 25.1522 -30.3745 
160 2293.96 24.6342 -30.2942 
161 2322.41 24.1175 -30.1923 
162 2350.69 23.6028 -30.0683 
163 2378.77 23.0908 -29.9221 
164 2406.66 22.5822 -29.7531 
165 2434.34 22.0779 -29.5613 
166 2461.8 21.5785 -29.3462 
167 2489.03 21.0846 -29.1077 
168 2516.03 20.5969 -28.8455 
169 2542.78 20.116 -28.5593 
170 2569.27 19.6423 -28.249 
171 2595.49 19.1764 -27.9145 
172 2621.43 18.7188 -27.5556 
173 2647.09 18.2697 -27.1721 
174 2672.45 17.8296 -26.7641 
175 2697.5 17.3985 -26.3315 
176 2722.24 16.9768 -25.8742 
177 2746.65 16.5645 -25.3923 
178 2770.72 16.1616 -24.8858 
179 2794.45 15.7681 -24.3549 
180 2817.82 15.3837 -23.7996 
181 2840.82 15.0084 -23.2201 
182 2863.45 14.6426 -22.6163 
183 2885.7 14.2869 -21.9884 
184 2907.56 13.9418 -21.3361 
185 2929.03 13.6078 -20.6596 
186 2950.09 13.2855 -19.959 
187 2970.73 12.9753 -19.2341 
188 2990.96 12.6775 -18.4852 
189 3010.77 12.3926 -17.7123 
190 3030.13 12.121 -16.9156 
191 3049.06 11.8628 -16.0952 
192 3067.54 11.6183 -15.2512 
193 3085.57 11.3877 -14.384 
194 3103.14 11.1711 -13.4937 
195 3120.24 10.9687 -12.5805 
196 3136.87 10.7803 -11.6448 
197 3153.02 10.6061 -10.6869 
198 3168.68 10.4457 -9.70707 
199 3183.86 10.2991 -8.70573 
200 3198.54 10.1659 -7.68328 
201 3212.72 10.046 -6.64011 
202 3226.39 9.93965 -5.57651 
203 3239.55 9.84723 -4.49277 
204 3252.2 9.76913 -3.38917 
205 3264.33 9.70571 -2.26603 
206 3275.94 9.65732 -1.12367 
207 3287.02 9.62426 0.0375576 
208 3297.57 9.60682 1.2173 
209 3307.59 9.60526 2.41518 
210 3317.07 9.6198 3.6308 
211 3326.01 9.65065 4.86375 
212 3334.41 9.69796 6.1136 
213 3342.27 9.76185 7.37989 
214 3349.58 9.84243 8.66217 
215 3356.35 9.93973 9.95995 
216 3362.56 10.0538 11.2727 
217 3368.23 10.1845 12.6 
218 3373.34 10.3319 13.9412 
219 3377.9 10.4958 15.2958 
220 3381.9 10.676 16.6632 
221 3385.36 10.8723 18.0428 
222 3388.25 11.0844 19.4341 
223 3390.6 11.3121 20.8363 
224 3392.39 11.5548 22.2489 
225 3393.62 11.8122 23.6711 
226 3394.31 12.0838 25.1024 
227 3394.44 12.3697 26.5421 
228 3394.03 12.67 27.9896 
229 3393.06 12.9848 29.4444 
230 3391.54 13.3142 30.9058 
231 3389.47 13.6582 32.3733 
232 3386.86 14.017 33.8461 
233 3383.7 14.3905 35.3238 
234 3380 14.7788 36.8056 
235 3375.76 15.1818 38.2909 
236 3370.98 15.5995 39.7791 
237 3365.66 16.0319 41.2695 
238 3359.81 16.4787 42.7614 
239 3353.43 16.9401 44.2542 
240 3346.52 17.4157 45.7473 
241 3339.1 17.9054 47.2399 
242 3331.15 18.4091 48.7314 
243 3322.7 18.9265 50.221 
244 3313.73 19.4573 51.7082 
245 3304.26 20.0013 53.1921 
246 3294.3 20.5581 54.6722 
247 3283.84 21.1273 56.1478 
248 3272.9 21.7086 57.618 
249 3261.47 22.3016 59.0824 
250 3249.58 22.9057 60.54 
251 3237.21 23.5205 61.9904 
252 3224.39 24.1459 63.4327 
253 3211.11 24.7818 64.8662 
254 3197.37 25.428 66.2903 
255 3183.19 26.0843 67.7041 
256 3168.57 26.7508 69.1071 
257 3153.51 27.4271 70.4984 
258 3138.02 28.1131 71.8774 
259 3122.11 28.8087 73.2434 
260 3105.78 29.5136 74.5956 
261 3089.03 30.2276 75.9335 
262 3071.88 30.9504 77.2562 
263 3054.34 31.6819 78.5631 
264 3036.4 32.4216 79.8536 
265 3018.08 33.1694 81.127 
266 2999.39 33.925 82.3826 
267 2980.33 34.6879 83.6198 
268 2960.91 35.4579 84.8379 
269 2941.14 36.2346 86.0363 
270 2921.03 37.0176 87.2145 
271 2900.58 37.8064 88.3717 
272 2879.82 38.6008 89.5075 
273 2858.74 39.4001 90.6213 
274 2837.36 40.204 91.7125 
275 2815.68 41.012 92.7805 
276 2793.73 41.8235 93.8249 
277 2771.5 42.6383 94.845 
278 2749 43.4562 95.8403 
279 2726.24 44.2768 96.8103 
280 2703.24 45.1 97.7543 
281 2680 45.9254 98.6719 
282 2656.52 46.7527 99.5625 
283 2632.82 47.5817 100.426 
284 2608.91 48.4121 101.261 
285 2584.79 49.2436 102.068 
286 2560.48 50.0758 102.846 
287 2535.99 50.9084 103.595 
288 2511.32 51.7412 104.314 
289 2486.49 52.5737 105.003 
290 2461.51 53.4057 105.662 
291 2436.38 54.2367 106.29 
292 2411.12 55.0664 106.888 
293 2385.75 55.8945 107.454 
294 2360.26 56.7206 107.989 
295 2334.68 57.5443 108.492 
296 2309.01 58.3651 108.964 
297 2283.28 59.1828 109.403 
298 2257.48 59.9968 109.811 
299 2231.63 60.8067 110.187 
300 2205.75 61.6122 110.531 
301 2179.85 62.4128 110.842 
302 2153.93 63.2082 111.121 
303 2128.01 63.9982 111.368 
304 2102.08 64.7824 111.581 
305 2076.16 65.5606 111.76 
306 2050.25 66.3326 111.905 
307 2024.35 67.098 112.016 
308 1998.48 67.8566 112.092 
309 1972.64 68.6082 112.133 
310 1946.84 69.3523 112.139 
311 1921.08 70.0889 112.109 
312 1895.38 70.8176 112.043 
313 1869.73 71.5382 111.94 
314 1844.15 72.2503 111.802 
315 1818.64 72.9538 111.627 
316 1793.21 73.6484 111.415 
317 1767.86 74.3338 111.166 
318 1742.61 75.0098 110.88 
319 1717.46 75.6761 110.557 
320 1692.42 76.3325 110.197 
321 1667.5 76.9787 109.799 
322 1642.69 77.6146 109.364 
323 1618.02 78.2397 108.892 
324 1593.48 78.8541 108.383 
325 1569.1 79.4573 107.836 
326 1544.86 80.0491 107.252 
327 1520.78 80.6294 106.631 
328 1496.87 81.198 105.973 
329 1473.14 81.7545 105.279 
330 1449.59 82.2989 104.548 
331 1426.23 82.8309 103.781 
332 1403.07 83.3503 102.978 
333 1380.12 83.8568 102.14 
334 1357.39 84.3505 101.266 
335 1334.88 84.8309 100.358 
336 1312.59 85.2981 99.4149 
337 1290.55 85.7517 98.4383 
338 1268.76 86.1917 97.4283 
339 1247.22 86.6179 96.3856 
340 1225.95 87.0301 95.3107 
341 1204.94 87.4283 94.2043 
342 1184.22 87.8122 93.0671 
343 1163.79 88.1817 91.8999 
344 1143.66 88.5368 90.7034 
345 1123.83 88.8774 89.4785 
346 1104.32 89.2032 88.2262 
347 1085.13 89.5143 86.9472 
348 1066.27 89.8105 85.6427 
349 1047.75 90.0919 84.3137 
350 1029.59 90.3582 82.9612 
351 1011.78 90.6095 81.5863 
352 994.327 90.8457 80.1895 
353 977.24 91.0665 78.7709 
354 960.519 91.272 77.3308 
355 944.166 91.4618 75.8697 
356 928.181 91.636 74.3877 
357 912.567 91.7945 72.8852 
358 897.326 91.937 71.3626 
359 882.459 92.0636 69.8202 
360 867.968 92.1741 68.2584 
361 853.854 92.2684 66.6777 
362 840.119 92.3466 65.0783 
363 826.763 92.4085 63.4608 
364 813.789 92.454 61.8256 
365 801.196 92.4832 60.1731 
366 788.986 92.4959 58.5038 
367 777.159 92.4923 56.8183 
368 765.716 92.4721 55.1169 
369 754.658 92.4355 53.4003 
370 743.984 92.3824 51.669 
371 733.696 92.3129 49.9236 
372 723.793 92.227 48.1646 
373 714.275 92.1246 46.3927 
374 705.143 92.0059 44.6084 
375 696.395 91.8709 42.8124 
376 688.032 91.7196 41.0054 
377 680.054 91.5522 39.1881 
378 672.458 91.3687 37.3611 
379 665.246 91.1693 35.5251 
380 658.415 90.954 33.681 
381 651.966 90.7229 31.8294 
382 645.896 90.4763 29.9712 
383 640.205 90.2143 28.1071 
384 634.891 89.937 26.2381 
385 629.953 89.6446 24.3648 
386 625.388 89.3373 22.4882 
387 621.196 89.0154 20.6092 
388 617.374 88.679 18.7287 
389 613.919 88.3284 16.8477 
390 610.831 87.9638 14.967 
391 608.106 87.5855 13.0878 
392 605.743 87.1939 11.2109 
393 603.737 86.7891 9.33748 
394 602.087 86.3716 7.46853 
395 600.79 85.9417 5.60516 
396 599.842 85.4996 3.74848 
397 599.24 85.0459 1.89961 
398 598.981 84.5808 0.0597161 
399 599.061 84.1048 -1.77001 
400 599.477 83.6183 -3.58836 
401 600.224 83.1217 -5.39421 
402 601.301 82.6152 -7.18688 
403 602.703 82.0988 -8.96582 
404 604.429 81.5727 -10.7305 
405 606.475 81.037 -12.4803 
406 608.838 80.4919 -14.2147 
407 611.514 79.9373 -15.9331 
408 614.5 79.3735 -17.6351 
409 617.793 78.8007 -19.32 
410 621.388 78.2189 -20.9873 
411 625.282 77.6282 -22.6365 
412 629.471 77.029 -24.267 
413 633.95 76.4213 -25.8782 
414 638.715 75.8052 -27.4697 
415 643.762 75.181 -29.041 
416 649.085 74.5488 -30.5914 
417 654.682 73.9089 -32.1204 
418 660.545 73.2614 -33.6276 
419 666.671 72.6065 -35.1124 
420 673.055 71.9444 -36.5743 
421 679.69 71.2753 -38.0129 
422 686.571 70.5995 -39.4275 
423 693.693 69.9171 -40.8177 
424 701.051 69.2285 -42.183 
425 708.637 68.5338 -43.523 
426 716.446 67.8332 -44.8371 
427 724.472 67.1271 -46.1249 
428 732.708 66.4158 -47.3859 
429 741.148 65.6993 -48.6196 
430 749.785 64.9781 -49.8256 
431 758.612 64.2525 -51.0035 
432 767.623 63.5226 -52.1528 
433 776.809 62.7888 -53.2731 
434 786.164 62.0515 -54.3639 
435 795.68 61.3109 -55.425 
436 805.35 60.5673 -56.4557 
437 815.166 59.8211 -57.4558 
438 825.119 59.0726 -58.4249 
439 835.201 58.3222 -59.3626 
440 845.405 57.5701 -60.2686 
441 855.722 56.8169 -61.1424 
442 866.142 56.0627 -61.9837 
443 876.658 55.3081 -62.7923 
444 887.26 54.5534 -63.5678 
445 897.94 53.7991 -64.3098 
446 908.687 53.0454 -65.0182 
447 919.492 52.2928 -65.6926 
448 930.346 51.5418 -66.3327 
449 941.238 50.7928 -66.9382 
450 952.16 50.0462 -67.5091 
451 963.101 49.3024 -68.0449 
452 974.056 48.5617 -68.5455 
453 985.024 47.8243 -69.0108 
454 995.998 47.0903 -69.4404 
455 1006.98 46.3599 -69.8344 
456 1017.96 45.6334 -70.1924 
457 1028.93 44.9108 -70.5144 
458 1039.9 44.1925 -70.8003 
459 1050.85 43.4786 -71.0499 
460 1061.8 42.7692 -71.2632 
461 1072.72 42.0647 -71.4402 
462 1083.61 41.3651 -71.5807 
463 1094.48 40.6706 -71.6847 
464 1105.32 39.9815 -71.7523 
465 1116.12 39.2979 -71.7835 
466 1126.88 38.62 -71.7782 
467 1137.59 37.948 -71.7365 
468 1148.25 37.2821 -71.6586 
469 1158.86 36.6224 -71.5444 
470 1169.41 35.9692 -71.3942 
471 1179.9 35.3226 -71.208 
472 1190.32 34.6828 -70.9861 
473 1200.66 34.05 -70.7285 
474 1210.92 33.4244 -70.4356 
475 1221.11 32.8061 -70.1075 
476 1231.2 32.1954 -69.7445 
477 1241.2 31.5923 -69.3468 
478 1251.1 30.9971 -68.9149 
479 1260.9 30.4099 -68.4489 
480 1270.59 29.831 -67.9494 
481 1280.16 29.2604 -67.4165 
482 1289.62 28.6984 -66.8509 
483 1298.95 28.145 -66.2528 
484 1308.14 27.6006 -65.6229 
485 1317.21 27.0652 -64.9615 
486 1326.13 26.5389 -64.2692 
487 1334.9 26.022 -63.5466 
488 1343.52 25.5147 -62.7941 
489 1351.97 25.0169 -62.0126 
490 1360.27 24.529 -61.2026 
491 1368.39 24.051 -60.3647 
492 1376.33 23.5832 -59.4997 
493 1384.09 23.1255 -58.6084 
494 1391.66 22.6783 -57.6915 
495 1399.04 22.2416 -56.7498 
496 1406.21 21.8155 -55.7842 
497 1413.17 21.4002 -54.7955 
498 1419.91 20.9958 -53.7848 
499 1426.44 20.6024 -52.7528 
500 1432.73 20.2202 -51.7007 
501 1438.79 19.8493 -50.6293 
502 1444.62 19.4898 -49.539 
503 1450.2 19.1416 -48.4302 
504 1455.56 18.8051 -47.3032 
505 1460.67 18.4801 -46.1584 
506 1465.55 18.1668 -44.996 
507 1470.2 17.8652 -43.8165 
508 1474.61 17.5755 -42.6202 
509 1478.78 17.2976 -41.4076 
510 1482.72 17.0316 -40.1791 
511 1486.43 16.7776 -38.9351 
512 1489.89 16.5355 -37.6761 
513 1493.13 16.3055 -36.4025 
514 1496.13 16.0876 -35.1148 
515 1498.89 15.8817 -33.8136 
516 1501.43 15.688 -32.4993 
517 1503.72 15.5064 -31.1724 
518 1505.79 15.3368 -29.8336 
519 1507.62 15.1794 -28.4834 
520 1509.23 15.0342 -27.1224 
521 1510.6 14.901 -25.7512 
522 1511.74 14.7799 -24.3704 
523 1512.65 14.6709 -22.9807 
524 1513.33 14.5739 -21.5827 
525 1513.79 14.4889 -20.1771 
526 1514.01 14.4158 -18.7647 
527 1514.01 14.3546 -17.3461 
528 1513.79 14.3053 -15.922 
529 1513.34 14.2677 -14.4934 
530 1512.66 14.2418 -13.0608 
531 1511.76 14.2275 -11.6252 
532 1510.64 14.2247 -10.1873 
533 1509.3 14.2333 -8.74805 
534 1507.74 14.2532 -7.30826 
535 1505.96 14.2843 -5.86884 
536 1503.96 14.3265 -4.43069 
537 1501.75 14.3797 -2.99475 
538 1499.32 14.4436 -1.56198 
539 1496.68 14.5181 -0.133365 
540 1493.82 14.6032 1.2901 
541 1490.76 14.6986 2.70738 
542 1487.48 14.8041 4.11743 
543 1484 14.9196 5.51917 
544 1480.31 15.0448 6.9115 
545 1476.41 15.1797 8.29329 
546 1472.32 15.3238 9.6634 
547 1468.02 15.4771 11.0206 
548 1463.52 15.6393 12.3638 
549 1458.82 15.8101 13.6917 
550 1453.92 15.9893 15.0031 
551 1448.83 16.1766 16.2967 
552 1443.55 16.372 17.5722 
553 1438.08 16.5755 18.8291 
554 1432.43 16.7868 20.067 
555 1426.59 17.0061 21.2855 
556 1420.58 17.2331 22.4843 
557 1414.39 17.4679 23.663 
558 1408.03 17.7103 24.8212 
559 1401.51 17.9603 25.9585 
560 1394.82 18.2177 27.0746 
561 1387.97 18.4825 28.169 
562 1380.96 18.7545 29.2413 
563 1373.81 19.0337 30.2912 
564 1366.5 19.3199 31.3184 
565 1359.06 19.613 32.3223 
566 1351.47 19.9129 33.3027 
567 1343.74 20.2195 34.2591 
568 1335.89 20.5326 35.1912 
569 1327.91 20.8521 36.0986 
570 1319.81 21.1778 36.9809 
571 1311.59 21.5096 37.8378 
572 1303.25 21.8473 38.6688 
573 1294.81 22.1908 39.4735 
574 1286.26 22.5398 40.2517 
575 1277.62 22.8943 41.0029 
576 1268.88 23.254 41.7267 
577 1260.05 23.6187 42.4228 
578 1251.13 23.9883 43.0908 
579 1242.14 24.3625 43.7304 
580 1233.07 24.7412 44.3411 
581 1223.94 25.124 44.9225 
582 1214.74 25.5109 45.4744 
583 1205.48 25.9015 45.9964 
584 1196.17 26.2956 46.488 
585 1186.81 26.693 46.949 
586 1177.41 27.0934 47.3789 
587 1167.97 27.4966 47.7774 
588 1158.5 27.9023 48.1442 
589 1149.01 28.3102 48.4788 
590 1139.5 28.7201 48.781 
591 1129.98 29.1316 49.0504 
592 1120.45 29.5445 49.2866 
593 1110.92 29.9585 49.4893 
594 1101.4 30.3731 49.6581 
595 1091.89 30.7883 49.7927 
596 1082.39 31.2035 49.8928 
597 1072.92 31.6185 49.958 
598 1063.48 32.0329 49.9879 
599 1054.09 32.4464 49.9823 
600 1044.73 32.8585 49.9408 
601 1035.43 33.2691 49.8632 
602 1026.18 33.6779 49.7493 
603 1016.98 34.0848 49.5994 
604 1007.85 34.4898 49.4132 
605 998.778 34.8928 49.1911 
606 989.773 35.2935 48.9329 
607 980.837 35.692 48.6388 
608 971.973 36.0882 48.3089 
609 963.183 36.4819 47.9433 
610 954.471 36.873 47.5421 
611 945.84 37.2614 47.1055 
612 937.293 37.6471 46.6335 
613 928.833 38.0298 46.1264 
614 920.463 38.4095 45.5844 
615 912.187 38.7861 45.0076 
616 904.008 39.1595 44.3963 
617 895.928 39.5295 43.7506 
618 887.952 39.8961 43.0708 
619 880.082 40.259 42.3572 
620 872.322 40.6182 41.61 
621 864.675 40.9736 40.8295 
622 857.145 41.3251 40.0161 
623 849.735 41.6724 39.17 
624 842.448 42.0156 38.2915 
625 835.289 42.3544 37.3811 
626 828.26 42.6888 36.4391 
627 821.365 43.0185 35.4658 
628 814.608 43.3436 34.4617 
629 807.992 43.6637 33.4272 
630 801.52 43.9789 32.3628 
631 795.198 44.2889 31.2689 
632 789.027 44.5937 30.1459 
633 783.013 44.8931 28.9944 
634 777.158 45.1869 27.8149 
635 771.466 45.475 26.6079 
636 765.942 45.7572 25.374 
637 760.589 46.0335 24.1137 
638 755.411 46.3036 22.8276 
639 750.412 46.5675 21.5164 
640 745.596 46.8249 20.1807 
641 740.967 47.0757 18.8211 
642 736.529 47.3197 17.4383 
643 732.285 47.5569 16.033 
644 728.24 47.787 14.606 
645 724.399 48.0099 13.1579 
646 720.764 48.2253 11.6895 
647 717.341 48.4333 10.2017 
648 714.133 48.6335 8.69512 
649 711.145 48.8259 7.17072 
650 708.381 49.0101 5.62932 
651 705.845 49.1862 4.07171 
652 703.536 49.3541 2.49839 
653 701.454 49.5137 0.909767 
654 699.599 49.665 -0.693713 
655 697.97 49.808 -2.3116 
656 696.566 49.9427 -3.94345 
657 695.386 50.0691 -5.58877 
658 694.43 50.1871 -7.24709 
659 693.698 50.2969 -8.91791 
660 693.187 50.3982 -10.6007 
661 692.898 50.4912 -12.295 
662 692.83 50.5759 -14.0002 
663 692.982 50.6522 -15.7157 
664 693.353 50.7202 -17.4411 
665 693.941 50.7798 -19.1758 
666 694.747 50.8311 -20.919 
667 695.769 50.8741 -22.6703 
668 697.006 50.9087 -24.429 
669 698.457 50.9351 -26.1946 
670 700.12 50.9531 -27.9662 
671 701.996 50.963 -29.7433 
672 704.083 50.9645 -31.5252 
673 706.379 50.9579 -33.3113 
674 708.884 50.9431 -35.1007 
675 711.596 50.9201 -36.8928 
676 714.514 50.889 -38.6868 
677 717.636 50.8498 -40.4821 
678 720.962 50.8025 -42.2777 
679 724.49 50.7473 -44.073 
680 728.219 50.6841 -45.8671 
681 732.147 50.6129 -47.6592 
682 736.273 50.5339 -49.4485 
683 740.595 50.4471 -51.2341 
684 745.112 50.3525 -53.0152 
685 749.822 50.2502 -54.7909 
686 754.725 50.1402 -56.5602 
687 759.817 50.0227 -58.3223 
688 765.098 49.8977 -60.0763 
689 770.566 49.7652 -61.8211 
690 776.22 49.6253 -63.5558 
691 782.056 49.4782 -65.2794 
692 788.075 49.3238 -66.9909 
693 794.273 49.1623 -68.6894 
694 800.65 48.9938 -70.3736 
695 807.203 48.8183 -72.0427 
696 813.931 48.636 -73.6954 
697 820.831 48.4468 -75.3308 
698 827.901 48.2511 -76.9476 
699 835.14 48.0488 -78.5448 
700 842.546 47.84 -80.1211 
701 850.116 47.6249 -81.6757 
702 857.847 47.4035 -83.2079 
703 865.737 47.1759 -84.7174 
704 873.78 46.9421 -86.2039 
705 881.975 46.7023 -87.667 
706 890.318 46.4566 -89.1063 
707 898.805 46.2049 -90.5216 
708 907.432 45.9474 -91.9124 
709 916.197 45.6841 -93.2785 
710 925.095 45.4152 -94.6194 
711 934.122 45.1407 -95.9348 
712 943.276 44.8608 -97.2243 
713 952.552 44.5754 -98.4876 
714 961.946 44.2848 -99.7244 
715 971.454 43.989 -100.934 
716 981.073 43.6882 -102.117 
717 990.799 43.3824 -103.272 
718 1000.63 43.0717 -104.399 
719 1010.55 42.7562 -105.497 
720 1020.57 42.4362 -106.567 
721 1030.68 42.1116 -107.608 
722 1040.88 41.7827 -108.619 
723 1051.16 41.4495 -109.601 
724 1061.51 41.1121 -110.552 
725 1071.94 40.7708 -111.473 
726 1082.43 40.4256 -112.363 
727 1092.99 40.0767 -113.222 
728 1103.61 39.7242 -114.05 
729 1114.29 39.3683 -114.845 
730 1125.01 39.0091 -115.608 
731 1135.78 38.6467 -116.339 
732 1146.59 38.2814 -117.036 
733 1157.43 37.9133 -117.7 
734 1168.3 37.5425 -118.33 
735 1179.2 37.1693 -118.927 
736 1190.13 36.7937 -119.489 
737 1201.06 36.416 -120.016 
738 1212.01 36.0364 -120.508 
739 1222.96 35.6549 -120.964 
740 1233.92 35.2719 -121.384 
741 1244.87 34.8875 -121.769 
742 1255.81 34.5019 -122.116 
743 1266.73 34.1153 -122.427 
744 1277.63 33.7279 -122.701 
745 1288.51 33.3398 -122.936 
746 1299.35 32.9514 -123.134 
747 1310.15 32.5628 -123.294 
748 1320.92 32.1743 -123.414 
749 1331.63 31.786 -123.496 
750 1342.29 31.3982 -123.538 
751 1352.89 31.0111 -123.541 
752 1363.43 30.6249 -123.504 
753 1373.89 30.2394 -123.427 
754 1384.3 29.855 -123.311 
755 1394.63 29.4716 -123.156 
756 1404.88 29.0893 -122.961 
757 1415.06 28.7082 -122.727 
758 1425.16 28.3283 -122.455 
759 1435.18 27.9499 -122.143 
760 1445.11 27.5729 -121.793 
761 1454.95 27.1974 -121.405 
762 1464.7 26.8235 -120.978 
763 1474.36 26.4513 -120.514 
764 1483.91 26.0809 -120.011 
765 1493.37 25.7124 -119.471 
766 1502.73 25.3459 -118.894 
767 1511.98 24.9815 -118.28 
768 1521.12 24.6192 -117.629 
769 1530.14 24.2591 -116.942 
770 1539.05 23.9014 -116.218 
771 1547.85 23.5461 -115.459 
772 1556.52 23.1933 -114.664 
773 1565.06 22.8432 -113.833 
774 1573.48 22.4959 -112.968 
775 1581.76 22.1513 -112.068 
776 1589.91 21.8097 -111.135 
777 1597.92 21.4711 -110.167 
778 1605.79 21.1356 -109.166 
779 1613.52 20.8034 -108.132 
780 1621.09 20.4746 -107.065 
781 1628.52 20.1492 -105.966 
782 1635.79 19.8273 -104.836 
783 1642.9 19.5091 -103.674 
784 1649.85 19.1947 -102.482 
785 1656.63 18.8842 -101.26 
786 1663.25 18.5777 -100.007 
787 1669.69 18.2753 -98.7261 
788 1675.96 17.9771 -97.416 
789 1682.04 17.6833 -96.0779 
790 1687.95 17.3939 -94.7122 
791 1693.66 17.1091 -93.3197 
792 1699.19 16.829 -91.9008 
793 1704.52 16.5537 -90.4561 
794 1709.65 16.2834 -88.9864 
795 1714.59 16.0181 -87.4923 
796 1719.31 15.7581 -85.9744 
797 1723.83 15.5033 -84.4335 
798 1728.13 15.254 -82.8701 
799 1732.22 15.0102 -81.2851 
800 1736.09 14.7722 -79.6792 
801 1739.73 14.5399 -78.053 
802 1743.14 14.3135 -76.4071 
803 1746.34 14.093 -74.7419 
804 1749.31 13.8783 -73.0578 
805 1752.05 13.6695 -71.3554 
806 1754.58 13.4666 -69.635 
807 1756.88 13.2696 -67.8973 
808 1758.95 13.0785 -66.1426 
809 1760.81 12.8933 -64.3716 
810 1762.45 12.714 -62.5847 
811 1763.86 12.5407 -60.7825 
812 1765.05 12.3733 -58.9654 
813 1766.03 12.2118 -57.1342 
814 1766.78 12.0563 -55.2893 
815 1767.32 11.9067 -53.4313 
816 1767.64 11.763 -51.5609 
817 1767.74 11.6252 -49.6786 
818 1767.62 11.4934 -47.785 
819 1767.29 11.3675 -45.8809 
820 1766.74 11.2475 -43.9668 
821 1765.98 11.1334 -42.0433 
822 1765 11.0252 -40.1113 
823 1763.8 10.9229 -38.1713 
824 1762.4 10.8264 -36.224 
825 1760.78 10.7358 -34.2702 
826 1758.95 10.6511 -32.3106 
827 1756.91 10.5722 -30.3459 
828 1754.66 10.4991 -28.3769 
829 1752.2 10.4318 -26.4044 
830 1749.53 10.3702 -24.429 
831 1746.66 10.3144 -22.4517 
832 1743.57 10.2644 -20.4731 
833 1740.28 10.22 -18.4943 
834 1736.79 10.1813 -16.5159 
835 1733.09 10.1483 -14.5388 
836 1729.19 10.1208 -12.5639 
837 1725.09 10.099 -10.592 
838 1720.78 10.0827 -8.62418 
839 1716.27 10.0719 -6.66118 
840 1711.57 10.0666 -4.70397 
841 1706.66 10.0667 -2.7535 
842 1701.56 10.0723 -0.810717 
843 1696.26 10.0832 1.12341 
844 1690.77 10.0994 3.0479 
845 1685.08 10.1209 4.96174 
846 1679.19 10.1477 6.86393 
847 1673.12 10.1796 8.75342 
848 1666.86 10.2166 10.6292 
849 1660.4 10.2587 12.4901 
850 1653.76 10.3059 14.3352 
851 1646.92 10.358 16.1634 
852 1639.91 10.415 17.9743 
853 1632.71 10.4769 19.7675 
854 1625.33 10.5436 21.5427 
855 1617.78 10.6151 23.2996 
856 1610.05 10.6913 25.0377 
857 1602.16 10.7721 26.7568 
858 1594.09 10.8576 28.4565 
859 1585.86 10.9475 30.1365 
860 1577.47 11.042 31.7963 
861 1568.92 11.1408 33.4356 
862 1560.22 11.244 35.0542 
863 1551.37 11.3514 36.6515 
864 1542.36 11.4631 38.2272 
865 1533.21 11.5789 39.781 
866 1523.92 11.6987 41.3125 
867 1514.49 11.8225 42.8213 
868 1504.92 11.9502 44.3071 
869 1495.23 12.0818 45.7694 
870 1485.4 12.217 47.208 
871 1475.45 12.356 48.6223 
872 1465.37 12.4985 50.0121 
873 1455.18 12.6444 51.3769 
874 1444.87 12.7938 52.7164 
875 1434.45 12.9465 54.0301 
876 1423.93 13.1023 55.3177 
877 1413.3 13.2613 56.5788 
878 1402.57 13.4233 57.8129 
879 1391.74 13.5882 59.0198 
880 1380.82 13.7559 60.1989 
881 1369.81 13.9263 61.3499 
882 1358.72 14.0993 62.4723 
883 1347.54 14.2747 63.5659 
884 1336.29 14.4526 64.63 
885 1324.96 14.6326 65.6644 
886 1313.57 14.8149 66.6687 
887 1302.11 14.9991 67.6423 
888 1290.59 15.1852 68.5849 
889 1279.01 15.3731 69.4961 
890 1267.38 15.5627 70.3754 
891 1255.7 15.7537 71.2225 
892 1243.97 15.9462 72.0368 
893 1232.21 16.1399 72.818 
894 1220.41 16.3347 73.5656 
895 1208.58 16.5305 74.2791 
896 1196.72 16.7271 74.9583 
897 1184.84 16.9244 75.6025 
898 1172.94 17.1223 76.2114 
899 1161.02 17.3205 76.7845 
900 1149.1 17.519 77.3214 
901 1137.17 17.7176 77.8217 
902 1125.24 17.9163 78.2853 
903 1113.31 18.1149 78.7125 
904 1101.38 18.3134 79.1032 
905 1089.46 18.5118 79.4576 
906 1077.54 18.71 79.7758 
907 1065.64 18.908 80.0579 
908 1053.75 19.1056 80.3039 
909 1041.88 19.3029 80.5141 
910 1030.02 19.4997 80.6885 
911 1018.19 19.6961 80.8274 
912 1006.38 19.8918 80.9308 
913 994.598 20.087 80.9989 
914 982.846 20.2815 81.0319 
915 971.128 20.4752 81.03 
916 959.445 20.6681 80.9933 
917 947.8 20.8601 80.922 
918 936.197 21.0511 80.8163 
919 924.639 21.2411 80.6764 
920 913.127 21.4301 80.5026 
921 901.666 21.6178 80.2951 
922 890.258 21.8043 80.054 
923 878.907 21.9895 79.7797 
924 867.614 22.1733 79.4724 
925 856.384 22.3556 79.1323 
926 845.219 22.5363 78.7597 
927 834.122 22.7155 78.3549 
928 823.097 22.8929 77.9181 
929 812.147 23.0686 77.4497 
930 801.274 23.2423 76.95 
931 790.483 23.4142 76.4192 
932 779.775 23.584 75.8578 
933 769.155 23.7517 75.2659 
934 758.626 23.9171 74.644 
935 748.191 24.0803 73.9925 
936 737.853 24.2411 73.3116 
937 727.615 24.3995 72.6017 
938 717.481 24.5553 71.8633 
939 707.455 24.7084 71.0966 
940 697.539 24.8588 70.3022 
941 687.737 25.0064 69.4804 
942 678.053 25.151 68.6316 
943 668.489 25.2926 67.7563 
944 659.05 25.4311 66.8548 
945 649.739 25.5663 65.9278 
946 640.559 25.6983 64.9755 
947 631.515 25.8268 63.9985 
948 622.608 25.9518 62.9973 
949 613.844 26.0732 61.9724 
950 605.226 26.1908 60.9242 
951 596.756 26.3046 59.8533 
952 588.436 26.4146 58.76 
953 580.266 26.5207 57.6448 
954 572.246 26.623 56.508 
955 564.376 26.7214 55.3501 
956 556.656 26.8159 54.1715 
957 549.087 26.9065 52.9725 
958 541.668 26.9933 51.7538 
959 534.4 27.0761 50.5156 
960 527.283 27.1551 49.2584 
961 520.318 27.2301 47.9828 
962 513.503 27.3013 46.6891 
963 506.84 27.3685 45.3779 
964 500.329 27.4318 44.0497 
965 493.969 27.4912 42.7049 
966 487.761 27.5466 41.344 
967 481.705 27.5982 39.9677 
968 475.801 27.6458 38.5764 
969 470.049 27.6894 37.1707 
970 464.449 27.7292 35.7511 
971 459.002 27.765 34.3181 
972 453.707 27.7968 32.8724 
973 448.564 27.8248 31.4146 
974 443.574 27.8488 29.9452 
975 438.737 27.8689 28.4648 
976 434.052 27.885 26.9741 
977 429.52 27.8973 25.4736 
978 425.141 27.9056 23.9641 
979 420.915 27.91 22.4461 
980 416.841 27.9104 20.9203 
981 412.921 27.907 19.3874 
982 409.153 27.8997 17.8481 
983 405.539 27.8884 16.303 
984 402.078 27.8733 14.7529 
985 398.769 27.8543 13.1985 
986 395.614 27.8314 11.6404 
987 392.611 27.8047 10.0795 
988 389.762 27.7741 8.51648 
989 387.065 27.7396 6.95209 
990 384.522 27.7013 5.38712 
991 382.132 27.6592 3.82235 
992 379.894 27.6132 2.25857 
993 377.809 27.5634 0.696584 
994 375.878 27.5099 -0.862777 
995 374.099 27.4525 -2.41869 
996 372.472 27.3914 -3.9703 
997 370.999 27.3265 -5.51676 
998 369.678 27.2579 -7.05719 
999 368.509 27.1856 -8.59073 
1000 367.494 27.1095 -10.1165 
1001 366.63 27.0297 -11.6336 
1002 365.916 26.9463 -13.1417 
1003 365.352 26.8593 -14.6405 
1004 364.934 26.7687 -16.1298 
1005 364.661 26.6746 -17.609 
1006 364.53 26.5769 -19.0781 
1007 364.541 26.4758 -20.5366 
1008 364.691 26.3712 -21.9843 
1009 364.978 26.2633 -23.4208 
1010 365.4 26.1521 -24.8458 
1011 365.955 26.0375 -26.2589 
1012 366.641 25.9198 -27.6599 
1013 367.456 25.7988 -29.0484 
1014 368.397 25.6747 -30.4241 
1015 369.463 25.5475 -31.7866 
1016 370.652 25.4172 -33.1355 
1017 371.961 25.284 -34.4707 
1018 373.388 25.1478 -35.7916 
1019 374.932 25.0087 -37.098 
1020 376.589 24.8668 -38.3894 
1021 378.357 24.7221 -39.6656 
1022 380.235 24.5747 -40.9262 
1023 382.22 24.4246 -42.1707 
1024 384.309 24.2719 -43.3989 
1025 386.501 24.1167 -44.6103 
1026 388.793 23.959 -45.8047 
1027 391.182 23.7989 -46.9815 
1028 393.667 23.6365 -48.1404 
1029 396.244 23.4717 -49.2811 
1030 398.912 23.3047 -50.4031 
1031 401.668 23.1356 -51.5061 
1032 404.509 22.9644 -52.5897 
1033 407.433 22.7912 -53.6533 
1034 410.438 22.616 -54.6968 
1035 413.52 22.439 -55.7196 
1036 416.678 22.2601 -56.7213 
1037 419.908 22.0796 -57.7015 
1038 423.209 21.8974 -58.6599 
1039 426.577 21.7136 -59.5959 
1040 430.01 21.5283 -60.5091 
1041 433.505 21.3416 -61.3992 
1042 437.059 21.1536 -62.2657 
1043 440.67 20.9644 -63.1081 
1044 444.335 20.774 -63.9261 
1045 448.052 20.5825 -64.7191 
1046 451.816 20.39 -65.4867 
1047 455.626 20.1966 -66.2285 
1048 459.479 20.0024 -66.944 
1049 463.372 19.8075 -67.6328 
1050 467.302 19.612 -68.2943 
1051 471.266 19.4159 -68.9283 
1052 475.262 19.2193 -69.5346 
1053 479.288 19.0223 -70.1134 
1054 483.343 18.8249 -70.6646 
1055 487.424 18.6271 -71.1884 
1056 491.529 18.429 -71.6848 
1057 495.657 18.2306 -72.1539 
1058 499.805 18.032 -72.5958 
1059 503.971 17.8332 -73.0104 
1060 508.154 17.6343 -73.398 
1061 512.351 17.4352 -73.7586 
1062 516.56 17.2362 -74.0923 
1063 520.779 17.0371 -74.3992 
1064 525.006 16.8382 -74.6794 
1065 529.24 16.6393 -74.933 
1066 533.476 16.4406 -75.16 
1067 537.715 16.2421 -75.3607 
1068 541.952 16.0439 -75.5352 
1069 546.187 15.8459 -75.6835 
1070 550.418 15.6484 -75.8058 
1071 554.64 15.4513 -75.9022 
1072 558.854 15.2547 -75.9729 
1073 563.056 15.0586 -76.0179 
1074 567.244 14.8631 -76.0375 
1075 571.415 14.6682 -76.0318 
1076 575.569 14.4741 -76.001 
1077 579.701 14.2807 -75.9452 
1078 583.811 14.0881 -75.8646 
1079 587.895 13.8965 -75.7593 
1080 591.951 13.7058 -75.6295 
1081 595.977 13.5161 -75.4755 
1082 599.97 13.3274 -75.2973 
1083 603.928 13.1399 -75.0952 
1084 607.849 12.9536 -74.8694 
1085 611.73 12.7686 -74.6201 
1086 615.569 12.5848 -74.3475 
1087 619.363 12.4025 -74.0518 
1088 623.11 12.2216 -73.7332 
1089 626.807 12.0423 -73.392 
1090 630.452 11.8646 -73.0283 
1091 634.041 11.6885 -72.6425 
1092 637.574 11.5141 -72.2347 
1093 641.046 11.3416 -71.8051 
1094 644.456 11.1709 -71.3542 
1095 647.801 11.0021 -70.882 
1096 651.077 10.8354 -70.3889 
1097 654.284 10.6708 -69.8751 
1098 657.417 10.5083 -69.3409 
1099 660.475 10.3481 -68.7866 
1100 663.454 10.1902 -68.2125 
1101 666.352 10.0347 -67.6188 
1102 669.168 9.88161 -67.006 
1103 671.903 9.73091 -66.3742 
1104 674.556 9.58264 -65.7238 
1105 677.127 9.43681 -65.0551 
1106 679.616 9.29342 -64.3686 
1107 682.021 9.15249 -63.6645 
1108 684.344 9.01402 -62.9431 
1109 686.583 8.87803 -62.2049 
1110 688.739 8.74452 -61.4502 
1111 690.811 8.6135 -60.6794 
1112 692.799 8.48498 -59.8928 
1113 694.702 8.35897 -59.0909 
1114 696.522 8.23548 -58.2739 
1115 698.256 8.11452 -57.4424 
1116 699.905 7.99609 -56.5967 
1117 701.469 7.8802 -55.7373 
1118 702.948 7.76687 -54.8645 
1119 704.341 7.65609 -53.9788 
1120 705.647 7.54788 -53.0805 
1121 706.868 7.44224 -52.1703 
1122 708.002 7.33919 -51.2484 
1123 709.049 7.23872 -50.3153 
1124 710.009 7.14084 -49.3716 
1125 710.882 7.04557 -48.4176 
1126 711.667 6.9529 -47.4539 
1127 712.365 6.86285 -46.4809 
1128 712.974 6.77541 -45.4992 
1129 713.496 6.6906 -44.5091 
1130 713.929 6.60842 -43.5113 
1131 714.273 6.52888 -42.5062 
1132 714.528 6.45198 -41.4944 
1133 714.694 6.37773 -40.4763 
1134 714.771 6.30612 -39.4526 
1135 714.758 6.23718 -38.4237 
1136 714.655 6.17089 -37.3903 
1137 714.462 6.10727 -36.3528 
1138 714.179 6.04631 -35.3118 
1139 713.805 5.98803 -34.268 
1140 713.34 5.93242 -33.2218 
1141 712.784 5.87949 -32.174 
1142 712.137 5.82925 -31.125 
1143 711.398 5.78169 -30.0755 
1144 710.568 5.73681 -29.0261 
1145 709.646 5.69463 -27.9775 
1146 708.631 5.65513 -26.9302 
1147 707.524 5.61833 -25.885 
1148 706.324 5.58423 -24.8423 
1149 705.032 5.55282 -23.803 
1150 703.646 5.52411 -22.7677 
1151 702.167 5.4981 -21.737 
1152 700.597 5.47476 -20.7111 
1153 698.935 5.45408 -19.6904 
1154 697.184 5.43603 -18.6751 
1155 695.344 5.42058 -17.6655 
1156 693.418 5.40772 -16.6618 
1157 691.406 5.39741 -15.6642 
1158 689.31 5.38963 -14.673 
1159 687.13 5.38436 -13.6886 
1160 684.869 5.38156 -12.7111 
1161 682.528 5.38122 -11.7408 
1162 680.108 5.38329 -10.7781 
1163 677.61 5.38776 -9.82309 
1164 675.037 5.39459 -8.87617 
1165 672.388 5.40376 -7.93758 
1166 669.666 5.41523 -7.00761 
1167 666.872 5.42896 -6.08656 
1168 664.008 5.44494 -5.1747 
1169 661.075 5.46313 -4.27233 
1170 658.074 5.48349 -3.37975 
1171 655.007 5.50599 -2.49726 
1172 651.875 5.53059 -1.62516 
1173 648.68 5.55727 -0.763741 
1174 645.424 5.58598 0.0866735 
1175 642.107 5.61668 0.925778 
1176 638.732 5.64935 1.75326 
1177 635.3 5.68394 2.5688 
1178 631.812 5.72042 3.37208 
1179 628.271 5.75874 4.16278 
1180 624.677 5.79887 4.94057 
1181 621.032 5.84076 5.70513 
1182 617.338 5.88438 6.45611 
1183 613.597 5.92968 7.1932 
1184 609.81 5.97661 7.91604 
1185 605.978 6.02514 8.62429 
1186 602.104 6.07523 9.31762 
1187 598.188 6.12682 9.99567 
1188 594.234 6.17987 10.6581 
1189 590.241 6.23434 11.3045 
1190 586.213 6.29018 11.9346 
1191 582.151 6.34733 12.548 
1192 578.056 6.40576 13.1444 
1193 573.93 6.46541 13.7233 
1194 569.775 6.52624 14.2844 
1195 565.593 6.58818 14.8273 
1196 561.385 6.6512 15.3517 
1197 557.154 6.71523 15.8572 
1198 552.901 6.78023 16.3433 
1199 548.627 6.84614 16.8097 
1200 544.335 6.91291 17.256 
1201 540.027 6.98048 17.682 
1202 535.703 7.04883 18.0874 
1203 531.366 7.11792 18.4724 
1204 527.017 7.18772 18.8371 
1205 522.656 7.2582 19.1814 
1206 518.286 7.32933 19.5055 
1207 513.908 7.40109 19.8093 
1208 509.523 7.47343 20.0929 
1209 505.133 7.54632 20.3564 
1210 500.74 7.61974 20.5998 
1211 496.344 7.69365 20.8232 
1212 491.948 7.76801 21.0266 
1213 487.552 7.8428 21.2101 
1214 483.158 7.91797 21.3738 
1215 478.768 7.99349 21.5178 
1216 474.384 8.06933 21.642 
1217 470.006 8.14545 21.7466 
1218 465.636 8.22181 21.8316 
1219 461.277 8.29838 21.8972 
1220 456.929 8.37512 21.9434 
1221 452.593 8.45199 21.9703 
1222 448.273 8.52895 21.978 
1223 443.968 8.60596 21.9665 
1224 439.682 8.68299 21.936 
1225 435.414 8.75999 21.8866 
1226 431.168 8.83693 21.8183 
1227 426.944 8.91375 21.7313 
1228 422.744 8.99043 21.6256 
1229 418.571 9.06692 21.5013 
1230 414.424 9.14317 21.3587 
1231 410.307 9.21914 21.1977 
1232 406.221 9.29479 21.0185 
1233 402.167 9.37008 20.8212 
1234 398.148 9.44496 20.6059 
1235 394.165 9.51938 20.3728 
1236 390.219 9.5933 20.122 
1237 386.312 9.66668 19.8535 
1238 382.447 9.73946 19.5676 
1239 378.625 9.8116 19.2644 
1240 374.847 9.88305 18.9439 
1241 371.115 9.95376 18.6065 
1242 367.432 10.0237 18.2521 
1243 363.799 10.0928 17.8809 
1244 360.217 10.161 17.4931 
1245 356.689 10.2282 17.0889 
1246 353.216 10.2945 16.6683 
1247 349.8 10.3597 16.2316 
1248 346.444 10.4239 15.779 
1249 343.148 10.4869 15.3105 
1250 339.915 10.5487 14.8263 
1251 336.746 10.6092 14.3267 
1252 333.642 10.6685 13.8119 
1253 330.603 10.7265 13.2821 
1254 327.63 10.7832 12.7376 
1255 324.721 10.8387 12.1787 
1256 321.879 10.8928 11.6056 
1257 319.102 10.9457 11.0186 
1258 316.391 10.9972 10.418 
1259 313.747 11.0474 9.80411 
1260 311.169 11.0963 9.17719 
1261 308.657 11.1438 8.53753 
1262 306.213 11.19 7.88543 
1263 303.835 11.2348 7.22121 
1264 301.525 11.2783 6.54516 
1265 299.283 11.3204 5.8576 
1266 297.108 11.3611 5.15886 
1267 295.001 11.4005 4.44924 
1268 292.962 11.4384 3.72908 
1269 290.992 11.4749 2.99871 
1270 289.09 11.51 2.25847 
1271 287.257 11.5437 1.5087 
1272 285.493 11.576 0.749738 
1273 283.798 11.6068 -0.0180544 
1274 282.172 11.6362 -0.794324 
1275 280.616 11.6641 -1.57871 
1276 279.13 11.6906 -2.37084 
1277 277.713 11.7155 -3.17036 
1278 276.367 11.739 -3.97687 
1279 275.091 11.7611 -4.79001 
1280 273.886 11.7816 -5.60938 
1281 272.752 11.8006 -6.4346 
1282 271.688 11.8181 -7.26526 
1283 270.696 11.8341 -8.10096 
1284 269.776 11.8485 -8.9413 
1285 268.926 11.8614 -9.78587 
1286 268.149 11.8728 -10.6342 
1287 267.444 11.8826 -11.486 
1288 266.81 11.8908 -12.3407 
1289 266.25 11.8975 -13.1979 
1290 265.761 11.9026 -14.0572 
1291 265.346 11.9061 -14.9182 
1292 265.004 11.908 -15.7803 
1293 264.734 11.9083 -16.6432 
1294 264.539 11.907 -17.5063 
1295 264.416 11.904 -18.3693 
1296 264.368 11.8995 -19.2316 
1297 264.394 11.8933 -20.0927 
1298 264.493 11.8854 -20.9522 
1299 264.667 11.8759 -21.8096 
1300 264.916 11.8647 -22.6643 
1301 265.239 11.8519 -23.516 
1302 265.636 11.8374 -24.3644 
1303 266.106 11.8213 -25.2092 
1304 266.648 11.8036 -26.0503 
1305 267.26 11.7842 -26.8874 
1306 267.942 11.7632 -27.7202 
1307 268.694 11.7407 -28.5487 
1308 269.513 11.7165 -29.3725 
1309 270.398 11.6909 -30.1914 
1310 271.35 11.6636 -31.0052 
1311 272.366 11.6349 -31.8137 
1312 273.446 11.6046 -32.6166 
1313 274.588 11.5729 -33.4137 
1314 275.793 11.5397 -34.2047 
1315 277.057 11.505 -34.9894 
1316 278.381 11.4689 -35.7676 
1317 279.763 11.4313 -36.5389 
1318 281.203 11.3924 -37.3033 
1319 282.699 11.352 -38.0603 
1320 284.249 11.3103 -38.8098 
1321 285.854 11.2673 -39.5515 
1322 287.511 11.2229 -40.2851 
1323 289.221 11.1772 -41.0104 
1324 290.98 11.1302 -41.7271 
1325 292.789 11.082 -42.4349 
1326 294.646 11.0325 -43.1337 
1327 296.551 10.9817 -43.823 
1328 298.501 10.9298 -44.5026 
1329 300.496 10.8766 -45.1723 
1330 302.534 10.8223 -45.8318 
1331 304.615 10.7669 -46.4808 
1332 306.736 10.7103 -47.1189 
1333 308.898 10.6527 -47.746 
1334 311.099 10.5939 -48.3617 
1335 313.336 10.5341 -48.9657 
1336 315.611 10.4733 -49.5578 
1337 317.92 10.4115 -50.1377 
1338 320.262 10.3487 -50.7049 
1339 322.638 10.2849 -51.2593 
1340 325.044 10.2202 -51.8006 
1341 327.481 10.1546 -52.3283 
1342 329.946 10.0881 -52.8423 
1343 332.438 10.0208 -53.3422 
1344 334.957 9.95265 -53.8277 
1345 337.5 9.88369 -54.2984 
1346 340.067 9.81395 -54.7541 
1347 342.655 9.74348 -55.1944 
1348 345.265 9.67228 -55.619 
1349 347.894 9.6004 -56.0275 
1350 350.541 9.52786 -56.4197 
1351 353.205 9.45468 -56.7952 
1352 355.884 9.38089 -57.1541 
1353 358.578 9.30651 -57.4963 
1354 361.285 9.23157 -57.8218 
1355 364.005 9.15607 -58.1307 
1356 366.736 9.08005 -58.4231 
1357 369.477 9.00353 -58.6988 
1358 372.227 8.92652 -58.9581 
1359 374.984 8.84906 -59.2008 
1360 377.748 8.77116 -59.4271 
1361 380.518 8.69284 -59.6369 
1362 383.292 8.61414 -59.8303 
1363 386.069 8.53507 -60.0074 
1364 388.848 8.45566 -60.1681 
1365 391.628 8.37592 -60.3125 
1366 394.407 8.2959 -60.4407 
1367 397.184 8.21561 -60.5527 
1368 399.959 8.13507 -60.6485 
1369 402.73 8.05431 -60.7281 
1370 405.495 7.97336 -60.7918 
1371 408.254 7.89225 -60.8394 
1372 411.005 7.81099 -60.871 
1373 413.747 7.72962 -60.8867 
1374 416.479 7.64816 -60.8865 
1375 419.2 7.56665 -60.8706 
1376 421.907 7.4851 -60.8388 
1377 424.601 7.40354 -60.7914 
1378 427.279 7.32201 -60.7284 
1379 429.941 7.24053 -60.6497 
1380 432.585 7.15913 -60.5556 
1381 435.21 7.07784 -60.446 
1382 437.814 6.99669 -60.3211 
1383 440.396 6.91571 -60.1808 
1384 442.956 6.83493 -60.0253 
1385 445.491 6.75437 -59.8546 
1386 448 6.67408 -59.6688 
1387 450.482 6.59407 -59.4681 
1388 452.935 6.51439 -59.2523 
1389 455.359 6.43506 -59.0218 
1390 457.752 6.35611 -58.7764 
1391 460.112 6.27758 -58.5163 
1392 462.438 6.19951 -58.2417 
1393 464.729 6.12191 -57.9525 
1394 466.983 6.04483 -57.6488 
1395 469.199 5.9683 -57.3308 
1396 471.376 5.89235 -56.9986 
1397 473.511 5.81702 -56.6522 
1398 475.605 5.74235 -56.2917 
1399 477.654 5.66836 -55.9173 
1400 479.659 5.59509 -55.529 
1401 481.617 5.52258 -55.1269 
1402 483.528 5.45083 -54.7113 
1403 485.391 5.37986 -54.2823 
1404 487.207 5.30966 -53.8401 
1405 488.976 5.24026 -53.385 
1406 490.696 5.17165 -52.9171 
1407 492.367 5.10385 -52.4367 
1408 493.99 5.03686 -51.9439 
1409 495.563 4.97069 -51.4391 
1410 497.087 4.90534 -50.9224 
1411 498.561 4.84083 -50.394 
1412 499.985 4.77717 -49.8542 
1413 501.358 4.71435 -49.3032 
1414 502.681 4.65239 -48.7412 
1415 503.952 4.59131 -48.1685 
1416 505.172 4.53109 -47.5854 
1417 506.34 4.47176 -46.992 
1418 507.456 4.41332 -46.3886 
1419 508.52 4.35578 -45.7754 
1420 509.53 4.29914 -45.1528 
1421 510.488 4.24342 -44.521 
1422 511.392 4.18863 -43.8802 
1423 512.242 4.13476 -43.2307 
1424 513.038 4.08184 -42.5727 
1425 513.779 4.02986 -41.9066 
1426 514.466 3.97884 -41.2326 
1427 515.097 3.92878 -40.551 
1428 515.673 3.8797 -39.8621 
1429 516.193 3.83159 -39.1661 
1430 516.656 3.78448 -38.4634 
1431 517.064 3.73836 -37.7542 
1432 517.414 3.69325 -37.0389 
1433 517.707 3.64915 -36.3176 
1434 517.942 3.60607 -35.5909 
1435 518.12 3.56403 -34.8588 
1436 518.239 3.52303 -34.1218 
1437 518.3 3.48307 -33.3802 
1438 518.301 3.44417 -32.6343 
1439 518.243 3.40634 -31.8843 
1440 518.126 3.36958 -31.1307 
1441 517.948 3.3339 -30.3738 
1442 517.71 3.29932 -29.6138 
1443 517.411 3.26583 -28.8512 
1444 517.051 3.23346 -28.0863 
1445 516.63 3.2022 -27.3193 
1446 516.147 3.17206 -26.5507 
1447 515.601 3.14307 -25.7808 
1448 514.993 3.11521 -25.01 
1449 514.322 3.08851 -24.2386 
1450 513.588 3.06297 -23.467 
1451 512.79 3.0386 -22.6955 
1452 511.93 3.01539 -21.9243 
1453 511.007 2.99333 -21.1537 
1454 510.022 2.97242 -20.3837 
1455 508.977 2.95265 -19.6147 
1456 507.872 2.93401 -18.8468 
1457 506.707 2.9165 -18.0802 
1458 505.484 2.90009 -17.315 
1459 504.203 2.88479 -16.5515 
1460 502.864 2.87059 -15.79 
1461 501.47 2.85747 -15.0305 
1462 500.019 2.84543 -14.2733 
1463 498.514 2.83446 -13.5186 
1464 496.955 2.82455 -12.7666 
1465 495.342 2.81568 -12.0176 
1466 493.677 2.80785 -11.2716 
1467 491.959 2.80106 -10.529 
1468 490.191 2.79527 -9.79003 
1469 488.373 2.7905 -9.0548 
1470 486.505 2.78673 -8.32358 
1471 484.589 2.78394 -7.59659 
1472 482.624 2.78212 -6.87405 
1473 480.613 2.78127 -6.15619 
1474 478.556 2.78137 -5.44324 
1475 476.453 2.78242 -4.73543 
1476 474.305 2.78439 -4.033 
1477 472.114 2.78728 -3.33618 
1478 469.88 2.79108 -2.6452 
1479 467.604 2.79577 -1.96032 
1480 465.286 2.80134 -1.28177 
1481 462.928 2.80778 -0.6098 
1482 460.531 2.81507 0.055351 
1483 458.095 2.82321 0.71343 
1484 455.621 2.83218 1.36419 
1485 453.111 2.84196 2.00736 
1486 450.564 2.85255 2.64271 
1487 447.982 2.86393 3.26997 
1488 445.366 2.87608 3.88888 
1489 442.716 2.88899 4.49917 
1490 440.034 2.90265 5.10059 
1491 437.321 2.91704 5.69287 
1492 434.576 2.93215 6.27573 
1493 431.802 2.94796 6.84891 
1494 428.999 2.96446 7.41213 
1495 426.168 2.98163 7.96511 
1496 423.31 2.99946 8.50759 
1497 420.427 3.01793 9.03927 
1498 417.517 3.03702 9.55987 
1499 414.584 3.05673 10.0691 
1500 411.628 3.07703 10.5667 
1501 408.649 3.0979 11.0524 
1502 405.649 3.11934 11.5261 
1503 402.628 3.14133 11.9879 
1504 399.587 3.16385 12.4377 
1505 396.528 3.18689 12.8754 
1506 393.45 3.21044 13.3012 
1507 390.355 3.23448 13.7149 
1508 387.243 3.259 14.1166 
1509 384.116 3.28398 14.5062 
1510 380.974 3.30941 14.8837 
1511 377.819 3.33527 15.2491 
1512 374.65 3.36155 15.6025 
1513 371.469 3.38823 15.9437 
1514 368.277 3.41529 16.2728 
1515 365.074 3.44272 16.5898 
1516 361.862 3.4705 16.8946 
1517 358.642 3.49862 17.1873 
1518 355.413 3.52706 17.4678 
1519 352.178 3.5558 17.7362 
1520 348.937 3.58483 17.9924 
1521 345.691 3.61413 18.2364 
1522 342.441 3.64368 18.4682 
1523 339.187 3.67346 18.6879 
1524 335.932 3.70345 18.8953 
1525 332.675 3.73365 19.0906 
1526 329.417 3.76403 19.2736 
1527 326.16 3.79456 19.4445 
1528 322.905 3.82524 19.6031 
1529 319.652 3.85605 19.7495 
1530 316.403 3.88696 19.8837 
1531 313.157 3.91795 20.0058 
1532 309.917 3.94902 20.1156 
1533 306.684 3.98013 20.2132 
1534 303.457 4.01126 20.2985 
1535 300.239 4.04241 20.3717 
1536 297.03 4.07354 20.4327 
1537 293.831 4.10464 20.4815 
1538 290.643 4.13569 20.5181 
1539 287.468 4.16666 20.5425 
1540 284.305 4.19754 20.5547 
1541 281.157 4.2283 20.5547 
1542 278.024 4.25893 20.5426 
1543 274.907 4.28939 20.5183 
1544 271.807 4.31968 20.4819 
1545 268.726 4.34976 20.4333 
1546 265.664 4.37961 20.3725 
1547 262.622 4.40922 20.2997 
1548 259.601 4.43855 20.2147 
1549 256.603 4.4676 20.1177 
1550 253.628 4.49632 20.0085 
1551 250.678 4.52471 19.8873 
1552 247.753 4.55275 19.7542 
1553 244.852 4.58044 19.6092 
1554 241.978 4.60778 19.4527 
1555 239.129 4.63474 19.2846 
1556 236.307 4.66134 19.1053 
1557 233.511 4.68756 18.9147 
1558 230.743 4.7134 18.7132 
1559 228.002 4.73885 18.5008 
1560 225.289 4.76391 18.2777 
1561 222.605 4.78856 18.0441 
1562 219.949 4.81281 17.8001 
1563 217.322 4.83664 17.546 
1564 214.725 4.86005 17.2818 
1565 212.158 4.88303 17.0078 
1566 209.621 4.90558 16.7241 
1567 207.115 4.92769 16.4309 
1568 204.64 4.94935 16.1284 
1569 202.196 4.97056 15.8168 
1570 199.785 4.9913 15.4963 
1571 197.406 5.01158 15.167 
1572 195.059 5.03139 14.8291 
1573 192.746 5.05071 14.4828 
1574 190.466 5.06955 14.1284 
1575 188.22 5.08789 13.766 
1576 186.009 5.10573 13.3958 
1577 183.832 5.12306 13.018 
1578 181.691 5.13988 12.6328 
1579 179.585 5.15617 12.2405 
1580 177.516 5.17193 11.8412 
1581 175.483 5.18716 11.4351 
1582 173.486 5.20184 11.0225 
1583 171.528 5.21597 10.6036 
1584 169.607 5.22953 10.1786 
1585 167.724 5.24253 9.74766 
1586 165.879 5.25496 9.31107 
1587 164.074 5.26681 8.86904 
1588 162.309 5.27806 8.4218 
1589 160.583 5.28872 7.96957 
1590 158.898 5.29877 7.5126 
1591 157.253 5.30822 7.05112 
1592 155.65 5.31704 6.58535 
1593 154.088 5.32523 6.11556 
1594 152.569 5.33279 5.64197 
1595 151.092 5.3397 5.16483 
1596 149.658 5.34596 4.6844 
1597 148.268 5.35157 4.20092 
1598 146.921 5.3565 3.71465 
1599 145.619 5.36076 3.22583 
1600 144.362 5.36434 2.73474 
1601 143.15 5.36722 2.24161 
1602 141.983 5.36942 1.74661 
1603 140.86 5.37093 1.24988 
1604 139.782 5.37176 0.751578 
1605 138.747 5.3719 0.251845 
1606 137.756 5.37138 -0.249164 
1607 136.807 5.37018 -0.751297 
1608 135.902 5.36831 -1.2544 
1609 135.038 5.36578 -1.75831 
1610 134.217 5.36258 -2.26289 
1611 133.437 5.35873 -2.76795 
1612 132.698 5.35423 -3.27336 
1613 132 5.34907 -3.77894 
1614 131.341 5.34327 -4.28453 
1615 130.723 5.33682 -4.78996 
1616 130.144 5.32974 -5.29508 
1617 129.605 5.32203 -5.7997 
1618 129.104 5.31368 -6.30366 
1619 128.641 5.30471 -6.8068 
1620 128.216 5.29512 -7.30892 
1621 127.828 5.28491 -7.80987 
1622 127.477 5.27409 -8.30947 
1623 127.163 5.26266 -8.80753 
1624 126.885 5.25063 -9.30387 
1625 126.642 5.238 -9.79832 
1626 126.435 5.22478 -10.2907 
1627 126.262 5.21097 -10.7808 
1628 126.124 5.19657 -11.2685 
1629 126.02 5.1816 -11.7535 
1630 125.949 5.16605 -12.2357 
1631 125.912 5.14993 -12.7149 
1632 125.907 5.13325 -13.1908 
1633 125.934 5.11601 -13.6634 
1634 125.992 5.09822 -14.1324 
1635 126.082 5.07989 -14.5975 
1636 126.203 5.06101 -15.0587 
1637 126.354 5.04159 -15.5156 
1638 126.535 5.02164 -15.9682 
1639 126.745 5.00117 -16.4161 
1640 126.984 4.98018 -16.8592 
1641 127.252 4.95868 -17.2973 
1642 127.547 4.93667 -17.7302 
1643 127.87 4.91416 -18.1576 
1644 128.22 4.89115 -18.5794 
1645 128.596 4.86766 -18.9952 
1646 128.999 4.84368 -19.405 
1647 129.427 4.81923 -19.8084 
1648 129.88 4.79431 -20.2053 
1649 130.357 4.76892 -20.5955 
1650 130.859 4.74308 -20.9787 
1651 131.384 4.71679 -21.3547 
1652 131.932 4.69005 -21.7234 
1653 132.502 4.66289 -22.0849 
1654 133.095 4.63531 -22.4391 
1655 133.708 4.60731 -22.7859 
1656 134.343 4.57891 -23.1255 
1657 134.997 4.55012 -23.4576 
1658 135.671 4.52095 -23.7824 
1659 136.364 4.49141 -24.0997 
1660 137.075 4.4615 -24.4096 
1661 137.805 4.43125 -24.7119 
1662 138.551 4.40065 -25.0068 
1663 139.314 4.36972 -25.2942 
1664 140.093 4.33848 -25.574 
1665 140.887 4.30692 -25.8462 
1666 141.696 4.27507 -26.1108 
1667 142.519 4.24293 -26.3678 
1668 143.356 4.21051 -26.6171 
1669 144.206 4.17783 -26.8587 
1670 145.068 4.1449 -27.0927 
1671 145.942 4.11172 -27.3189 
1672 146.827 4.07832 -27.5373 
1673 147.722 4.0447 -27.7479 
1674 148.628 4.01087 -27.9508 
1675 149.542 3.97685 -28.1458 
1676 150.465 3.94264 -28.3329 
1677 151.396 3.90826 -28.5122 
1678 152.334 3.87373 -28.6835 
1679 153.279 3.83905 -28.847 
1680 154.23 3.80424 -29.0024 
1681 155.187 3.76931 -29.1499 
1682 156.147 3.73427 -29.2894 
1683 157.112 3.69914 -29.4209 
1684 158.081 3.66392 -29.5443 
1685 159.052 3.62864 -29.6597 
1686 160.025 3.5933 -29.7669 
1687 160.999 3.55793 -29.866 
1688 161.975 3.52252 -29.957 
1689 162.95 3.4871 -30.0398 
1690 163.924 3.45168 -30.1145 
1691 164.897 3.41627 -30.1809 
1692 165.868 3.38089 -30.2391 
1693 166.837 3.34555 -30.289 
1694 167.802 3.31027 -30.3307 
1695 168.763 3.27506 -30.364 
1696 169.719 3.23994 -30.3891 
1697 170.669 3.20491 -30.4058 
1698 171.614 3.17 -30.4141 
1699 172.551 3.13522 -30.414 
1700 173.481 3.10058 -30.4056 
1701 174.402 3.06611 -30.3887 
1702 175.315 3.03179 -30.3635 
1703 176.219 2.99765 -30.33 
1704 177.113 2.96369 -30.2883 
1705 177.998 2.9299 -30.2386 
1706 178.873 2.8963 -30.1809 
1707 179.737 2.86289 -30.1153 
1708 180.591 2.82968 -30.042 
1709 181.434 2.79666 -29.9609 
1710 182.266 2.76386 -29.8722 
1711 183.086 2.73126 -29.776 
1712 183.894 2.69889 -29.6724 
1713 184.69 2.66674 -29.5614 
1714 185.473 2.63481 -29.4433 
1715 186.243 2.60312 -29.318 
1716 187 2.57167 -29.1858 
1717 187.743 2.54046 -29.0467 
1718 188.473 2.50951 -28.9007 
1719 189.188 2.47881 -28.7481 
1720 189.888 2.44837 -28.5889 
1721 190.574 2.4182 -28.4232 
1722 191.244 2.38831 -28.2512 
1723 191.898 2.35869 -28.0729 
1724 192.536 2.32936 -27.8885 
1725 193.158 2.30032 -27.6981 
1726 193.763 2.27158 -27.5018 
1727 194.351 2.24314 -27.2997 
1728 194.922 2.21501 -27.0919 
1729 195.474 2.1872 -26.8786 
1730 196.009 2.15971 -26.6599 
1731 196.525 2.13254 -26.4358 
1732 197.022 2.10571 -26.2066 
1733 197.5 2.07922 -25.9724 
1734 197.958 2.05307 -25.7332 
1735 198.396 2.02728 -25.4892 
1736 198.814 2.00185 -25.2406 
1737 199.211 1.97678 -24.9874 
1738 199.587 1.95208 -24.7298 
1739 199.942 1.92777 -24.468 
1740 200.275 1.90383 -24.202 
1741 200.585 1.88029 -23.932 
1742 200.873 1.85715 -23.6581 
1743 201.138 1.83441 -23.3806 
1744 201.38 1.81208 -23.0994 
1745 201.598 1.79018 -22.8148 
1746 201.792 1.76869 -22.5269 
1747 201.961 1.74764 -22.2359 
1748 202.105 1.72703 -21.9418 
1749 202.224 1.70686 -21.6449 
1750 202.318 1.68715 -21.3453 
1751 202.386 1.66789 -21.0432 
1752 202.427 1.64909 -20.7385 
1753 202.443 1.63075 -20.4316 
1754 202.434 1.61286 -20.1224 
1755 202.4 1.59543 -19.8111 
1756 202.341 1.57845 -19.4977 
1757 202.257 1.56192 -19.1825 
1758 202.148 1.54584 -18.8656 
1759 202.016 1.5302 -18.5469 
1760 201.859 1.51501 -18.2268 
1761 201.679 1.50026 -17.9052 
1762 201.475 1.48595 -17.5823 
1763 201.248 1.47209 -17.2582 
1764 200.998 1.45866 -16.9331 
1765 200.725 1.44566 -16.607 
1766 200.43 1.4331 -16.2801 
1767 200.112 1.42097 -15.9526 
1768 199.772 1.40927 -15.6244 
1769 199.411 1.398 -15.2959 
1770 199.028 1.38715 -14.967 
1771 198.623 1.37673 -14.638 
1772 198.198 1.36672 -14.309 
1773 197.751 1.35714 -13.98 
1774 197.284 1.34797 -13.6512 
1775 196.797 1.33921 -13.3229 
1776 196.29 1.33087 -12.995 
1777 195.763 1.32293 -12.6677 
1778 195.216 1.3154 -12.3412 
1779 194.65 1.30828 -12.0156 
1780 194.065 1.30156 -11.6911 
1781 193.462 1.29524 -11.3678 
1782 192.839 1.28931 -11.0458 
1783 192.199 1.28378 -10.7253 
1784 191.541 1.27864 -10.4064 
1785 190.865 1.27389 -10.0893 
1786 190.171 1.26952 -9.77407 
1787 189.461 1.26554 -9.46094 
1788 188.733 1.26193 -9.15003 
1789 187.989 1.25871 -8.84149 
1790 187.229 1.25586 -8.53547 
1791 186.452 1.25338 -8.23214 
1792 185.66 1.25127 -7.93163 
1793 184.853 1.24952 -7.63412 
1794 184.03 1.24814 -7.33976 
1795 183.192 1.24711 -7.0487 
1796 182.339 1.24644 -6.76111 
1797 181.473 1.24613 -6.47715 
1798 180.592 1.24616 -6.19698 
1799 179.697 1.24655 -5.92077 
1800 178.789 1.24727 -5.64867 
1801 177.867 1.24833 -5.38085 
1802 176.933 1.24973 -5.11734 
1803 175.986 1.25146 -4.85819 
1804 175.028 1.25351 -4.60341 
1805 174.057 1.25588 -4.35305 
1806 173.075 1.25857 -4.10713 
1807 172.083 1.26156 -3.86567 
1808 171.079 1.26485 -3.62873 
1809 170.066 1.26844 -3.39631 
1810 169.043 1.27232 -3.16846 
1811 168.01 1.27649 -2.94521 
1812 166.969 1.28094 -2.72659 
1813 165.919 1.28566 -2.51262 
1814 164.86 1.29064 -2.30334 
1815 163.794 1.29589 -2.09879 
1816 162.721 1.3014 -1.89899 
1817 161.64 1.30715 -1.70397 
1818 160.553 1.31315 -1.51377 
1819 159.46 1.31939 -1.32842 
1820 158.361 1.32585 -1.14795 
1821 157.256 1.33255 -0.972394 
1822 156.147 1.33946 -0.801781 
1823 155.033 1.34658 -0.636145 
1824 153.915 1.3539 -0.475519 
1825 152.793 1.36143 -0.319934 
1826 151.668 1.36915 -0.169423 
1827 150.54 1.37705 -0.024019 
1828 149.409 1.38513 0.116246 
1829 148.277 1.39338 0.251338 
1830 147.143 1.4018 0.381226 
1831 146.008 1.41037 0.505875 
1832 144.872 1.4191 0.625254 
1833 143.735 1.42797 0.739328 
1834 142.599 1.43698 0.848065 
1835 141.464 1.44611 0.951432 
1836 140.329 1.45537 1.04939 
1837 139.196 1.46474 1.14192 
1838 138.064 1.47421 1.22897 
1839 136.935 1.48379 1.31052 
1840 135.809 1.49346 1.38653 
1841 134.686 1.50321 1.45697 
1842 133.567 1.51304 1.5218 
1843 132.451 1.52294 1.581 
1844 131.34 1.5329 1.63451 
1845 130.235 1.54291 1.68232 
1846 129.134 1.55297 1.72439 
1847 128.04 1.56306 1.76068 
1848 126.952 1.57318 1.79115 
1849 125.871 1.58332 1.81578 
1850 124.797 1.59348 1.83453 
1851 123.731 1.60363 1.84738 
1852 122.673 1.61379 1.85436 
1853 121.623 1.62394 1.85553 
1854 120.581 1.63409 1.85094 
1855 119.548 1.64422 1.84065 
1856 118.524 1.65433 1.8247 
1857 117.509 1.66442 1.80315 
1858 116.502 1.67449 1.77606 
1859 115.506 1.68452 1.74348 
1860 114.519 1.69452 1.70548 
1861 113.541 1.70448 1.66209 
1862 112.574 1.7144 1.6134 
1863 111.616 1.72427 1.55945 
1864 110.67 1.73409 1.5003 
1865 109.733 1.74385 1.43601 
1866 108.808 1.75354 1.36665 
1867 107.894 1.76317 1.29227 
1868 106.99 1.77273 1.21294 
1869 106.099 1.78222 1.12872 
1870 105.219 1.79162 1.03967 
1871 104.35 1.80094 0.945857 
1872 103.494 1.81017 0.847349 
1873 102.65 1.8193 0.744209 
1874 101.819 1.82833 0.636503 
1875 101 1.83726 0.524299 
1876 100.195 1.84608 0.407664 
1877 99.4022 1.85478 0.286666 
1878 98.623 1.86336 0.161376 
1879 97.8574 1.87182 0.0318627 
1880 97.1056 1.88014 -0.101803 
1881 96.3679 1.88833 -0.23955 
1882 95.6444 1.89638 -0.381306 
1883 94.9353 1.90429 -0.526997 
1884 94.241 1.91204 -0.676551 
1885 93.5615 1.91964 -0.829892 
1886 92.8972 1.92707 -0.986947 
1887 92.2482 1.93434 -1.14764 
1888 91.6149 1.94143 -1.31189 
1889 90.9973 1.94834 -1.47962 
1890 90.3958 1.95507 -1.65076 
1891 89.8105 1.96162 -1.82522 
1892 89.2418 1.96796 -2.00293 
1893 88.6897 1.97411 -2.18381 
1894 88.1546 1.98004 -2.36777 
1895 87.6367 1.98577 -2.55473 
1896 87.1362 1.99128 -2.74461 
1897 86.6533 1.99656 -2.93732 
1898 86.1883 2.00162 -3.13279 
1899 85.7415 2.00643 -3.33092 
1900 85.313 2.01101 -3.53163 
1901 84.903 2.01534 -3.73484 
1902 84.5114 2.01942 -3.94042 
1903 84.1381 2.02326 -4.1483 
1904 83.783 2.02685 -4.35834 
1905 83.446 2.0302 -4.57045 
1906 83.1268 2.03331 -4.78452 
1907 82.8254 2.03617 -5.00043 
1908 82.5415 2.03879 -5.21808 
1909 82.2751 2.04117 -5.43736 
1910 82.026 2.04332 -5.65814 
1911 81.7941 2.04522 -5.88032 
1912 81.5792 2.04689 -6.10379 
1913 81.3812 2.04832 -6.32841 
1914 81.1998 2.04952 -6.55409 
1915 81.0351 2.05049 -6.7807 
1916 80.8868 2.05122 -7.00812 
1917 80.7547 2.05172 -7.23623 
1918 80.6388 2.05199 -7.46491 
1919 80.5389 2.05203 -7.69404 
1920 80.4548 2.05184 -7.92349 
1921 80.3863 2.05143 -8.15315 
1922 80.3334 2.05079 -8.38288 
1923 80.2958 2.04993 -8.61256 
1924 80.2734 2.04885 -8.84207 
1925 80.266 2.04754 -9.07127 
1926 80.2736 2.04602 -9.30003 
1927 80.2959 2.04427 -9.52823 
1928 80.3327 2.04231 -9.75574 
1929 80.384 2.04013 -9.98241 
1930 80.4495 2.03774 -10.2081 
1931 80.5291 2.03513 -10.4327 
1932 80.6226 2.03231 -10.6561 
1933 80.7299 2.02928 -10.8781 
1934 80.8508 2.02605 -11.0986 
1935 80.9851 2.0226 -11.3175 
1936 81.1327 2.01895 -11.5346 
1937 81.2934 2.0151 -11.7497 
1938 81.4671 2.01104 -11.9628 
1939 81.6535 2.00678 -12.1737 
1940 81.8525 2.00232 -12.3822 
1941 82.064 1.99766 -12.5882 
1942 82.2877 1.9928 -12.7915 
1943 82.5235 1.98775 -12.9921 
1944 82.7712 1.98251 -13.1897 
1945 83.0307 1.97708 -13.3842 
1946 83.3018 1.97145 -13.5755 
1947 83.5842 1.96564 -13.7634 
1948 83.8779 1.95964 -13.9477 
1949 84.1826 1.95345 -14.1283 
1950 84.4982 1.94709 -14.3051 
1951 84.8245 1.94054 -14.4778 
1952 85.1613 1.93381 -14.6466 
1953 85.5085 1.9269 -14.8116 
1954 85.8658 1.91982 -14.9727 
1955 86.2331 1.91257 -15.1301 
1956 86.6103 1.90514 -15.2838 
1957 86.9971 1.89754 -15.4338 
1958 87.3934 1.88978 -15.5804 
1959 87.799 1.88185 -15.7234 
1960 88.2137 1.87376 -15.8631 
1961 88.6373 1.8655 -15.9994 
1962 89.0697 1.85709 -16.1325 
1963 89.5107 1.84852 -16.2625 
1964 89.96 1.8398 -16.3893 
1965 90.4176 1.83092 -16.5131 
1966 90.8832 1.8219 -16.6339 
1967 91.3567 1.81272 -16.7518 
1968 91.8378 1.8034 -16.867 
1969 92.3263 1.79394 -16.9795 
1970 92.8222 1.78433 -17.0893 
1971 93.3252 1.77459 -17.1965 
1972 93.835 1.76471 -17.3013 
1973 94.3516 1.75469 -17.4036 
1974 94.8747 1.74454 -17.5037 
1975 95.4042 1.73427 -17.6015 
1976 95.9398 1.72387 -17.6972 
1977 96.4813 1.71334 -17.7908 
1978 97.0287 1.70269 -17.8824 
1979 97.5815 1.69192 -17.9721 
1980 98.1398 1.68104 -18.06 
1981 98.7032 1.67004 -18.1462 
1982 99.2717 1.65893 -18.2308 
1983 99.8449 1.6477 -18.3138 
1984 100.423 1.63638 -18.3953 
1985 101.005 1.62495 -18.4755 
1986 101.591 1.61342 -18.5544 
1987 102.181 1.60179 -18.6322 
1988 102.776 1.59006 -18.7088 
1989 103.373 1.57824 -18.7845 
1990 103.974 1.56633 -18.8592 
1991 104.579 1.55434 -18.9331 
1992 105.186 1.54226 -19.0064 
1993 105.796 1.5301 -19.079 
1994 106.408 1.51786 -19.1511 
1995 107.023 1.50554 -19.2227 
1996 107.64 1.49315 -19.2941 
1997 108.259 1.48069 -19.3652 
1998 108.88 1.46816 -19.4362 
1999 109.502 1.45557 -19.5072 
2000 110.125 1.44292 -19.5783 
